Timestamp,BATTERY_PROPERTY_CURRENT_NOW,EXTRA_VOLTAGE
1689018761624,-107,4118
1689018761629,-107,4118
1689018761634,-107,4118
1689018761638,-107,4118
1689018761643,-107,4118
1689018761647,-107,4118
1689018761652,-107,4118
1689018761657,-107,4118
1689018761662,-107,4118
1689018761667,-107,4118
1689018761672,-107,4118
1689018761677,-107,4118
1689018761681,-107,4118
1689018761685,-107,4118
1689018761690,-107,4118
1689018761695,-107,4118
1689018761699,-107,4118
1689018761703,-107,4118
1689018761708,-107,4118
1689018761712,-107,4118
1689018761715,-107,4118
1689018761720,-107,4118
1689018761724,-107,4118
1689018761729,-107,4118
1689018761734,-107,4118
1689018761740,-107,4118
1689018761744,-107,4118
1689018761748,-107,4118
1689018761752,-107,4118
1689018761755,-107,4118
1689018761759,-107,4118
1689018761763,-107,4118
1689018761766,-107,4118
1689018761770,-107,4118
1689018761774,-107,4118
1689018761778,-107,4118
1689018761782,-107,4118
1689018761786,-107,4118
1689018761789,-107,4118
1689018761793,-107,4118
1689018761797,-107,4118
1689018761801,-107,4118
1689018761804,-107,4118
1689018761808,-107,4118
1689018761813,-107,4118
1689018761817,-107,4118
1689018761821,-107,4118
1689018761825,-107,4118
1689018761829,-107,4118
1689018761833,-107,4118
1689018761839,-107,4118
1689018761843,-107,4118
1689018761847,-107,4118
1689018761851,-107,4118
1689018761854,-107,4118
1689018761858,-107,4118
1689018761861,-107,4118
1689018761865,-107,4118
1689018761869,-107,4118
1689018761872,-107,4118
1689018761877,-107,4118
1689018761881,-107,4118
1689018761885,-107,4118
1689018761889,-107,4118
1689018761894,-107,4118
1689018761899,-107,4118
1689018761902,-107,4118
1689018761906,-107,4118
1689018761909,-107,4118
1689018761913,-107,4118
1689018761918,-107,4118
1689018761922,-107,4118
1689018761927,-107,4118
1689018761930,-107,4118
1689018761935,-107,4118
1689018761939,-107,4118
1689018761942,-107,4118
1689018761946,-107,4118
1689018761950,-107,4118
1689018761953,-107,4118
1689018761958,-107,4118
1689018761961,-107,4118
1689018761965,-107,4118
1689018761969,-107,4118
1689018761973,-107,4118
1689018761977,-107,4118
1689018761981,-107,4118
1689018761985,-107,4118
1689018761988,-107,4118
1689018761991,-107,4118
1689018761995,-107,4118
1689018761998,-107,4118
1689018762002,-107,4118
1689018762006,-107,4118
1689018762010,-107,4118
1689018762013,-107,4118
1689018762017,-107,4118
1689018762021,-107,4118
1689018762024,-107,4118
1689018762028,-107,4118
1689018762031,-107,4118
1689018762035,-107,4118
1689018762038,-107,4118
1689018762042,-107,4118
1689018762046,-107,4118
1689018762050,-107,4118
1689018762053,-107,4118
1689018762058,-107,4118
1689018762062,-107,4118
1689018762066,-107,4118
1689018762070,-107,4118
1689018762075,-107,4118
1689018762079,-107,4118
1689018762082,-107,4118
1689018762086,-107,4118
1689018762090,-107,4118
1689018762094,-107,4118
1689018762098,-107,4118
1689018762102,-107,4118
1689018762106,-107,4118
1689018762110,-107,4118
1689018762114,-107,4118
1689018762118,-107,4118
1689018762121,-107,4118
1689018762125,-107,4118
1689018762129,-107,4118
1689018762132,-107,4118
1689018762136,-107,4118
1689018762139,-107,4118
1689018762143,-107,4118
1689018762146,-107,4118
1689018762150,-107,4118
1689018762153,-107,4118
1689018762157,-107,4118
1689018762161,-107,4118
1689018762165,-107,4118
1689018762169,-107,4118
1689018762174,-107,4118
1689018762179,-107,4118
1689018762182,-107,4118
1689018762186,-107,4118
1689018762189,-107,4118
1689018762193,-107,4118
1689018762196,-107,4118
1689018762199,-107,4118
1689018762203,-107,4118
1689018762206,-107,4118
1689018762210,-107,4118
1689018762213,-107,4118
1689018762217,-107,4118
1689018762221,-107,4118
1689018762226,-107,4118
1689018762230,-107,4118
1689018762235,-107,4118
1689018762239,-107,4118
1689018762242,-107,4118
1689018762246,-107,4118
1689018762250,-107,4118
1689018762253,-107,4118
1689018762257,-107,4118
1689018762260,-107,4118
1689018762264,-107,4118
1689018762267,-107,4118
1689018762270,-107,4118
1689018762274,-107,4118
1689018762277,-107,4118
1689018762281,-107,4118
1689018762284,-107,4118
1689018762288,-107,4118
1689018762291,-107,4118
1689018762295,-107,4118
1689018762298,-107,4118
1689018762302,-107,4118
1689018762305,-107,4118
1689018762309,-107,4118
1689018762312,-107,4118
1689018762316,-107,4118
1689018762319,-107,4118
1689018762322,-107,4118
1689018762326,-107,4118
1689018762330,-107,4118
1689018762333,-107,4118
1689018762337,-107,4118
1689018762340,-107,4118
1689018762343,-107,4118
1689018762347,-107,4118
1689018762350,-107,4118
1689018762354,-107,4118
1689018762358,-107,4118
1689018762361,-107,4118
1689018762365,-107,4118
1689018762369,-107,4118
1689018762372,-107,4118
1689018762375,-107,4118
1689018762379,-107,4118
1689018762382,-107,4118
1689018762386,-107,4118
1689018762391,-107,4118
1689018762394,-107,4118
1689018762397,-107,4118
1689018762401,-107,4118
1689018762404,-107,4118
1689018762407,-107,4118
1689018762411,-107,4118
1689018762414,-107,4118
1689018762418,-107,4118
1689018762422,-107,4118
1689018762425,-107,4118
1689018762429,-107,4118
1689018762433,-107,4118
1689018762436,-107,4118
1689018762439,-107,4118
1689018762442,-107,4118
1689018762446,-107,4118
1689018762449,-107,4118
1689018762453,-107,4118
1689018762456,-107,4118
1689018762460,-107,4118
1689018762463,-107,4118
1689018762466,-107,4118
1689018762470,-107,4118
1689018762473,-107,4118
1689018762477,-107,4118
1689018762480,-107,4118
1689018762483,-107,4118
1689018762487,-107,4118
1689018762490,-107,4118
1689018762494,-107,4118
1689018762497,-107,4118
1689018762500,-107,4118
1689018762504,-107,4118
1689018762507,-107,4118
1689018762510,-107,4118
1689018762514,-107,4118
1689018762517,-107,4118
1689018762521,-107,4118
1689018762524,-107,4118
1689018762527,-107,4118
1689018762531,-107,4118
1689018762534,-107,4118
1689018762538,-107,4118
1689018762541,-107,4118
1689018762544,-107,4118
1689018762547,-107,4118
1689018762551,-107,4118
1689018762555,-107,4118
1689018762558,-107,4118
1689018762561,-107,4118
1689018762564,-107,4118
1689018762567,-107,4118
1689018762571,-107,4118
1689018762574,-107,4118
1689018762578,-107,4118
1689018762581,-107,4118
1689018762584,-107,4118
1689018762588,-107,4118
1689018762591,-107,4118
1689018762594,-107,4118
1689018762598,-107,4118
1689018762601,-107,4118
1689018762605,-107,4118
1689018762608,-107,4118
1689018762611,-107,4118
1689018762614,-107,4118
1689018762618,-107,4118
1689018762621,-107,4118
1689018762624,-107,4118
1689018762628,-107,4118
1689018762631,-107,4118
1689018762634,-107,4118
1689018762638,-107,4118
1689018762641,-107,4118
1689018762645,-107,4118
1689018762648,-107,4118
1689018762651,-107,4118
1689018762655,-107,4118
1689018762658,-107,4118
1689018762662,-107,4118
1689018762665,-107,4118
1689018762668,-107,4118
1689018762671,-107,4118
1689018762675,-107,4118
1689018762678,-107,4118
1689018762682,-107,4118
1689018762685,-107,4118
1689018762689,-107,4118
1689018762692,-107,4118
1689018762695,-107,4118
1689018762699,-107,4118
1689018762703,-107,4118
1689018762706,-107,4118
1689018762709,-107,4118
1689018762713,-107,4118
1689018762716,-107,4118
1689018762720,-107,4118
1689018762723,-107,4118
1689018762727,-107,4118
1689018762730,-107,4118
1689018762734,-107,4118
1689018762738,-107,4118
1689018762741,-107,4118
1689018762744,-107,4118
1689018762748,-107,4118
1689018762751,-107,4118
1689018762755,-107,4118
1689018762758,-107,4118
1689018762761,-107,4118
1689018762764,-107,4118
1689018762767,-107,4118
1689018762771,-107,4118
1689018762774,-107,4118
1689018762777,-107,4118
1689018762780,-107,4118
1689018762783,-107,4118
1689018762787,-107,4118
1689018762790,-107,4118
1689018762793,-107,4118
1689018762797,-107,4118
1689018762800,-107,4118
1689018762804,-107,4118
1689018762808,-107,4118
1689018762811,-107,4118
1689018762815,-107,4118
1689018762818,-107,4118
1689018762822,-107,4118
1689018762826,-107,4118
1689018762829,-107,4118
1689018762833,-107,4118
1689018762837,-107,4118
1689018762841,-107,4118
1689018762844,-107,4118
1689018762848,-107,4118
1689018762852,-107,4118
1689018762856,-107,4118
1689018762860,-107,4118
1689018762864,-107,4118
1689018762868,-107,4118
1689018762872,-107,4118
1689018762876,-107,4118
1689018762880,-107,4118
1689018762884,-107,4118
1689018762888,-107,4118
1689018762892,-107,4118
1689018762896,-107,4118
1689018762900,-107,4118
1689018762904,-107,4118
1689018762908,-107,4118
1689018762911,-107,4118
1689018762915,-107,4118
1689018762919,-107,4118
1689018762923,-107,4118
1689018762927,-107,4118
1689018762931,-107,4118
1689018762935,-107,4118
1689018762939,-107,4118
1689018762943,-107,4118
1689018762947,-107,4118
1689018762950,-107,4118
1689018762954,-107,4118
1689018762958,-107,4118
1689018762964,-107,4118
1689018762970,-107,4118
1689018762976,-107,4118
1689018762982,-107,4118
1689018762988,-107,4118
1689018762994,-107,4118
1689018763000,-107,4118
1689018763006,-107,4118
1689018763012,-107,4118
1689018763018,-107,4118
1689018763024,-107,4118
1689018763030,-107,4118
1689018763036,-107,4118
1689018763042,-107,4118
1689018763048,-107,4118
1689018763053,-107,4118
1689018763059,-107,4118
1689018763065,-107,4118
1689018763071,-107,4118
1689018763077,-107,4118
1689018763082,-107,4118
1689018763088,-107,4118
1689018763094,-107,4118
1689018763100,-107,4118
1689018763106,-107,4118
1689018763112,-107,4118
1689018763118,-107,4118
1689018763124,-107,4118
1689018763130,-107,4118
1689018763136,-107,4118
1689018763143,-107,4118
1689018763149,-107,4118
1689018763154,-107,4118
1689018763160,-107,4118
1689018763166,-107,4118
1689018763171,-107,4118
1689018763176,-107,4118
1689018763181,-107,4118
1689018763186,-107,4118
1689018763192,-107,4118
1689018763198,-107,4118
1689018763204,-107,4118
1689018763210,-107,4118
1689018763216,-107,4118
1689018763221,-107,4118
1689018763227,-107,4118
1689018763233,-107,4118
1689018763239,-107,4118
1689018763245,-107,4118
1689018763251,-107,4118
1689018763257,-107,4118
1689018763263,-107,4118
1689018763269,-107,4118
1689018763275,-107,4118
1689018763281,-107,4118
1689018763287,-107,4118
1689018763292,-107,4118
1689018763298,-107,4118
1689018763304,-107,4118
1689018763310,-107,4118
1689018763316,-107,4118
1689018763322,-107,4118
1689018763328,-107,4118
1689018763334,-107,4118
1689018763340,-107,4118
1689018763346,-107,4118
1689018763352,-107,4118
1689018763359,-107,4118
1689018763367,-107,4118
1689018763375,-107,4118
1689018763383,-107,4118
1689018763391,-107,4118
1689018763399,-107,4118
1689018763406,-107,4118
1689018763411,-107,4118
1689018763416,-107,4118
1689018763420,-107,4118
1689018763425,-107,4118
1689018763430,-107,4118
1689018763434,-107,4118
1689018763438,-107,4118
1689018763443,-107,4118
1689018763447,-107,4118
1689018763451,-107,4118
1689018763456,-107,4118
1689018763460,-107,4118
1689018763464,-107,4118
1689018763469,-107,4118
1689018763473,-107,4118
1689018763478,-107,4118
1689018763483,-107,4118
1689018763487,-107,4118
1689018763492,-107,4118
1689018763497,-107,4118
1689018763502,-107,4118
1689018763508,-107,4118
1689018763513,-107,4118
1689018763518,-107,4118
1689018763524,-107,4118
1689018763530,-107,4118
1689018763535,-107,4118
1689018763540,-107,4118
1689018763546,-107,4118
1689018763551,-107,4118
1689018763556,-107,4118
1689018763561,-107,4118
1689018763566,-107,4118
1689018763572,-107,4118
1689018763577,-107,4118
1689018763582,-107,4118
1689018763587,-107,4118
1689018763592,-107,4118
1689018763597,-107,4118
1689018763603,-107,4118
1689018763608,-107,4118
1689018763613,-107,4118
1689018763618,-107,4118
1689018763623,-107,4118
1689018763628,-107,4118
1689018763634,-107,4118
1689018763639,-107,4118
1689018763644,-107,4118
1689018763649,-107,4118
1689018763654,-107,4118
1689018763659,-107,4118
1689018763664,-107,4118
1689018763670,-107,4118
1689018763674,-107,4118
1689018763680,-107,4118
1689018763685,-107,4118
1689018763690,-107,4118
1689018763696,-107,4118
1689018763701,-107,4118
1689018763707,-107,4118
1689018763713,-107,4118
1689018763718,-107,4118
1689018763724,-107,4118
1689018763730,-107,4118
1689018763736,-107,4118
1689018763741,-107,4118
1689018763747,-107,4118
1689018763754,-107,4118
1689018763760,-107,4118
1689018763765,-107,4118
1689018763772,-107,4118
1689018763778,-107,4118
1689018763785,-107,4118
1689018763792,-107,4118
1689018763799,-107,4118
1689018763805,-107,4118
1689018763812,-107,4118
1689018763819,-107,4118
1689018763826,-107,4118
1689018763833,-107,4118
1689018763839,-107,4118
1689018763846,-107,4118
1689018763853,-107,4118
1689018763860,-107,4118
1689018763867,-107,4118
1689018763874,-107,4118
1689018763880,-107,4118
1689018763887,-107,4118
1689018763894,-107,4118
1689018763900,-107,4118
1689018763907,-107,4118
1689018763914,-107,4118
1689018763920,-107,4118
1689018763927,-107,4118
1689018763935,-107,4118
1689018763943,-107,4118
1689018763948,-107,4118
1689018763953,-107,4118
1689018763957,-107,4118
1689018763962,-107,4118
1689018763967,-107,4118
1689018763971,-107,4118
1689018763976,-107,4118
1689018763980,-107,4118
1689018763984,-107,4118
1689018763989,-107,4118
1689018763993,-107,4118
1689018763998,-107,4118
1689018764002,-107,4118
1689018764007,-107,4118
1689018764012,-107,4118
1689018764018,-107,4118
1689018764023,-107,4118
1689018764028,-107,4118
1689018764034,-107,4118
1689018764039,-107,4118
1689018764044,-107,4118
1689018764049,-107,4118
1689018764054,-107,4118
1689018764060,-107,4118
1689018764065,-107,4118
1689018764071,-107,4118
1689018764076,-107,4118
1689018764082,-107,4118
1689018764095,-107,4118
1689018764102,-107,4118
1689018764108,-107,4118
1689018764114,-107,4118
1689018764118,-107,4118
1689018764123,-107,4118
1689018764127,-107,4118
1689018764131,-107,4118
1689018764136,-107,4118
1689018764140,-107,4118
1689018764144,-107,4118
1689018764149,-107,4118
1689018764153,-107,4118
1689018764158,-107,4118
1689018764162,-107,4118
1689018764167,-107,4118
1689018764171,-107,4118
1689018764175,-107,4118
1689018764180,-107,4118
1689018764185,-107,4118
1689018764190,-107,4118
1689018764195,-107,4118
1689018764200,-107,4118
1689018764205,-107,4118
1689018764210,-107,4118
1689018764214,-107,4118
1689018764220,-107,4118
1689018764225,-107,4118
1689018764230,-107,4118
1689018764236,-107,4118
1689018764241,-107,4118
1689018764246,-107,4118
1689018764252,-107,4118
1689018764257,-107,4118
1689018764262,-107,4118
1689018764268,-107,4118
1689018764273,-107,4118
1689018764279,-107,4118
1689018764286,-107,4118
1689018764292,-107,4118
1689018764299,-107,4118
1689018764305,-107,4118
1689018764312,-107,4118
1689018764318,-107,4118
1689018764325,-107,4118
1689018764332,-107,4118
1689018764338,-107,4118
1689018764344,-107,4118
1689018764350,-107,4118
1689018764357,-107,4118
1689018764363,-107,4118
1689018764370,-107,4118
1689018764376,-107,4118
1689018764383,-107,4118
1689018764389,-107,4118
1689018764395,-107,4118
1689018764402,-107,4118
1689018764408,-107,4118
1689018764415,-107,4118
1689018764422,-107,4118
1689018764428,-107,4118
1689018764435,-107,4118
1689018764441,-107,4118
1689018764448,-107,4118
1689018764454,-107,4118
1689018764461,-107,4118
1689018764467,-107,4118
1689018764474,-107,4118
1689018764480,-107,4118
1689018764487,-107,4118
1689018764493,-107,4118
1689018764499,-107,4118
1689018764506,-107,4118
1689018764513,-107,4118
1689018764519,-107,4118
1689018764526,-107,4118
1689018764534,-107,4118
1689018764541,-107,4118
1689018764548,-107,4118
1689018764555,-107,4118
1689018764563,-107,4118
1689018764570,-107,4118
1689018764578,-107,4118
1689018764585,-107,4118
1689018764592,-107,4118
1689018764599,-107,4118
1689018764607,-107,4118
1689018764614,-107,4118
1689018764622,-107,4118
1689018764629,-107,4118
1689018764636,-107,4118
1689018764643,-107,4118
1689018764651,-107,4118
1689018764658,-107,4118
1689018764666,-107,4118
1689018764673,-107,4118
1689018764681,-107,4118
1689018764688,-107,4118
1689018764695,-107,4118
1689018764702,-107,4118
1689018764710,-107,4118
1689018764717,-107,4118
1689018764725,-107,4118
1689018764732,-107,4118
1689018764740,-107,4118
1689018764747,-107,4118
1689018764754,-107,4118
1689018764762,-107,4118
1689018764769,-107,4118
1689018764776,-107,4118
1689018764784,-107,4118
1689018764791,-107,4118
1689018764798,-107,4118
1689018764806,-107,4118
1689018764813,-107,4118
1689018764821,-107,4118
1689018764829,-107,4118
1689018764836,-107,4118
1689018764843,-107,4118
1689018764850,-107,4118
1689018764858,-107,4118
1689018764865,-107,4118
1689018764872,-107,4118
1689018764879,-107,4118
1689018764887,-107,4118
1689018764894,-107,4118
1689018764902,-107,4118
1689018764909,-107,4118
1689018764916,-107,4118
1689018764923,-107,4118
1689018764930,-107,4118
1689018764937,-107,4118
1689018764944,-107,4118
1689018764951,-107,4118
1689018764959,-107,4118
1689018764966,-107,4118
1689018764973,-107,4118
1689018764980,-107,4118
1689018764988,-107,4118
1689018764994,-107,4118
1689018765002,-107,4118
1689018765009,-107,4118
1689018765016,-107,4118
1689018765023,-107,4118
1689018765030,-107,4118
1689018765037,-107,4118
1689018765044,-107,4118
1689018765052,-107,4118
1689018765059,-107,4118
1689018765066,-107,4118
1689018765073,-107,4118
1689018765080,-107,4118
1689018765087,-107,4118
1689018765095,-107,4118
1689018765102,-107,4118
1689018765109,-107,4118
1689018765116,-107,4118
1689018765123,-107,4118
1689018765130,-107,4118
1689018765138,-107,4118
1689018765144,-107,4118
1689018765151,-107,4118
1689018765158,-107,4118
1689018765165,-107,4118
1689018765172,-107,4118
1689018765179,-107,4118
1689018765187,-107,4118
1689018765194,-107,4118
1689018765201,-107,4118
1689018765208,-107,4118
1689018765215,-107,4118
1689018765222,-107,4118
1689018765229,-107,4118
1689018765236,-107,4118
1689018765243,-107,4118
1689018765250,-107,4118
1689018765258,-107,4118
1689018765265,-107,4118
1689018765272,-107,4118
1689018765279,-107,4118
1689018765286,-107,4118
1689018765293,-107,4118
1689018765300,-107,4118
1689018765308,-107,4118
1689018765315,-107,4118
1689018765322,-107,4118
1689018765329,-107,4118
1689018765337,-107,4118
1689018765344,-107,4118
1689018765352,-107,4118
1689018765358,-107,4118
1689018765364,-107,4118
1689018765370,-107,4118
1689018765376,-107,4118
1689018765383,-107,4118
1689018765389,-107,4118
1689018765395,-107,4118
1689018765401,-107,4118
1689018765408,-107,4118
1689018765414,-107,4118
1689018765420,-107,4118
1689018765427,-107,4118
1689018765433,-107,4118
1689018765440,-107,4118
1689018765446,-107,4118
1689018765452,-107,4118
1689018765458,-107,4118
1689018765465,-107,4118
1689018765471,-107,4118
1689018765477,-107,4118
1689018765483,-107,4118
1689018765490,-107,4118
1689018765496,-107,4118
1689018765503,-107,4118
1689018765511,-107,4118
1689018765518,-107,4118
1689018765525,-107,4118
1689018765533,-107,4118
1689018765540,-107,4118
1689018765547,-107,4118
1689018765554,-107,4118
1689018765561,-107,4118
1689018765568,-107,4118
1689018765575,-107,4118
1689018765582,-107,4118
1689018765590,-107,4118
1689018765597,-107,4118
1689018765604,-107,4118
1689018765611,-107,4118
1689018765619,-107,4118
1689018765626,-107,4118
1689018765634,-107,4118
1689018765641,-107,4118
1689018765648,-107,4118
1689018765655,-107,4118
1689018765662,-107,4118
1689018765669,-107,4118
1689018765676,-107,4118
1689018765683,-107,4118
1689018765690,-107,4118
1689018765698,-107,4118
1689018765705,-107,4118
1689018765712,-107,4118
1689018765719,-107,4118
1689018765726,-107,4118
1689018765734,-107,4118
1689018765741,-107,4118
1689018765748,-107,4118
1689018765756,-107,4118
1689018765763,-107,4118
1689018765770,-107,4118
1689018765778,-107,4118
1689018765785,-107,4118
1689018765793,-107,4118
1689018765800,-107,4118
1689018765807,-107,4118
1689018765815,-107,4118
1689018765822,-107,4118
1689018765829,-107,4118
1689018765837,-107,4118
1689018765844,-107,4118
1689018765851,-107,4118
1689018765858,-107,4118
1689018765865,-107,4118
1689018765872,-107,4118
1689018765879,-107,4118
1689018765887,-107,4118
1689018765894,-107,4118
1689018765901,-107,4118
1689018765908,-107,4118
1689018765915,-107,4118
1689018765923,-107,4118
1689018765930,-107,4118
1689018765937,-107,4118
1689018765945,-107,4118
1689018765952,-107,4118
1689018765959,-107,4118
1689018765966,-107,4118
1689018765973,-107,4118
1689018765980,-107,4118
1689018765987,-107,4118
1689018765994,-107,4118
1689018766001,-107,4118
1689018766008,-107,4118
1689018766016,-107,4118
1689018766023,-107,4118
1689018766031,-107,4118
1689018766038,-107,4118
1689018766045,-107,4118
1689018766052,-107,4118
1689018766059,-107,4118
1689018766066,-107,4118
1689018766073,-107,4118
1689018766081,-107,4118
1689018766088,-107,4118
1689018766095,-107,4118
1689018766103,-107,4118
1689018766110,-107,4118
1689018766117,-107,4118
1689018766124,-107,4118
1689018766131,-107,4118
1689018766138,-107,4118
1689018766146,-107,4118
1689018766153,-107,4118
1689018766160,-107,4118
1689018766167,-107,4118
1689018766174,-107,4118
1689018766182,-107,4118
1689018766189,-107,4118
1689018766196,-107,4118
1689018766203,-107,4118
1689018766210,-107,4118
1689018766218,-107,4118
1689018766225,-107,4118
1689018766232,-107,4118
1689018766240,-107,4118
1689018766247,-107,4118
1689018766254,-107,4118
1689018766261,-107,4118
1689018766268,-107,4118
1689018766275,-107,4118
1689018766282,-107,4118
1689018766289,-107,4118
1689018766296,-107,4118
1689018766304,-107,4118
1689018766311,-107,4118
1689018766318,-107,4118
1689018766325,-107,4118
1689018766332,-107,4118
1689018766339,-107,4118
1689018766347,-107,4118
1689018766354,-107,4118
1689018766362,-107,4118
1689018766369,-107,4118
1689018766376,-107,4118
1689018766383,-107,4118
1689018766391,-107,4118
1689018766398,-107,4118
1689018766405,-107,4118
1689018766412,-107,4118
1689018766419,-107,4118
1689018766427,-107,4118
1689018766434,-107,4118
1689018766441,-107,4118
1689018766448,-107,4118
1689018766455,-107,4118
1689018766463,-107,4118
1689018766471,-107,4118
1689018766478,-107,4118
1689018766485,-107,4118
1689018766493,-107,4118
1689018766500,-107,4118
1689018766508,-107,4118
1689018766515,-107,4118
1689018766522,-107,4118
1689018766530,-107,4118
1689018766537,-107,4118
1689018766544,-107,4118
1689018766551,-107,4118
1689018766558,-107,4118
1689018766566,-107,4118
1689018766572,-107,4118
1689018766580,-107,4118
1689018766587,-107,4118
1689018766594,-107,4118
1689018766601,-107,4118
1689018766608,-107,4118
1689018766616,-107,4118
1689018766623,-107,4118
1689018766630,-107,4118
1689018766637,-107,4118
1689018766645,-107,4118
1689018766652,-107,4118
1689018766659,-107,4118
1689018766666,-107,4118
1689018766673,-107,4118
1689018766680,-107,4118
1689018766687,-107,4118
1689018766695,-107,4118
1689018766702,-107,4118
1689018766709,-107,4118
1689018766716,-107,4118
1689018766723,-107,4118
1689018766730,-107,4118
1689018766737,-107,4118
1689018766744,-107,4118
1689018766751,-107,4118
1689018766758,-107,4118
1689018766765,-107,4118
1689018766772,-107,4118
1689018766780,-107,4118
1689018766787,-107,4118
1689018766794,-107,4118
1689018766801,-107,4118
1689018766808,-107,4118
1689018766816,-107,4118
1689018766823,-107,4118
1689018766830,-107,4118
1689018766837,-107,4118
1689018766845,-107,4118
1689018766852,-107,4118
1689018766859,-107,4118
1689018766866,-107,4118
1689018766873,-107,4118
1689018766880,-107,4118
1689018766887,-107,4118
1689018766895,-107,4118
1689018766902,-107,4118
1689018766909,-107,4118
1689018766916,-107,4118
1689018766924,-107,4118
1689018766931,-107,4118
1689018766938,-107,4118
1689018766945,-107,4118
1689018766952,-107,4118
1689018766960,-107,4118
1689018766967,-107,4118
1689018766974,-107,4118
1689018766981,-107,4118
1689018766988,-107,4118
1689018766995,-107,4118
1689018767002,-107,4118
1689018767009,-107,4118
1689018767017,-107,4118
1689018767024,-107,4118
1689018767031,-107,4118
1689018767038,-107,4118
1689018767046,-107,4118
1689018767053,-107,4118
1689018767060,-107,4118
1689018767067,-107,4118
1689018767074,-107,4118
1689018767081,-107,4118
1689018767088,-107,4118
1689018767096,-107,4118
1689018767103,-107,4118
1689018767110,-107,4118
1689018767117,-107,4118
1689018767124,-107,4118
1689018767131,-107,4118
1689018767138,-107,4118
1689018767144,-107,4118
1689018767151,-107,4118
1689018767158,-107,4118
1689018767166,-107,4118
1689018767172,-107,4118
1689018767179,-107,4118
1689018767186,-107,4118
1689018767194,-107,4118
1689018767201,-107,4118
1689018767208,-107,4118
1689018767215,-107,4118
1689018767222,-107,4118
1689018767229,-107,4118
1689018767236,-107,4118
1689018767243,-107,4118
1689018767250,-107,4118
1689018767258,-107,4118
1689018767264,-107,4118
1689018767271,-107,4118
1689018767278,-107,4118
1689018767285,-107,4118
1689018767292,-107,4118
1689018767299,-107,4118
1689018767307,-107,4118
1689018767314,-107,4118
1689018767321,-107,4118
1689018767328,-107,4118
1689018767335,-107,4118
1689018767342,-107,4118
1689018767349,-107,4118
1689018767356,-107,4118
1689018767364,-107,4118
1689018767371,-107,4118
1689018767378,-107,4118
1689018767385,-107,4118
1689018767392,-107,4118
1689018767399,-107,4118
1689018767406,-107,4118
1689018767413,-107,4118
1689018767420,-107,4118
1689018767427,-107,4118
1689018767435,-107,4118
1689018767441,-107,4118
1689018767449,-107,4118
1689018767456,-107,4118
1689018767463,-107,4118
1689018767470,-107,4118
1689018767477,-107,4118
1689018767485,-107,4118
1689018767492,-107,4118
1689018767499,-107,4118
1689018767506,-107,4118
1689018767513,-107,4118
1689018767520,-107,4118
1689018767526,-107,4118
1689018767534,-107,4118
1689018767541,-107,4118
1689018767548,-107,4118
1689018767555,-107,4118
1689018767562,-107,4118
1689018767569,-107,4118
1689018767576,-107,4118
1689018767583,-107,4118
1689018767590,-107,4118
1689018767597,-107,4118
1689018767604,-107,4118
1689018767611,-107,4118
1689018767618,-107,4118
1689018767625,-107,4118
1689018767632,-107,4118
1689018767639,-107,4118
1689018767646,-107,4118
1689018767654,-107,4118
1689018767661,-107,4118
1689018767668,-107,4118
1689018767675,-107,4118
1689018767682,-107,4118
1689018767689,-107,4118
1689018767696,-107,4118
1689018767703,-107,4118
1689018767710,-107,4118
1689018767717,-107,4118
1689018767724,-107,4118
1689018767731,-107,4118
1689018767739,-107,4118
1689018767746,-107,4118
1689018767753,-107,4118
1689018767760,-107,4118
1689018767767,-107,4118
1689018767775,-107,4118
1689018767782,-107,4118
1689018767788,-107,4118
1689018767795,-107,4118
1689018767803,-107,4118
1689018767810,-107,4118
1689018767817,-107,4118
1689018767824,-107,4118
1689018767831,-107,4118
1689018767838,-107,4118
1689018767846,-107,4118
1689018767853,-107,4118
1689018767860,-107,4118
1689018767867,-107,4118
1689018767874,-107,4118
1689018767881,-107,4118
1689018767888,-107,4118
1689018767895,-107,4118
1689018767903,-107,4118
1689018767910,-107,4118
1689018767917,-107,4118
1689018767924,-107,4118
1689018767931,-107,4118
1689018767939,-107,4118
1689018767946,-107,4118
1689018767953,-107,4118
1689018767960,-107,4118
1689018767967,-107,4118
1689018767974,-107,4118
1689018767981,-107,4118
1689018767988,-107,4118
1689018767995,-107,4118
1689018768002,-107,4118
1689018768009,-107,4118
1689018768016,-107,4118
1689018768024,-107,4118
1689018768031,-107,4118
1689018768038,-107,4118
1689018768045,-107,4118
1689018768052,-107,4118
1689018768059,-107,4118
1689018768066,-107,4118
1689018768074,-107,4118
1689018768081,-107,4118
1689018768088,-107,4118
1689018768095,-107,4118
1689018768103,-107,4118
1689018768110,-107,4118
1689018768117,-107,4118
1689018768124,-107,4118
1689018768130,-107,4118
1689018768137,-107,4118
1689018768145,-107,4118
1689018768152,-107,4118
1689018768159,-107,4118
1689018768166,-107,4118
1689018768173,-107,4118
1689018768180,-107,4118
1689018768187,-107,4118
1689018768194,-107,4118
1689018768201,-107,4118
1689018768208,-107,4118
1689018768215,-107,4118
1689018768223,-107,4118
1689018768229,-107,4118
1689018768237,-107,4118
1689018768244,-107,4118
1689018768251,-107,4118
1689018768257,-107,4118
1689018768264,-107,4118
1689018768271,-107,4118
1689018768278,-107,4118
1689018768285,-107,4118
1689018768292,-107,4118
1689018768298,-107,4118
1689018768306,-107,4118
1689018768313,-107,4118
1689018768320,-107,4118
1689018768326,-107,4118
1689018768330,-107,4118
1689018768335,-107,4118
1689018768339,-107,4118
1689018768343,-107,4118
1689018768347,-107,4118
1689018768351,-107,4118
1689018768356,-107,4118
1689018768365,-107,4118
1689018768370,-107,4118
1689018768374,-107,4118
1689018768379,-107,4118
1689018768383,-107,4118
1689018768387,-107,4118
1689018768391,-107,4118
1689018768395,-107,4118
1689018768399,-107,4118
1689018768403,-107,4118
1689018768407,-107,4118
1689018768411,-107,4118
1689018768415,-107,4118
1689018768419,-107,4118
1689018768423,-107,4118
1689018768427,-107,4118
1689018768431,-107,4118
1689018768436,-107,4118
1689018768440,-107,4118
1689018768444,-107,4118
1689018768448,-107,4118
1689018768452,-107,4118
1689018768456,-107,4118
1689018768459,-107,4118
1689018768463,-107,4118
1689018768467,-107,4118
1689018768471,-107,4118
1689018768474,-107,4118
1689018768478,-107,4118
1689018768482,-107,4118
1689018768486,-107,4118
1689018768490,-107,4118
1689018768494,-107,4118
1689018768498,-107,4118
1689018768502,-107,4118
1689018768506,-107,4118
1689018768510,-107,4118
1689018768515,-107,4118
1689018768519,-107,4118
1689018768524,-107,4118
1689018768528,-107,4118
1689018768532,-107,4118
1689018768537,-107,4118
1689018768541,-107,4118
1689018768545,-107,4118
1689018768550,-107,4118
1689018768554,-107,4118
1689018768559,-107,4118
1689018768563,-107,4118
1689018768567,-107,4118
1689018768572,-107,4118
1689018768576,-107,4118
1689018768580,-107,4118
1689018768584,-107,4118
1689018768589,-107,4118
1689018768593,-107,4118
1689018768598,-107,4118
1689018768603,-107,4118
1689018768608,-107,4118
1689018768613,-107,4118
1689018768618,-107,4118
1689018768623,-107,4118
1689018768628,-107,4118
1689018768633,-107,4118
1689018768638,-107,4118
1689018768644,-107,4118
1689018768649,-107,4118
1689018768654,-107,4118
1689018768660,-107,4118
1689018768665,-107,4118
1689018768670,-107,4118
1689018768676,-107,4118
1689018768681,-107,4118
1689018768686,-107,4118
1689018768692,-107,4118
1689018768698,-107,4118
1689018768704,-107,4118
1689018768710,-107,4118
1689018768716,-107,4118
1689018768722,-107,4118
1689018768728,-107,4118
1689018768734,-107,4118
1689018768741,-107,4118
1689018768748,-107,4118
1689018768755,-107,4118
1689018768762,-107,4118
1689018768768,-107,4118
1689018768775,-107,4118
1689018768782,-107,4118
1689018768789,-107,4118
1689018768796,-107,4118
1689018768803,-107,4118
1689018768809,-107,4118
1689018768816,-107,4118
1689018768823,-107,4118
1689018768830,-107,4118
1689018768837,-107,4118
1689018768844,-107,4118
1689018768851,-107,4118
1689018768858,-107,4118
1689018768865,-107,4118
1689018768872,-107,4118
1689018768879,-107,4118
1689018768886,-107,4118
1689018768893,-107,4118
1689018768900,-107,4118
1689018768907,-107,4118
1689018768914,-107,4118
1689018768921,-107,4118
1689018768927,-107,4118
1689018768934,-107,4118
1689018768941,-107,4118
1689018768948,-107,4118
1689018768955,-107,4118
1689018768962,-107,4118
1689018768969,-107,4118
1689018768976,-107,4118
1689018768983,-107,4118
1689018768990,-107,4118
1689018768996,-107,4118
1689018769003,-107,4118
1689018769010,-107,4118
1689018769016,-107,4118
1689018769023,-107,4118
1689018769030,-107,4118
1689018769038,-107,4118
1689018769044,-107,4118
1689018769051,-107,4118
1689018769058,-107,4118
1689018769065,-107,4118
1689018769072,-107,4118
1689018769079,-107,4118
1689018769085,-107,4118
1689018769092,-107,4118
1689018769099,-107,4118
1689018769106,-107,4118
1689018769113,-107,4118
1689018769120,-107,4118
1689018769126,-107,4118
1689018769133,-107,4118
1689018769139,-107,4118
1689018769146,-107,4118
1689018769152,-107,4118
1689018769163,-107,4118
1689018769170,-107,4118
1689018769177,-107,4118
1689018769184,-107,4118
1689018769190,-107,4118
1689018769197,-107,4118
1689018769201,-107,4118
1689018769206,-107,4118
1689018769210,-107,4118
1689018769214,-107,4118
1689018769218,-107,4118
1689018769222,-107,4118
1689018769227,-107,4118
1689018769231,-107,4118
1689018769235,-107,4118
1689018769239,-107,4118
1689018769243,-107,4118
1689018769247,-107,4118
1689018769251,-107,4118
1689018769255,-107,4118
1689018769259,-107,4118
1689018769262,-107,4118
1689018769266,-107,4118
1689018769270,-107,4118
1689018769273,-107,4118
1689018769277,-107,4118
1689018769280,-107,4118
1689018769284,-107,4118
1689018769287,-107,4118
1689018769291,-107,4118
1689018769295,-107,4118
1689018769298,-107,4118
1689018769302,-107,4118
1689018769305,-107,4118
1689018769309,-107,4118
1689018769313,-107,4118
1689018769317,-107,4118
1689018769322,-107,4118
1689018769326,-107,4118
1689018769331,-107,4118
1689018769335,-107,4118
1689018769340,-107,4118
1689018769344,-107,4118
1689018769348,-107,4118
1689018769353,-107,4118
1689018769357,-107,4118
1689018769362,-107,4118
1689018769366,-107,4118
1689018769371,-107,4118
1689018769375,-107,4118
1689018769380,-107,4118
1689018769384,-107,4118
1689018769388,-107,4118
1689018769393,-107,4118
1689018769397,-107,4118
1689018769401,-107,4118
1689018769406,-107,4118
1689018769411,-107,4118
1689018769416,-107,4118
1689018769421,-107,4118
1689018769426,-107,4118
1689018769431,-107,4118
1689018769436,-107,4118
1689018769442,-107,4118
1689018769447,-107,4118
1689018769452,-107,4118
1689018769457,-107,4118
1689018769462,-107,4118
1689018769467,-107,4118
1689018769472,-107,4118
1689018769477,-107,4118
1689018769482,-107,4118
1689018769487,-107,4118
1689018769492,-107,4118
1689018769497,-107,4118
1689018769502,-107,4118
1689018769507,-107,4118
1689018769513,-107,4118
1689018769520,-107,4118
1689018769526,-107,4118
1689018769533,-107,4118
1689018769539,-107,4118
1689018769546,-107,4118
1689018769552,-107,4118
1689018769559,-107,4118
1689018769566,-107,4118
1689018769572,-107,4118
1689018769579,-107,4118
1689018769586,-107,4118
1689018769592,-107,4118
1689018769599,-107,4118
1689018769605,-107,4118
1689018769612,-107,4118
1689018769619,-107,4118
1689018769625,-107,4118
1689018769632,-107,4118
1689018769638,-107,4118
1689018769645,-107,4118
1689018769651,-107,4118
1689018769658,-107,4118
1689018769664,-107,4118
1689018769671,-107,4118
1689018769677,-107,4118
1689018769684,-107,4118
1689018769691,-107,4118
1689018769697,-107,4118
1689018769704,-107,4118
1689018769710,-107,4118
1689018769717,-107,4118
1689018769724,-107,4118
1689018769730,-107,4118
1689018769737,-107,4118
1689018769743,-107,4118
1689018769750,-107,4118
1689018769756,-107,4118
1689018769763,-107,4118
1689018769769,-107,4118
1689018769776,-107,4118
1689018769782,-107,4118
1689018769788,-107,4118
1689018769795,-107,4118
1689018769801,-107,4118
1689018769808,-107,4118
1689018769815,-107,4118
1689018769821,-107,4118
1689018769828,-107,4118
1689018769834,-107,4118
1689018769841,-107,4118
1689018769847,-107,4118
1689018769854,-107,4118
1689018769860,-107,4118
1689018769866,-107,4118
1689018769873,-107,4118
1689018769879,-107,4118
1689018769886,-107,4118
1689018769892,-107,4118
1689018769898,-107,4118
1689018769905,-107,4118
1689018769911,-107,4118
1689018769918,-107,4118
1689018769925,-107,4118
1689018769931,-107,4118
1689018769938,-107,4118
1689018769945,-107,4118
1689018769951,-107,4118
1689018769958,-107,4118
1689018769965,-107,4118
1689018769972,-107,4118
1689018769978,-107,4118
1689018769984,-107,4118
1689018769991,-107,4118
1689018769997,-107,4118
1689018770003,-107,4118
1689018770010,-107,4118
1689018770016,-107,4118
1689018770022,-107,4118
1689018770029,-107,4118
1689018770036,-107,4118
1689018770042,-107,4118
1689018770049,-107,4118
1689018770055,-107,4118
1689018770061,-107,4118
1689018770068,-107,4118
1689018770074,-107,4118
1689018770081,-107,4118
1689018770087,-107,4118
1689018770094,-107,4118
1689018770100,-107,4118
1689018770107,-107,4118
1689018770113,-107,4118
1689018770120,-107,4118
1689018770127,-107,4118
1689018770133,-107,4118
1689018770140,-107,4118
1689018770146,-107,4118
1689018770154,-107,4118
1689018770160,-107,4118
1689018770167,-107,4118
1689018770173,-107,4118
1689018770180,-107,4118
1689018770186,-107,4118
1689018770192,-107,4118
1689018770199,-107,4118
1689018770206,-107,4118
1689018770213,-107,4118
1689018770221,-107,4118
1689018770228,-107,4118
1689018770234,-107,4118
1689018770241,-107,4118
1689018770247,-107,4118
1689018770254,-107,4118
1689018770260,-107,4118
1689018770267,-107,4118
1689018770273,-107,4118
1689018770279,-107,4118
1689018770286,-107,4118
1689018770292,-107,4118
1689018770298,-107,4118
1689018770304,-107,4118
1689018770311,-107,4118
1689018770317,-107,4118
1689018770324,-107,4118
1689018770330,-107,4118
1689018770336,-107,4118
1689018770343,-107,4118
1689018770349,-107,4118
1689018770357,-107,4118
1689018770364,-107,4118
1689018770370,-107,4118
1689018770376,-107,4118
1689018770382,-107,4118
1689018770388,-107,4118
1689018770394,-107,4118
1689018770401,-107,4118
1689018770407,-107,4118
1689018770413,-107,4118
1689018770420,-107,4118
1689018770426,-107,4118
1689018770432,-107,4118
1689018770439,-107,4118
1689018770445,-107,4118
1689018770451,-107,4118
1689018770458,-107,4118
1689018770464,-107,4118
1689018770470,-107,4118
1689018770476,-107,4118
1689018770483,-107,4118
1689018770489,-107,4118
1689018770495,-107,4118
1689018770501,-107,4118
1689018770507,-107,4118
1689018770514,-107,4118
1689018770520,-107,4118
1689018770527,-107,4118
1689018770533,-107,4118
1689018770540,-107,4118
1689018770546,-107,4118
1689018770552,-107,4118
1689018770559,-107,4118
1689018770565,-107,4118
1689018770571,-107,4118
1689018770578,-107,4118
1689018770584,-107,4118
1689018770590,-107,4118
1689018770596,-107,4118
1689018770603,-107,4118
1689018770609,-107,4118
1689018770615,-107,4118
1689018770621,-107,4118
1689018770628,-107,4118
1689018770635,-107,4118
1689018770641,-107,4118
1689018770647,-107,4118
1689018770653,-107,4118
1689018770660,-107,4118
1689018770666,-107,4118
1689018770672,-107,4118
1689018770679,-107,4118
1689018770685,-107,4118
1689018770691,-107,4118
1689018770697,-107,4118
1689018770703,-107,4118
1689018770710,-107,4118
1689018770716,-107,4118
1689018770722,-107,4118
1689018770729,-107,4118
1689018770735,-107,4118
1689018770741,-107,4118
1689018770747,-107,4118
1689018770753,-107,4118
1689018770760,-107,4118
1689018770767,-107,4118
1689018770773,-107,4118
1689018770779,-107,4118
1689018770786,-107,4118
1689018770792,-107,4118
1689018770798,-107,4118
1689018770804,-107,4118
1689018770810,-107,4118
1689018770816,-107,4118
1689018770823,-107,4118
1689018770829,-107,4118
1689018770835,-107,4118
1689018770841,-107,4118
1689018770848,-107,4118
1689018770854,-107,4118
1689018770860,-107,4118
1689018770866,-107,4118
1689018770872,-107,4118
1689018770878,-107,4118
1689018770884,-107,4118
1689018770890,-107,4118
1689018770896,-107,4118
1689018770902,-107,4118
1689018770908,-107,4118
1689018770914,-107,4118
1689018770920,-107,4118
1689018770926,-107,4118
1689018770932,-107,4118
1689018770938,-107,4118
1689018770945,-107,4118
1689018770951,-107,4118
1689018770957,-107,4118
1689018770963,-107,4118
1689018770970,-107,4118
1689018770976,-107,4118
1689018770982,-107,4118
1689018770988,-107,4118
1689018770994,-107,4118
1689018771000,-107,4118
1689018771006,-107,4118
1689018771012,-107,4118
1689018771019,-107,4118
1689018771025,-107,4118
1689018771031,-107,4118
1689018771037,-107,4118
1689018771044,-107,4118
1689018771050,-107,4118
1689018771056,-107,4118
1689018771062,-107,4118
1689018771068,-107,4118
1689018771074,-107,4118
1689018771080,-107,4118
1689018771086,-107,4118
1689018771092,-107,4118
1689018771099,-107,4118
1689018771105,-107,4118
1689018771111,-107,4118
1689018771117,-107,4118
1689018771123,-107,4118
1689018771129,-107,4118
1689018771135,-107,4118
1689018771142,-107,4118
1689018771148,-107,4118
1689018771154,-107,4118
1689018771160,-107,4118
1689018771166,-107,4118
1689018771172,-107,4118
1689018771178,-107,4118
1689018771184,-107,4118
1689018771190,-107,4118
1689018771196,-107,4118
1689018771203,-107,4118
1689018771209,-107,4118
1689018771215,-107,4118
1689018771221,-107,4118
1689018771227,-107,4118
1689018771234,-107,4118
1689018771240,-107,4118
1689018771246,-107,4118
1689018771252,-107,4118
1689018771259,-107,4118
1689018771265,-107,4118
1689018771271,-107,4118
1689018771277,-107,4118
1689018771283,-107,4118
1689018771289,-107,4118
1689018771295,-107,4118
1689018771301,-107,4118
1689018771307,-107,4118
1689018771313,-107,4118
1689018771319,-107,4118
1689018771325,-107,4118
1689018771331,-107,4118
1689018771337,-107,4118
1689018771343,-107,4118
1689018771349,-376,4118
1689018771355,-376,4118
1689018771361,-376,4118
1689018771367,-376,4118
1689018771374,-376,4118
1689018771380,-376,4118
1689018771386,-376,4118
1689018771392,-376,4118
1689018771399,-376,4118
1689018771402,-376,4118
1689018771406,-376,4118
1689018771410,-376,4118
1689018771414,-376,4118
1689018771418,-376,4118
1689018771421,-376,4118
1689018771425,-376,4118
1689018771428,-376,4118
1689018771432,-376,4118
1689018771435,-376,4118
1689018771439,-376,4118
1689018771442,-376,4118
1689018771446,-376,4118
1689018771450,-376,4118
1689018771453,-376,4118
1689018771456,-376,4118
1689018771460,-376,4118
1689018771464,-376,4118
1689018771467,-376,4118
1689018771471,-376,4118
1689018771476,-376,4118
1689018771480,-376,4118
1689018771485,-376,4118
1689018771489,-376,4118
1689018771494,-376,4118
1689018771498,-376,4118
1689018771503,-376,4118
1689018771507,-376,4118
1689018771512,-376,4118
1689018771516,-376,4118
1689018771520,-376,4118
1689018771525,-376,4118
1689018771529,-376,4118
1689018771534,-376,4118
1689018771538,-376,4118
1689018771542,-376,4118
1689018771547,-376,4118
1689018771551,-376,4118
1689018771556,-376,4118
1689018771560,-376,4118
1689018771564,-376,4118
1689018771569,-376,4118
1689018771573,-376,4118
1689018771578,-376,4118
1689018771583,-376,4118
1689018771591,-376,4118
1689018771603,-376,4090
1689018771608,-376,4090
1689018771612,-376,4090
1689018771617,-376,4090
1689018771622,-376,4090
1689018771626,-376,4090
1689018771631,-376,4090
1689018771636,-376,4090
1689018771640,-376,4090
1689018771645,-376,4090
1689018771649,-376,4090
1689018771654,-376,4090
1689018771659,-376,4090
1689018771663,-376,4090
1689018771668,-376,4090
1689018771673,-376,4090
1689018771678,-376,4090
1689018771683,-376,4090
1689018771687,-376,4090
1689018771692,-376,4090
1689018771696,-376,4090
1689018771701,-376,4090
1689018771706,-376,4090
1689018771711,-376,4090
1689018771716,-376,4090
1689018771722,-376,4090
1689018771728,-376,4090
1689018771734,-376,4090
1689018771740,-376,4090
1689018771746,-376,4090
1689018771753,-376,4090
1689018771759,-376,4090
1689018771764,-376,4090
1689018771770,-376,4090
1689018771776,-376,4090
1689018771782,-376,4090
1689018771788,-376,4090
1689018771794,-376,4090
1689018771800,-376,4090
1689018771806,-376,4090
1689018771812,-376,4090
1689018771818,-376,4090
1689018771823,-376,4090
1689018771829,-376,4090
1689018771835,-376,4090
1689018771841,-376,4090
1689018771847,-376,4090
1689018771853,-376,4090
1689018771859,-376,4090
1689018771865,-376,4090
1689018771871,-376,4090
1689018771877,-376,4090
1689018771883,-376,4090
1689018771889,-376,4090
1689018771895,-376,4090
1689018771901,-376,4090
1689018771907,-376,4090
1689018771913,-376,4090
1689018771918,-376,4090
1689018771925,-376,4090
1689018771931,-376,4090
1689018771937,-376,4090
1689018771943,-376,4090
1689018771948,-376,4090
1689018771954,-376,4090
1689018771961,-376,4090
1689018771976,-376,4090
1689018771981,-376,4090
1689018771984,-376,4090
1689018771988,-376,4090
1689018771994,-376,4090
1689018771998,-376,4090
1689018772001,-376,4090
1689018772005,-376,4090
1689018772008,-376,4090
1689018772011,-376,4090
1689018772015,-376,4090
1689018772018,-376,4090
1689018772022,-376,4090
1689018772025,-376,4090
1689018772028,-376,4090
1689018772032,-376,4090
1689018772036,-376,4090
1689018772039,-376,4090
1689018772043,-376,4090
1689018772047,-376,4090
1689018772051,-376,4090
1689018772055,-376,4090
1689018772059,-376,4090
1689018772063,-376,4090
1689018772067,-376,4090
1689018772071,-376,4090
1689018772075,-376,4090
1689018772080,-376,4090
1689018772084,-376,4090
1689018772089,-376,4090
1689018772094,-376,4090
1689018772098,-376,4090
1689018772103,-376,4090
1689018772108,-376,4090
1689018772112,-376,4090
1689018772117,-376,4090
1689018772122,-376,4090
1689018772127,-376,4090
1689018772132,-376,4090
1689018772137,-376,4090
1689018772142,-376,4090
1689018772147,-376,4090
1689018772153,-376,4090
1689018772158,-376,4090
1689018772164,-376,4090
1689018772169,-376,4090
1689018772174,-376,4090
1689018772180,-376,4090
1689018772187,-376,4090
1689018772192,-376,4090
1689018772198,-376,4090
1689018772204,-376,4090
1689018772209,-376,4090
1689018772215,-376,4090
1689018772221,-376,4090
1689018772227,-376,4090
1689018772232,-376,4090
1689018772238,-376,4090
1689018772243,-376,4090
1689018772249,-376,4090
1689018772254,-376,4090
1689018772260,-376,4090
1689018772266,-376,4090
1689018772271,-376,4090
1689018772277,-376,4090
1689018772283,-376,4090
1689018772288,-376,4090
1689018772294,-376,4090
1689018772300,-376,4090
1689018772305,-376,4090
1689018772311,-376,4090
1689018772317,-376,4090
1689018772323,-376,4090
1689018772329,-376,4090
1689018772334,-376,4090
1689018772341,-376,4090
1689018772346,-376,4090
1689018772352,-376,4090
1689018772358,-376,4090
1689018772364,-376,4090
1689018772369,-376,4090
1689018772375,-376,4090
1689018772380,-376,4090
1689018772385,-376,4090
1689018772391,-376,4090
1689018772396,-376,4090
1689018772402,-376,4090
1689018772408,-376,4090
1689018772414,-376,4090
1689018772419,-376,4090
1689018772425,-376,4090
1689018772431,-376,4090
1689018772437,-376,4090
1689018772442,-376,4090
1689018772448,-376,4090
1689018772453,-376,4090
1689018772459,-376,4090
1689018772464,-376,4090
1689018772470,-376,4090
1689018772476,-376,4090
1689018772482,-376,4090
1689018772487,-376,4090
1689018772493,-376,4090
1689018772498,-376,4090
1689018772503,-376,4090
1689018772508,-376,4090
1689018772513,-376,4090
1689018772519,-376,4090
1689018772524,-376,4090
1689018772529,-376,4090
1689018772534,-376,4090
1689018772539,-376,4090
1689018772544,-376,4090
1689018772549,-376,4090
1689018772555,-376,4090
1689018772560,-376,4090
1689018772566,-376,4090
1689018772571,-376,4090
1689018772577,-376,4090
1689018772582,-376,4090
1689018772588,-376,4090
1689018772593,-376,4090
1689018772599,-376,4090
1689018772604,-376,4090
1689018772610,-376,4090
1689018772616,-376,4090
1689018772622,-376,4090
1689018772627,-376,4090
1689018772633,-376,4090
1689018772639,-376,4090
1689018772644,-376,4090
1689018772650,-376,4090
1689018772655,-376,4090
1689018772661,-376,4090
1689018772666,-376,4090
1689018772672,-376,4090
1689018772677,-376,4090
1689018772682,-376,4090
1689018772688,-376,4090
1689018772694,-376,4090
1689018772700,-376,4090
1689018772705,-376,4090
1689018772711,-376,4090
1689018772717,-376,4090
1689018772723,-376,4090
1689018772728,-376,4090
1689018772734,-376,4090
1689018772740,-376,4090
1689018772746,-376,4090
1689018772751,-376,4090
1689018772757,-376,4090
1689018772763,-376,4090
1689018772768,-376,4090
1689018772774,-376,4090
1689018772779,-376,4090
1689018772785,-376,4090
1689018772791,-376,4090
1689018772796,-376,4090
1689018772802,-376,4090
1689018772807,-376,4090
1689018772813,-376,4090
1689018772818,-376,4090
1689018772824,-376,4090
1689018772830,-376,4090
1689018772835,-376,4090
1689018772841,-376,4090
1689018772846,-376,4090
1689018772852,-376,4090
1689018772857,-376,4090
1689018772863,-376,4090
1689018772868,-376,4090
1689018772874,-376,4090
1689018772879,-376,4090
1689018772885,-376,4090
1689018772891,-376,4090
1689018772896,-376,4090
1689018772902,-376,4090
1689018772908,-376,4090
1689018772915,-376,4090
1689018772921,-376,4090
1689018772927,-376,4090
1689018772933,-376,4090
1689018772939,-376,4090
1689018772944,-376,4090
1689018772950,-376,4090
1689018772956,-376,4090
1689018772962,-376,4090
1689018772968,-376,4090
1689018772975,-376,4090
1689018772981,-376,4090
1689018772987,-376,4090
1689018772992,-376,4090
1689018772998,-376,4090
1689018773003,-376,4090
1689018773009,-376,4090
1689018773015,-376,4090
1689018773020,-376,4090
1689018773026,-376,4090
1689018773031,-376,4090
1689018773037,-376,4090
1689018773042,-376,4090
1689018773048,-376,4090
1689018773053,-376,4090
1689018773059,-376,4090
1689018773064,-376,4090
1689018773070,-376,4090
1689018773075,-376,4090
1689018773081,-376,4090
1689018773086,-376,4090
1689018773092,-376,4090
1689018773098,-376,4090
1689018773103,-376,4090
1689018773109,-376,4090
1689018773114,-376,4090
1689018773120,-376,4090
1689018773126,-376,4090
1689018773131,-376,4090
1689018773136,-376,4090
1689018773142,-376,4090
1689018773148,-376,4090
1689018773153,-376,4090
1689018773158,-376,4090
1689018773164,-376,4090
1689018773169,-376,4090
1689018773174,-376,4090
1689018773180,-376,4090
1689018773185,-376,4090
1689018773190,-376,4090
1689018773195,-376,4090
1689018773201,-376,4090
1689018773206,-376,4090
1689018773211,-376,4090
1689018773216,-376,4090
1689018773222,-376,4090
1689018773228,-376,4090
1689018773234,-376,4090
1689018773239,-376,4090
1689018773244,-376,4090
1689018773250,-376,4090
1689018773255,-376,4090
1689018773260,-376,4090
1689018773266,-376,4090
1689018773272,-376,4090
1689018773277,-376,4090
1689018773283,-376,4090
1689018773288,-376,4090
1689018773294,-376,4090
1689018773299,-376,4090
1689018773304,-376,4090
1689018773309,-376,4090
1689018773313,-376,4090
1689018773318,-376,4090
1689018773323,-376,4090
1689018773328,-376,4090
1689018773333,-376,4090
1689018773338,-376,4090
1689018773343,-376,4090
1689018773349,-376,4090
1689018773354,-376,4090
1689018773360,-376,4090
1689018773365,-376,4090
1689018773370,-376,4090
1689018773376,-376,4090
1689018773381,-376,4090
1689018773386,-376,4090
1689018773392,-376,4090
1689018773397,-376,4090
1689018773402,-376,4090
1689018773407,-376,4090
1689018773413,-376,4090
1689018773418,-376,4090
1689018773424,-376,4090
1689018773429,-376,4090
1689018773435,-376,4090
1689018773440,-376,4090
1689018773446,-376,4090
1689018773451,-376,4090
1689018773457,-376,4090
1689018773462,-376,4090
1689018773467,-376,4090
1689018773473,-376,4090
1689018773478,-376,4090
1689018773483,-376,4090
1689018773488,-376,4090
1689018773494,-376,4090
1689018773499,-376,4090
1689018773504,-376,4090
1689018773510,-376,4090
1689018773515,-376,4090
1689018773520,-376,4090
1689018773526,-376,4090
1689018773532,-376,4090
1689018773538,-376,4090
1689018773543,-376,4090
1689018773548,-376,4090
1689018773554,-376,4090
1689018773560,-376,4090
1689018773565,-376,4090
1689018773570,-376,4090
1689018773575,-376,4090
1689018773581,-376,4090
1689018773586,-376,4090
1689018773591,-376,4090
1689018773596,-376,4090
1689018773602,-376,4090
1689018773607,-376,4090
1689018773612,-376,4090
1689018773618,-376,4090
1689018773623,-376,4090
1689018773628,-376,4090
1689018773634,-376,4090
1689018773639,-376,4090
1689018773644,-376,4090
1689018773650,-376,4090
1689018773655,-376,4090
1689018773661,-376,4090
1689018773666,-376,4090
1689018773671,-376,4090
1689018773676,-376,4090
1689018773682,-376,4090
1689018773687,-376,4090
1689018773692,-376,4090
1689018773698,-376,4090
1689018773703,-376,4090
1689018773708,-376,4090
1689018773714,-376,4090
1689018773719,-376,4090
1689018773724,-376,4090
1689018773730,-376,4090
1689018773736,-376,4090
1689018773741,-376,4090
1689018773746,-376,4090
1689018773752,-376,4090
1689018773757,-376,4090
1689018773763,-376,4090
1689018773768,-376,4090
1689018773774,-376,4090
1689018773779,-376,4090
1689018773784,-376,4090
1689018773790,-376,4090
1689018773795,-376,4090
1689018773800,-376,4090
1689018773806,-376,4090
1689018773811,-376,4090
1689018773816,-376,4090
1689018773822,-376,4090
1689018773827,-376,4090
1689018773833,-376,4090
1689018773838,-376,4090
1689018773843,-376,4090
1689018773849,-376,4090
1689018773854,-376,4090
1689018773860,-376,4090
1689018773865,-376,4090
1689018773871,-376,4090
1689018773876,-376,4090
1689018773882,-376,4090
1689018773887,-376,4090
1689018773892,-376,4090
1689018773898,-376,4090
1689018773903,-376,4090
1689018773908,-376,4090
1689018773913,-376,4090
1689018773919,-376,4090
1689018773924,-376,4090
1689018773930,-376,4090
1689018773935,-376,4090
1689018773941,-376,4090
1689018773947,-376,4090
1689018773952,-376,4090
1689018773958,-376,4090
1689018773963,-376,4090
1689018773968,-376,4090
1689018773974,-376,4090
1689018773979,-376,4090
1689018773984,-376,4090
1689018773990,-376,4090
1689018773995,-376,4090
1689018774000,-376,4090
1689018774005,-376,4090
1689018774011,-376,4090
1689018774016,-376,4090
1689018774022,-376,4090
1689018774027,-376,4090
1689018774033,-376,4090
1689018774038,-376,4090
1689018774043,-376,4090
1689018774049,-376,4090
1689018774054,-376,4090
1689018774060,-376,4090
1689018774065,-376,4090
1689018774070,-376,4090
1689018774075,-376,4090
1689018774080,-376,4090
1689018774086,-376,4090
1689018774091,-376,4090
1689018774096,-376,4090
1689018774102,-376,4090
1689018774107,-376,4090
1689018774113,-376,4090
1689018774118,-376,4090
1689018774123,-376,4090
1689018774128,-376,4090
1689018774134,-376,4090
1689018774140,-376,4090
1689018774145,-376,4090
1689018774151,-376,4090
1689018774156,-376,4090
1689018774162,-376,4090
1689018774167,-376,4090
1689018774172,-376,4090
1689018774178,-376,4090
1689018774183,-376,4090
1689018774188,-376,4090
1689018774194,-376,4090
1689018774199,-376,4090
1689018774204,-376,4090
1689018774210,-376,4090
1689018774215,-376,4090
1689018774220,-376,4090
1689018774226,-376,4090
1689018774231,-376,4090
1689018774236,-376,4090
1689018774242,-376,4090
1689018774248,-376,4090
1689018774253,-376,4090
1689018774258,-376,4090
1689018774263,-376,4090
1689018774269,-376,4090
1689018774274,-376,4090
1689018774279,-376,4090
1689018774284,-376,4090
1689018774290,-376,4090
1689018774295,-376,4090
1689018774300,-376,4090
1689018774305,-376,4090
1689018774310,-376,4090
1689018774316,-376,4090
1689018774321,-376,4090
1689018774327,-376,4090
1689018774332,-376,4090
1689018774338,-376,4090
1689018774343,-376,4090
1689018774348,-376,4090
1689018774354,-376,4090
1689018774360,-376,4090
1689018774365,-376,4090
1689018774371,-376,4090
1689018774376,-376,4090
1689018774382,-376,4090
1689018774387,-376,4090
1689018774392,-376,4090
1689018774398,-376,4090
1689018774404,-376,4090
1689018774409,-376,4090
1689018774415,-376,4090
1689018774420,-376,4090
1689018774426,-376,4090
1689018774431,-376,4090
1689018774436,-376,4090
1689018774442,-376,4090
1689018774447,-376,4090
1689018774453,-376,4090
1689018774458,-376,4090
1689018774464,-376,4090
1689018774469,-376,4090
1689018774474,-376,4090
1689018774480,-376,4090
1689018774485,-376,4090
1689018774490,-376,4090
1689018774495,-376,4090
1689018774501,-376,4090
1689018774506,-376,4090
1689018774511,-376,4090
1689018774516,-376,4090
1689018774522,-376,4090
1689018774527,-376,4090
1689018774532,-376,4090
1689018774538,-376,4090
1689018774543,-376,4090
1689018774549,-376,4090
1689018774554,-376,4090
1689018774560,-376,4090
1689018774565,-376,4090
1689018774570,-376,4090
1689018774576,-376,4090
1689018774581,-376,4090
1689018774586,-376,4090
1689018774592,-376,4090
1689018774597,-376,4090
1689018774602,-376,4090
1689018774607,-376,4090
1689018774612,-376,4090
1689018774618,-376,4090
1689018774623,-376,4090
1689018774628,-376,4090
1689018774634,-376,4090
1689018774639,-376,4090
1689018774644,-376,4090
1689018774650,-376,4090
1689018774655,-376,4090
1689018774660,-376,4090
1689018774666,-376,4090
1689018774671,-376,4090
1689018774676,-376,4090
1689018774682,-376,4090
1689018774687,-376,4090
1689018774693,-376,4090
1689018774698,-376,4090
1689018774703,-376,4090
1689018774709,-376,4090
1689018774714,-376,4090
1689018774719,-376,4090
1689018774725,-376,4090
1689018774730,-376,4090
1689018774736,-376,4090
1689018774741,-376,4090
1689018774747,-376,4090
1689018774752,-376,4090
1689018774757,-376,4090
1689018774762,-376,4090
1689018774767,-376,4090
1689018774773,-376,4090
1689018774778,-376,4090
1689018774783,-376,4090
1689018774789,-376,4090
1689018774794,-376,4090
1689018774800,-376,4090
1689018774805,-376,4090
1689018774810,-376,4090
1689018774816,-376,4090
1689018774821,-376,4090
1689018774826,-376,4090
1689018774832,-376,4090
1689018774837,-376,4090
1689018774842,-376,4090
1689018774848,-376,4090
1689018774853,-376,4090
1689018774859,-376,4090
1689018774864,-376,4090
1689018774870,-376,4090
1689018774875,-376,4090
1689018774880,-376,4090
1689018774886,-376,4090
1689018774891,-376,4090
1689018774896,-376,4090
1689018774902,-376,4090
1689018774907,-376,4090
1689018774912,-376,4090
1689018774918,-376,4090
1689018774923,-376,4090
1689018774928,-376,4090
1689018774934,-376,4090
1689018774939,-376,4090
1689018774944,-376,4090
1689018774949,-376,4090
1689018774955,-376,4090
1689018774961,-376,4090
1689018774966,-376,4090
1689018774972,-376,4090
1689018774977,-376,4090
1689018774982,-376,4090
1689018774987,-376,4090
1689018774993,-376,4090
1689018774998,-376,4090
1689018775003,-376,4090
1689018775008,-376,4090
1689018775014,-376,4090
1689018775019,-376,4090
1689018775024,-376,4090
1689018775030,-376,4090
1689018775035,-376,4090
1689018775040,-376,4090
1689018775046,-376,4090
1689018775051,-376,4090
1689018775056,-376,4090
1689018775062,-376,4090
1689018775067,-376,4090
1689018775072,-376,4090
1689018775078,-376,4090
1689018775083,-376,4090
1689018775088,-376,4090
1689018775094,-376,4090
1689018775099,-376,4090
1689018775105,-376,4090
1689018775110,-376,4090
1689018775115,-376,4090
1689018775121,-376,4090
1689018775126,-376,4090
1689018775132,-376,4090
1689018775137,-376,4090
1689018775143,-376,4090
1689018775148,-376,4090
1689018775154,-376,4090
1689018775159,-376,4090
1689018775164,-376,4090
1689018775169,-376,4090
1689018775174,-376,4090
1689018775180,-376,4090
1689018775185,-376,4090
1689018775190,-376,4090
1689018775195,-376,4090
1689018775200,-376,4090
1689018775206,-376,4090
1689018775211,-376,4090
1689018775216,-376,4090
1689018775221,-376,4090
1689018775227,-376,4090
1689018775232,-376,4090
1689018775237,-376,4090
1689018775243,-376,4090
1689018775248,-376,4090
1689018775253,-376,4090
1689018775259,-376,4090
1689018775264,-376,4090
1689018775270,-376,4090
1689018775275,-376,4090
1689018775280,-376,4090
1689018775286,-376,4090
1689018775291,-376,4090
1689018775296,-376,4090
1689018775301,-376,4090
1689018775306,-376,4090
1689018775313,-376,4090
1689018775327,-376,4090
1689018775333,-376,4090
1689018775337,-376,4090
1689018775340,-376,4090
1689018775344,-376,4090
1689018775348,-376,4090
1689018775352,-376,4090
1689018775355,-376,4090
1689018775358,-376,4090
1689018775361,-376,4090
1689018775364,-376,4090
1689018775368,-376,4090
1689018775371,-376,4090
1689018775374,-376,4090
1689018775378,-376,4090
1689018775381,-376,4090
1689018775384,-376,4090
1689018775387,-376,4090
1689018775390,-376,4090
1689018775394,-376,4090
1689018775397,-376,4090
1689018775400,-376,4090
1689018775403,-376,4090
1689018775407,-376,4090
1689018775410,-376,4090
1689018775413,-376,4090
1689018775416,-376,4090
1689018775420,-376,4090
1689018775424,-376,4090
1689018775428,-376,4090
1689018775432,-376,4090
1689018775436,-376,4090
1689018775440,-376,4090
1689018775443,-376,4090
1689018775448,-376,4090
1689018775451,-376,4090
1689018775455,-376,4090
1689018775460,-376,4090
1689018775463,-376,4090
1689018775467,-376,4090
1689018775471,-376,4090
1689018775475,-376,4090
1689018775479,-376,4090
1689018775483,-376,4090
1689018775487,-376,4090
1689018775491,-376,4090
1689018775495,-376,4090
1689018775499,-376,4090
1689018775503,-376,4090
1689018775507,-376,4090
1689018775511,-376,4090
1689018775515,-376,4090
1689018775520,-376,4090
1689018775524,-376,4090
1689018775529,-376,4090
1689018775534,-376,4090
1689018775539,-376,4090
1689018775543,-376,4090
1689018775548,-376,4090
1689018775552,-376,4090
1689018775557,-376,4090
1689018775562,-376,4090
1689018775567,-376,4090
1689018775571,-376,4090
1689018775576,-376,4090
1689018775581,-376,4090
1689018775586,-376,4090
1689018775590,-376,4090
1689018775595,-376,4090
1689018775600,-376,4090
1689018775605,-376,4090
1689018775611,-376,4090
1689018775616,-376,4090
1689018775621,-376,4090
1689018775627,-376,4090
1689018775632,-376,4090
1689018775638,-376,4090
1689018775643,-376,4090
1689018775648,-376,4090
1689018775654,-376,4090
1689018775659,-376,4090
1689018775664,-376,4090
1689018775670,-376,4090
1689018775675,-376,4090
1689018775680,-376,4090
1689018775685,-376,4090
1689018775691,-376,4090
1689018775696,-376,4090
1689018775701,-376,4090
1689018775706,-376,4090
1689018775711,-376,4090
1689018775716,-376,4090
1689018775722,-376,4090
1689018775727,-376,4090
1689018775732,-376,4090
1689018775737,-376,4090
1689018775743,-376,4090
1689018775748,-376,4090
1689018775754,-376,4090
1689018775759,-376,4090
1689018775764,-376,4090
1689018775770,-376,4090
1689018775775,-376,4090
1689018775780,-376,4090
1689018775786,-376,4090
1689018775791,-376,4090
1689018775796,-376,4090
1689018775801,-376,4090
1689018775807,-376,4090
1689018775812,-376,4090
1689018775817,-376,4090
1689018775822,-376,4090
1689018775827,-376,4090
1689018775832,-376,4090
1689018775838,-376,4090
1689018775843,-376,4090
1689018775848,-376,4090
1689018775853,-376,4090
1689018775858,-376,4090
1689018775863,-376,4090
1689018775868,-376,4090
1689018775874,-376,4090
1689018775879,-376,4090
1689018775885,-376,4090
1689018775890,-376,4090
1689018775895,-376,4090
1689018775900,-376,4090
1689018775906,-376,4090
1689018775911,-376,4090
1689018775916,-376,4090
1689018775921,-376,4090
1689018775927,-376,4090
1689018775932,-376,4090
1689018775937,-376,4090
1689018775943,-376,4090
1689018775948,-376,4090
1689018775953,-376,4090
1689018775958,-376,4090
1689018775963,-376,4090
1689018775968,-376,4090
1689018775974,-376,4090
1689018775979,-376,4090
1689018775984,-376,4090
1689018775990,-376,4090
1689018775995,-376,4090
1689018776000,-376,4090
1689018776005,-376,4090
1689018776011,-376,4090
1689018776016,-376,4090
1689018776021,-376,4090
1689018776026,-376,4090
1689018776032,-376,4090
1689018776037,-376,4090
1689018776042,-376,4090
1689018776047,-376,4090
1689018776052,-376,4090
1689018776057,-376,4090
1689018776063,-376,4090
1689018776068,-376,4090
1689018776073,-376,4090
1689018776078,-376,4090
1689018776083,-376,4090
1689018776089,-376,4090
1689018776094,-376,4090
1689018776099,-376,4090
1689018776104,-376,4090
1689018776109,-376,4090
1689018776114,-376,4090
1689018776120,-376,4090
1689018776125,-376,4090
1689018776130,-376,4090
1689018776135,-376,4090
1689018776140,-376,4090
1689018776145,-376,4090
1689018776150,-376,4090
1689018776155,-376,4090
1689018776160,-376,4090
1689018776166,-376,4090
1689018776171,-376,4090
1689018776176,-376,4090
1689018776181,-376,4090
1689018776186,-376,4090
1689018776191,-376,4090
1689018776196,-376,4090
1689018776201,-376,4090
1689018776206,-376,4090
1689018776211,-376,4090
1689018776216,-376,4090
1689018776222,-376,4090
1689018776227,-376,4090
1689018776232,-376,4090
1689018776238,-376,4090
1689018776243,-376,4090
1689018776248,-376,4090
1689018776253,-376,4090
1689018776258,-376,4090
1689018776264,-376,4090
1689018776269,-376,4090
1689018776274,-376,4090
1689018776279,-376,4090
1689018776284,-376,4090
1689018776290,-376,4090
1689018776295,-376,4090
1689018776300,-376,4090
1689018776305,-376,4090
1689018776310,-376,4090
1689018776316,-376,4090
1689018776321,-376,4090
1689018776327,-376,4090
1689018776332,-376,4090
1689018776337,-376,4090
1689018776343,-376,4090
1689018776348,-376,4090
1689018776353,-376,4090
1689018776358,-376,4090
1689018776363,-376,4090
1689018776368,-376,4090
1689018776373,-376,4090
1689018776378,-376,4090
1689018776383,-376,4090
1689018776388,-376,4090
1689018776394,-376,4090
1689018776399,-376,4090
1689018776404,-376,4090
1689018776409,-376,4090
1689018776414,-376,4090
1689018776419,-376,4090
1689018776424,-376,4090
1689018776430,-376,4090
1689018776435,-376,4090
1689018776440,-376,4090
1689018776445,-376,4090
1689018776451,-376,4090
1689018776456,-376,4090
1689018776461,-376,4090
1689018776466,-376,4090
1689018776472,-376,4090
1689018776477,-376,4090
1689018776482,-376,4090
1689018776487,-376,4090
1689018776493,-376,4090
1689018776498,-376,4090
1689018776503,-376,4090
1689018776508,-376,4090
1689018776513,-376,4090
1689018776519,-376,4090
1689018776524,-376,4090
1689018776529,-376,4090
1689018776534,-376,4090
1689018776539,-376,4090
1689018776544,-376,4090
1689018776549,-376,4090
1689018776554,-376,4090
1689018776560,-376,4090
1689018776565,-376,4090
1689018776570,-376,4090
1689018776575,-376,4090
1689018776580,-376,4090
1689018776586,-376,4090
1689018776591,-376,4090
1689018776596,-376,4090
1689018776602,-376,4090
1689018776607,-376,4090
1689018776612,-376,4090
1689018776617,-376,4090
1689018776622,-376,4090
1689018776628,-376,4090
1689018776633,-376,4090
1689018776638,-376,4090
1689018776643,-376,4090
1689018776648,-376,4090
1689018776654,-376,4090
1689018776659,-376,4090
1689018776664,-376,4090
1689018776670,-376,4090
1689018776675,-376,4090
1689018776680,-376,4090
1689018776686,-376,4090
1689018776692,-376,4090
1689018776698,-376,4090
1689018776703,-376,4090
1689018776708,-376,4090
1689018776714,-376,4090
1689018776719,-376,4090
1689018776724,-376,4090
1689018776730,-376,4090
1689018776735,-376,4090
1689018776740,-376,4090
1689018776745,-376,4090
1689018776751,-376,4090
1689018776756,-376,4090
1689018776761,-376,4090
1689018776766,-376,4090
1689018776771,-376,4090
1689018776776,-376,4090
1689018776781,-376,4090
1689018776787,-376,4090
1689018776792,-376,4090
1689018776797,-376,4090
1689018776803,-376,4090
1689018776808,-376,4090
1689018776813,-376,4090
1689018776818,-376,4090
1689018776823,-376,4090
1689018776829,-376,4090
1689018776834,-376,4090
1689018776839,-376,4090
1689018776844,-376,4090
1689018776850,-376,4090
1689018776855,-376,4090
1689018776860,-376,4090
1689018776865,-376,4090
1689018776871,-376,4090
1689018776876,-376,4090
1689018776881,-376,4090
1689018776886,-376,4090
1689018776892,-376,4090
1689018776896,-376,4090
1689018776902,-376,4090
1689018776907,-376,4090
1689018776912,-376,4090
1689018776917,-376,4090
1689018776922,-376,4090
1689018776927,-376,4090
1689018776932,-376,4090
1689018776938,-376,4090
1689018776943,-376,4090
1689018776948,-376,4090
1689018776953,-376,4090
1689018776958,-376,4090
1689018776964,-376,4090
1689018776969,-376,4090
1689018776974,-376,4090
1689018776979,-376,4090
1689018776984,-376,4090
1689018776989,-376,4090
1689018776995,-376,4090
1689018777000,-376,4090
1689018777006,-376,4090
1689018777011,-376,4090
1689018777016,-376,4090
1689018777022,-376,4090
1689018777027,-376,4090
1689018777032,-376,4090
1689018777038,-376,4090
1689018777043,-376,4090
1689018777048,-376,4090
1689018777053,-376,4090
1689018777058,-376,4090
1689018777064,-376,4090
1689018777068,-376,4090
1689018777074,-376,4090
1689018777079,-376,4090
1689018777084,-376,4090
1689018777089,-376,4090
1689018777094,-376,4090
1689018777100,-376,4090
1689018777105,-376,4090
1689018777111,-376,4090
1689018777116,-376,4090
1689018777121,-376,4090
1689018777126,-376,4090
1689018777131,-376,4090
1689018777136,-376,4090
1689018777141,-376,4090
1689018777146,-376,4090
1689018777151,-376,4090
1689018777156,-376,4090
1689018777161,-376,4090
1689018777167,-376,4090
1689018777172,-376,4090
1689018777177,-376,4090
1689018777182,-376,4090
1689018777187,-376,4090
1689018777192,-376,4090
1689018777197,-376,4090
1689018777203,-376,4090
1689018777208,-376,4090
1689018777213,-376,4090
1689018777219,-376,4090
1689018777224,-376,4090
1689018777229,-376,4090
1689018777234,-376,4090
1689018777240,-376,4090
1689018777245,-376,4090
1689018777250,-376,4090
1689018777255,-376,4090
1689018777260,-376,4090
1689018777266,-376,4090
1689018777271,-376,4090
1689018777276,-376,4090
1689018777281,-376,4090
1689018777287,-376,4090
1689018777292,-376,4090
1689018777297,-376,4090
1689018777302,-376,4090
1689018777307,-376,4090
1689018777312,-376,4090
1689018777317,-376,4090
1689018777322,-376,4090
1689018777328,-376,4090
1689018777333,-376,4090
1689018777339,-376,4090
1689018777344,-376,4090
1689018777349,-376,4090
1689018777354,-376,4090
1689018777360,-376,4090
1689018777365,-376,4090
1689018777370,-376,4090
1689018777375,-376,4090
1689018777380,-376,4090
1689018777385,-376,4090
1689018777391,-376,4090
1689018777396,-376,4090
1689018777400,-376,4090
1689018777406,-376,4090
1689018777411,-376,4090
1689018777416,-376,4090
1689018777421,-376,4090
1689018777426,-376,4090
1689018777431,-376,4090
1689018777437,-376,4090
1689018777442,-376,4090
1689018777447,-376,4090
1689018777453,-376,4090
1689018777458,-376,4090
1689018777463,-376,4090
1689018777468,-376,4090
1689018777473,-376,4090
1689018777478,-376,4090
1689018777483,-376,4090
1689018777488,-376,4090
1689018777493,-376,4090
1689018777499,-376,4090
1689018777504,-376,4090
1689018777509,-376,4090
1689018777515,-376,4090
1689018777520,-376,4090
1689018777525,-376,4090
1689018777531,-376,4090
1689018777536,-376,4090
1689018777541,-376,4090
1689018777547,-376,4090
1689018777552,-376,4090
1689018777557,-376,4090
1689018777563,-376,4090
1689018777568,-376,4090
1689018777573,-376,4090
1689018777578,-376,4090
1689018777583,-376,4090
1689018777588,-376,4090
1689018777593,-376,4090
1689018777599,-376,4090
1689018777604,-376,4090
1689018777609,-376,4090
1689018777614,-376,4090
1689018777619,-376,4090
1689018777624,-376,4090
1689018777630,-376,4090
1689018777635,-376,4090
1689018777640,-376,4090
1689018777645,-376,4090
1689018777650,-376,4090
1689018777656,-376,4090
1689018777661,-376,4090
1689018777666,-376,4090
1689018777671,-376,4090
1689018777676,-376,4090
1689018777681,-376,4090
1689018777686,-376,4090
1689018777691,-376,4090
1689018777696,-376,4090
1689018777701,-376,4090
1689018777707,-376,4090
1689018777712,-376,4090
1689018777717,-376,4090
1689018777722,-376,4090
1689018777728,-376,4090
1689018777733,-376,4090
1689018777738,-376,4090
1689018777744,-376,4090
1689018777749,-376,4090
1689018777754,-376,4090
1689018777760,-376,4090
1689018777765,-376,4090
1689018777770,-376,4090
1689018777775,-376,4090
1689018777780,-376,4090
1689018777785,-376,4090
1689018777791,-376,4090
1689018777796,-376,4090
1689018777801,-376,4090
1689018777806,-376,4090
1689018777811,-376,4090
1689018777816,-376,4090
1689018777821,-376,4090
1689018777827,-376,4090
1689018777832,-376,4090
1689018777837,-376,4090
1689018777842,-376,4090
1689018777847,-376,4090
1689018777853,-376,4090
1689018777858,-376,4090
1689018777863,-376,4090
1689018777868,-376,4090
1689018777873,-376,4090
1689018777879,-376,4090
1689018777884,-376,4090
1689018777889,-376,4090
1689018777894,-376,4090
1689018777899,-376,4090
1689018777904,-376,4090
1689018777909,-376,4090
1689018777914,-376,4090
1689018777919,-376,4090
1689018777925,-376,4090
1689018777930,-376,4090
1689018777935,-376,4090
1689018777940,-376,4090
1689018777945,-376,4090
1689018777950,-376,4090
1689018777956,-376,4090
1689018777961,-376,4090
1689018777967,-376,4090
1689018777972,-376,4090
1689018777977,-376,4090
1689018777982,-376,4090
1689018777987,-376,4090
1689018777992,-376,4090
1689018777997,-376,4090
1689018778003,-376,4090
1689018778008,-376,4090
1689018778013,-376,4090
1689018778018,-376,4090
1689018778023,-376,4090
1689018778029,-376,4090
1689018778034,-376,4090
1689018778039,-376,4090
1689018778044,-376,4090
1689018778049,-376,4090
1689018778054,-376,4090
1689018778059,-376,4090
1689018778064,-376,4090
1689018778069,-376,4090
1689018778075,-376,4090
1689018778080,-376,4090
1689018778085,-376,4090
1689018778090,-376,4090
1689018778095,-376,4090
1689018778101,-376,4090
1689018778106,-376,4090
1689018778111,-376,4090
1689018778116,-376,4090
1689018778122,-376,4090
1689018778127,-376,4090
1689018778132,-376,4090
1689018778137,-376,4090
1689018778142,-376,4090
1689018778148,-376,4090
1689018778153,-376,4090
1689018778158,-376,4090
1689018778164,-376,4090
1689018778169,-376,4090
1689018778174,-376,4090
1689018778179,-376,4090
1689018778184,-376,4090
1689018778190,-376,4090
1689018778195,-376,4090
1689018778200,-376,4090
1689018778205,-376,4090
1689018778210,-376,4090
1689018778215,-376,4090
1689018778220,-376,4090
1689018778226,-376,4090
1689018778231,-376,4090
1689018778237,-376,4090
1689018778242,-376,4090
1689018778247,-376,4090
1689018778252,-376,4090
1689018778257,-376,4090
1689018778263,-376,4090
1689018778268,-376,4090
1689018778273,-376,4090
1689018778279,-376,4090
1689018778284,-376,4090
1689018778289,-376,4090
1689018778294,-376,4090
1689018778299,-376,4090
1689018778304,-376,4090
1689018778310,-376,4090
1689018778315,-376,4090
1689018778320,-376,4090
1689018778325,-376,4090
1689018778331,-376,4090
1689018778336,-376,4090
1689018778341,-376,4090
1689018778346,-376,4090
1689018778351,-376,4090
1689018778356,-376,4090
1689018778361,-376,4090
1689018778367,-376,4090
1689018778372,-376,4090
1689018778376,-376,4090
1689018778382,-376,4090
1689018778387,-376,4090
1689018778392,-376,4090
1689018778397,-376,4090
1689018778402,-376,4090
1689018778409,-376,4090
1689018778423,-376,4090
1689018778428,-376,4090
1689018778433,-376,4090
1689018778438,-376,4090
1689018778442,-376,4090
1689018778445,-376,4090
1689018778449,-376,4090
1689018778452,-376,4090
1689018778455,-376,4090
1689018778458,-376,4090
1689018778462,-376,4090
1689018778465,-376,4090
1689018778468,-376,4090
1689018778471,-376,4090
1689018778475,-376,4090
1689018778478,-376,4090
1689018778481,-376,4090
1689018778484,-376,4090
1689018778487,-376,4090
1689018778491,-376,4090
1689018778494,-376,4090
1689018778497,-376,4090
1689018778500,-376,4090
1689018778503,-376,4090
1689018778506,-376,4090
1689018778510,-376,4090
1689018778513,-376,4090
1689018778516,-376,4090
1689018778520,-376,4090
1689018778524,-376,4090
1689018778528,-376,4090
1689018778531,-376,4090
1689018778535,-376,4090
1689018778539,-376,4090
1689018778543,-376,4090
1689018778547,-376,4090
1689018778551,-376,4090
1689018778555,-376,4090
1689018778559,-376,4090
1689018778563,-376,4090
1689018778567,-376,4090
1689018778572,-376,4090
1689018778576,-376,4090
1689018778581,-376,4090
1689018778586,-376,4090
1689018778591,-376,4090
1689018778595,-376,4090
1689018778600,-376,4090
1689018778604,-376,4090
1689018778608,-376,4090
1689018778613,-376,4090
1689018778618,-376,4090
1689018778623,-376,4090
1689018778627,-376,4090
1689018778632,-376,4090
1689018778636,-376,4090
1689018778640,-376,4090
1689018778645,-376,4090
1689018778650,-376,4090
1689018778654,-376,4090
1689018778659,-376,4090
1689018778664,-376,4090
1689018778669,-376,4090
1689018778674,-376,4090
1689018778679,-376,4090
1689018778684,-376,4090
1689018778689,-376,4090
1689018778694,-376,4090
1689018778699,-376,4090
1689018778704,-376,4090
1689018778709,-376,4090
1689018778714,-376,4090
1689018778719,-376,4090
1689018778724,-376,4090
1689018778729,-376,4090
1689018778735,-376,4090
1689018778740,-376,4090
1689018778746,-376,4090
1689018778751,-376,4090
1689018778756,-376,4090
1689018778762,-376,4090
1689018778767,-376,4090
1689018778772,-376,4090
1689018778777,-376,4090
1689018778782,-376,4090
1689018778787,-376,4090
1689018778792,-376,4090
1689018778797,-376,4090
1689018778802,-376,4090
1689018778807,-376,4090
1689018778812,-376,4090
1689018778818,-376,4090
1689018778823,-376,4090
1689018778828,-376,4090
1689018778833,-376,4090
1689018778838,-376,4090
1689018778843,-376,4090
1689018778848,-376,4090
1689018778854,-376,4090
1689018778859,-376,4090
1689018778864,-376,4090
1689018778869,-376,4090
1689018778874,-376,4090
1689018778879,-376,4090
1689018778884,-376,4090
1689018778889,-376,4090
1689018778895,-376,4090
1689018778900,-376,4090
1689018778905,-376,4090
1689018778911,-376,4090
1689018778916,-376,4090
1689018778921,-376,4090
1689018778926,-376,4090
1689018778931,-376,4090
1689018778936,-376,4090
1689018778941,-376,4090
1689018778947,-376,4090
1689018778952,-376,4090
1689018778957,-376,4090
1689018778962,-376,4090
1689018778967,-376,4090
1689018778972,-376,4090
1689018778978,-376,4090
1689018778983,-376,4090
1689018778988,-376,4090
1689018778993,-376,4090
1689018778998,-376,4090
1689018779003,-376,4090
1689018779008,-376,4090
1689018779013,-376,4090
1689018779019,-376,4090
1689018779024,-376,4090
1689018779029,-376,4090
1689018779034,-376,4090
1689018779039,-376,4090
1689018779045,-376,4090
1689018779050,-376,4090
1689018779056,-376,4090
1689018779062,-376,4090
1689018779067,-376,4090
1689018779072,-376,4090
1689018779077,-376,4090
1689018779082,-376,4090
1689018779087,-376,4090
1689018779092,-376,4090
1689018779098,-376,4090
1689018779103,-376,4090
1689018779108,-376,4090
1689018779114,-376,4090
1689018779119,-376,4090
1689018779124,-376,4090
1689018779129,-376,4090
1689018779134,-376,4090
1689018779140,-376,4090
1689018779145,-376,4090
1689018779150,-376,4090
1689018779156,-376,4090
1689018779161,-376,4090
1689018779167,-376,4090
1689018779172,-376,4090
1689018779176,-376,4090
1689018779182,-376,4090
1689018779187,-376,4090
1689018779192,-376,4090
1689018779197,-376,4090
1689018779202,-376,4090
1689018779207,-376,4090
1689018779212,-376,4090
1689018779218,-376,4090
1689018779223,-376,4090
1689018779228,-376,4090
1689018779234,-376,4090
1689018779239,-376,4090
1689018779244,-376,4090
1689018779249,-376,4090
1689018779252,-376,4090
1689018779255,-376,4090
1689018779259,-376,4090
1689018779262,-376,4090
1689018779265,-376,4090
1689018779269,-376,4090
1689018779272,-376,4090
1689018779275,-376,4090
1689018779278,-376,4090
1689018779281,-376,4090
1689018779284,-376,4090
1689018779287,-376,4090
1689018779290,-376,4090
1689018779293,-376,4090
1689018779296,-376,4090
1689018779299,-376,4090
1689018779302,-376,4090
1689018779305,-376,4090
1689018779308,-376,4090
1689018779311,-376,4090
1689018779314,-376,4090
1689018779317,-376,4090
1689018779320,-376,4090
1689018779323,-376,4090
1689018779326,-376,4090
1689018779329,-376,4090
1689018779332,-376,4090
1689018779335,-376,4090
1689018779338,-376,4090
1689018779341,-376,4090
1689018779343,-376,4090
1689018779346,-376,4090
1689018779349,-376,4090
1689018779352,-376,4090
1689018779355,-376,4090
1689018779358,-376,4090
1689018779361,-376,4090
1689018779364,-376,4090
1689018779367,-376,4090
1689018779370,-376,4090
1689018779372,-376,4090
1689018779375,-376,4090
1689018779378,-376,4090
1689018779381,-376,4090
1689018779384,-376,4090
1689018779387,-376,4090
1689018779390,-376,4090
1689018779393,-376,4090
1689018779396,-376,4090
1689018779398,-376,4090
1689018779401,-376,4090
1689018779404,-376,4090
1689018779407,-376,4090
1689018779410,-376,4090
1689018779413,-376,4090
1689018779416,-376,4090
1689018779419,-376,4090
1689018779422,-376,4090
1689018779425,-376,4090
1689018779427,-376,4090
1689018779430,-376,4090
1689018779433,-376,4090
1689018779436,-376,4090
1689018779439,-376,4090
1689018779442,-376,4090
1689018779445,-376,4090
1689018779448,-376,4090
1689018779451,-376,4090
1689018779454,-376,4090
1689018779457,-376,4090
1689018779460,-376,4090
1689018779463,-376,4090
1689018779466,-376,4090
1689018779469,-376,4090
1689018779472,-376,4090
1689018779475,-376,4090
1689018779478,-376,4090
1689018779480,-376,4090
1689018779483,-376,4090
1689018779486,-376,4090
1689018779489,-376,4090
1689018779492,-376,4090
1689018779495,-376,4090
1689018779498,-376,4090
1689018779501,-376,4090
1689018779504,-376,4090
1689018779507,-376,4090
1689018779510,-376,4090
1689018779512,-376,4090
1689018779515,-376,4090
1689018779518,-376,4090
1689018779521,-376,4090
1689018779524,-376,4090
1689018779527,-376,4090
1689018779530,-376,4090
1689018779532,-376,4090
1689018779535,-376,4090
1689018779538,-376,4090
1689018779541,-376,4090
1689018779544,-376,4090
1689018779547,-376,4090
1689018779550,-376,4090
1689018779553,-376,4090
1689018779556,-376,4090
1689018779559,-376,4090
1689018779562,-376,4090
1689018779565,-376,4090
1689018779568,-376,4090
1689018779570,-376,4090
1689018779573,-376,4090
1689018779576,-376,4090
1689018779579,-376,4090
1689018779582,-376,4090
1689018779585,-376,4090
1689018779588,-376,4090
1689018779591,-376,4090
1689018779594,-376,4090
1689018779597,-376,4090
1689018779600,-376,4090
1689018779603,-376,4090
1689018779606,-376,4090
1689018779608,-376,4090
1689018779611,-376,4090
1689018779614,-376,4090
1689018779617,-376,4090
1689018779621,-376,4090
1689018779624,-376,4090
1689018779627,-376,4090
1689018779630,-376,4090
1689018779633,-376,4090
1689018779635,-376,4090
1689018779638,-376,4090
1689018779641,-376,4090
1689018779644,-376,4090
1689018779647,-376,4090
1689018779650,-376,4090
1689018779653,-376,4090
1689018779656,-376,4090
1689018779659,-376,4090
1689018779662,-376,4090
1689018779664,-376,4090
1689018779667,-376,4090
1689018779670,-376,4090
1689018779673,-376,4090
1689018779676,-376,4090
1689018779679,-376,4090
1689018779682,-376,4090
1689018779685,-376,4090
1689018779688,-376,4090
1689018779691,-376,4090
1689018779694,-376,4090
1689018779696,-376,4090
1689018779699,-376,4090
1689018779702,-376,4090
1689018779705,-376,4090
1689018779708,-376,4090
1689018779711,-376,4090
1689018779714,-376,4090
1689018779717,-376,4090
1689018779720,-376,4090
1689018779723,-376,4090
1689018779726,-376,4090
1689018779729,-376,4090
1689018779732,-376,4090
1689018779735,-376,4090
1689018779738,-376,4090
1689018779741,-376,4090
1689018779743,-376,4090
1689018779746,-376,4090
1689018779749,-376,4090
1689018779752,-376,4090
1689018779755,-376,4090
1689018779758,-376,4090
1689018779761,-376,4090
1689018779764,-376,4090
1689018779767,-376,4090
1689018779770,-376,4090
1689018779773,-376,4090
1689018779776,-376,4090
1689018779779,-376,4090
1689018779782,-376,4090
1689018779784,-376,4090
1689018779787,-376,4090
1689018779790,-376,4090
1689018779793,-376,4090
1689018779796,-376,4090
1689018779799,-376,4090
1689018779802,-376,4090
1689018779805,-376,4090
1689018779807,-376,4090
1689018779810,-376,4090
1689018779813,-376,4090
1689018779816,-376,4090
1689018779819,-376,4090
1689018779822,-376,4090
1689018779825,-376,4090
1689018779828,-376,4090
1689018779831,-376,4090
1689018779834,-376,4090
1689018779837,-376,4090
1689018779839,-376,4090
1689018779842,-376,4090
1689018779845,-376,4090
1689018779848,-376,4090
1689018779851,-376,4090
1689018779854,-376,4090
1689018779857,-376,4090
1689018779859,-376,4090
1689018779862,-376,4090
1689018779865,-376,4090
1689018779868,-376,4090
1689018779871,-376,4090
1689018779874,-376,4090
1689018779877,-376,4090
1689018779880,-376,4090
1689018779883,-376,4090
1689018779886,-376,4090
1689018779889,-376,4090
1689018779892,-376,4090
1689018779894,-376,4090
1689018779897,-376,4090
1689018779900,-376,4090
1689018779903,-376,4090
1689018779906,-376,4090
1689018779909,-376,4090
1689018779912,-376,4090
1689018779914,-376,4090
1689018779917,-376,4090
1689018779920,-376,4090
1689018779923,-376,4090
1689018779926,-376,4090
1689018779929,-376,4090
1689018779932,-376,4090
1689018779935,-376,4090
1689018779938,-376,4090
1689018779941,-376,4090
1689018779944,-376,4090
1689018779947,-376,4090
1689018779950,-376,4090
1689018779953,-376,4090
1689018779956,-376,4090
1689018779958,-376,4090
1689018779961,-376,4090
1689018779964,-376,4090
1689018779967,-376,4090
1689018779970,-376,4090
1689018779973,-376,4090
1689018779976,-376,4090
1689018779978,-376,4090
1689018779981,-376,4090
1689018779984,-376,4090
1689018779987,-376,4090
1689018779990,-376,4090
1689018779993,-376,4090
1689018779996,-376,4090
1689018779999,-376,4090
1689018780003,-376,4090
1689018780006,-376,4090
1689018780013,-376,4090
1689018780016,-376,4090
1689018780019,-376,4090
1689018780023,-376,4090
1689018780027,-376,4090
1689018780030,-376,4090
1689018780033,-376,4090
1689018780036,-376,4090
1689018780039,-376,4090
1689018780042,-376,4090
1689018780045,-376,4090
1689018780047,-376,4090
1689018780050,-376,4090
1689018780053,-376,4090
1689018780056,-376,4090
1689018780059,-376,4090
1689018780062,-376,4090
1689018780065,-376,4090
1689018780067,-376,4090
1689018780070,-376,4090
1689018780073,-376,4090
1689018780076,-376,4090
1689018780079,-376,4090
1689018780082,-376,4090
1689018780085,-376,4090
1689018780088,-376,4090
1689018780091,-376,4090
1689018780094,-376,4090
1689018780097,-376,4090
1689018780099,-376,4090
1689018780103,-376,4090
1689018780106,-376,4090
1689018780109,-376,4090
1689018780112,-376,4090
1689018780115,-376,4090
1689018780118,-376,4090
1689018780121,-376,4090
1689018780123,-376,4090
1689018780126,-376,4090
1689018780129,-376,4090
1689018780132,-376,4090
1689018780135,-376,4090
1689018780138,-376,4090
1689018780141,-376,4090
1689018780144,-376,4090
1689018780147,-376,4090
1689018780149,-376,4090
1689018780152,-376,4090
1689018780155,-376,4090
1689018780158,-376,4090
1689018780161,-376,4090
1689018780164,-376,4090
1689018780166,-376,4090
1689018780169,-376,4090
1689018780172,-376,4090
1689018780175,-376,4090
1689018780178,-376,4090
1689018780181,-376,4090
1689018780184,-376,4090
1689018780187,-376,4090
1689018780190,-376,4090
1689018780192,-376,4090
1689018780195,-376,4090
1689018780198,-376,4090
1689018780201,-376,4090
1689018780203,-376,4090
1689018780206,-376,4090
1689018780209,-376,4090
1689018780212,-376,4090
1689018780215,-376,4090
1689018780218,-376,4090
1689018780221,-376,4090
1689018780224,-376,4090
1689018780227,-376,4090
1689018780230,-376,4090
1689018780233,-376,4090
1689018780235,-376,4090
1689018780238,-376,4090
1689018780241,-376,4090
1689018780244,-376,4090
1689018780247,-376,4090
1689018780250,-376,4090
1689018780252,-376,4090
1689018780255,-376,4090
1689018780258,-376,4090
1689018780261,-376,4090
1689018780263,-376,4090
1689018780266,-376,4090
1689018780269,-376,4090
1689018780272,-376,4090
1689018780275,-376,4090
1689018780278,-376,4090
1689018780280,-376,4090
1689018780283,-376,4090
1689018780286,-376,4090
1689018780289,-376,4090
1689018780292,-376,4090
1689018780295,-376,4090
1689018780297,-376,4090
1689018780300,-376,4090
1689018780303,-376,4090
1689018780306,-376,4090
1689018780309,-376,4090
1689018780312,-376,4090
1689018780314,-376,4090
1689018780317,-376,4090
1689018780320,-376,4090
1689018780323,-376,4090
1689018780325,-376,4090
1689018780328,-376,4090
1689018780332,-376,4090
1689018780334,-376,4090
1689018780337,-376,4090
1689018780340,-376,4090
1689018780343,-376,4090
1689018780346,-376,4090
1689018780348,-376,4090
1689018780352,-376,4090
1689018780355,-376,4090
1689018780358,-376,4090
1689018780360,-376,4090
1689018780363,-376,4090
1689018780366,-376,4090
1689018780369,-376,4090
1689018780372,-376,4090
1689018780374,-376,4090
1689018780377,-376,4090
1689018780380,-376,4090
1689018780383,-376,4090
1689018780386,-376,4090
1689018780388,-376,4090
1689018780391,-376,4090
1689018780394,-376,4090
1689018780397,-376,4090
1689018780400,-376,4090
1689018780402,-376,4090
1689018780405,-376,4090
1689018780408,-376,4090
1689018780411,-376,4090
1689018780414,-376,4090
1689018780416,-376,4090
1689018780419,-376,4090
1689018780422,-376,4090
1689018780425,-376,4090
1689018780428,-376,4090
1689018780431,-376,4090
1689018780434,-376,4090
1689018780436,-376,4090
1689018780439,-376,4090
1689018780442,-376,4090
1689018780445,-376,4090
1689018780448,-376,4090
1689018780451,-376,4090
1689018780453,-376,4090
1689018780456,-376,4090
1689018780459,-376,4090
1689018780462,-376,4090
1689018780464,-376,4090
1689018780467,-376,4090
1689018780470,-376,4090
1689018780473,-376,4090
1689018780476,-376,4090
1689018780478,-376,4090
1689018780481,-376,4090
1689018780484,-376,4090
1689018780487,-376,4090
1689018780490,-376,4090
1689018780492,-376,4090
1689018780495,-376,4090
1689018780498,-376,4090
1689018780501,-376,4090
1689018780504,-376,4090
1689018780507,-376,4090
1689018780509,-376,4090
1689018780512,-376,4090
1689018780515,-376,4090
1689018780518,-376,4090
1689018780521,-376,4090
1689018780524,-376,4090
1689018780526,-376,4090
1689018780529,-376,4090
1689018780532,-376,4090
1689018780535,-376,4090
1689018780538,-376,4090
1689018780541,-376,4090
1689018780544,-376,4090
1689018780547,-376,4090
1689018780549,-376,4090
1689018780552,-376,4090
1689018780555,-376,4090
1689018780558,-376,4090
1689018780561,-376,4090
1689018780564,-376,4090
1689018780567,-376,4090
1689018780569,-376,4090
1689018780572,-376,4090
1689018780575,-376,4090
1689018780578,-376,4090
1689018780581,-376,4090
1689018780584,-376,4090
1689018780587,-376,4090
1689018780590,-376,4090
1689018780596,-376,4090
1689018780600,-376,4090
1689018780603,-376,4090
1689018780606,-376,4090
1689018780609,-376,4090
1689018780612,-376,4090
1689018780615,-376,4090
1689018780618,-376,4090
1689018780621,-376,4090
1689018780623,-376,4090
1689018780626,-376,4090
1689018780629,-376,4090
1689018780632,-376,4090
1689018780635,-376,4090
1689018780638,-376,4090
1689018780641,-376,4090
1689018780643,-376,4090
1689018780646,-376,4090
1689018780649,-376,4090
1689018780652,-376,4090
1689018780655,-376,4090
1689018780657,-376,4090
1689018780660,-376,4090
1689018780663,-376,4090
1689018780666,-376,4090
1689018780669,-376,4090
1689018780671,-376,4090
1689018780675,-376,4090
1689018780677,-376,4090
1689018780680,-376,4090
1689018780683,-376,4090
1689018780686,-376,4090
1689018780689,-376,4090
1689018780692,-376,4090
1689018780695,-376,4090
1689018780698,-376,4090
1689018780701,-376,4090
1689018780703,-376,4090
1689018780706,-376,4090
1689018780709,-376,4090
1689018780712,-376,4090
1689018780715,-376,4090
1689018780717,-376,4090
1689018780720,-376,4090
1689018780723,-376,4090
1689018780726,-376,4090
1689018780729,-376,4090
1689018780732,-376,4090
1689018780735,-376,4090
1689018780737,-376,4090
1689018780740,-376,4090
1689018780743,-376,4090
1689018780746,-376,4090
1689018780749,-376,4090
1689018780752,-376,4090
1689018780754,-376,4090
1689018780757,-376,4090
1689018780760,-376,4090
1689018780763,-376,4090
1689018780766,-376,4090
1689018780768,-376,4090
1689018780771,-376,4090
1689018780774,-376,4090
1689018780777,-376,4090
1689018780780,-376,4090
1689018780783,-376,4090
1689018780785,-376,4090
1689018780788,-376,4090
1689018780792,-376,4090
1689018780794,-376,4090
1689018780797,-376,4090
1689018780800,-376,4090
1689018780803,-376,4090
1689018780806,-376,4090
1689018780808,-376,4090
1689018780811,-376,4090
1689018780814,-376,4090
1689018780817,-376,4090
1689018780819,-376,4090
1689018780822,-376,4090
1689018780825,-376,4090
1689018780828,-376,4090
1689018780831,-376,4090
1689018780834,-376,4090
1689018780837,-376,4090
1689018780839,-376,4090
1689018780842,-376,4090
1689018780845,-376,4090
1689018780848,-376,4090
1689018780850,-376,4090
1689018780853,-376,4090
1689018780856,-376,4090
1689018780859,-376,4090
1689018780862,-376,4090
1689018780865,-376,4090
1689018780868,-376,4090
1689018780871,-376,4090
1689018780873,-376,4090
1689018780876,-376,4090
1689018780879,-376,4090
1689018780882,-376,4090
1689018780884,-376,4090
1689018780887,-376,4090
1689018780890,-376,4090
1689018780893,-376,4090
1689018780896,-376,4090
1689018780899,-376,4090
1689018780902,-376,4090
1689018780904,-376,4090
1689018780907,-376,4090
1689018780910,-376,4090
1689018780913,-376,4090
1689018780916,-376,4090
1689018780919,-376,4090
1689018780922,-376,4090
1689018780924,-376,4090
1689018780927,-376,4090
1689018780930,-376,4090
1689018780933,-376,4090
1689018780935,-376,4090
1689018780938,-376,4090
1689018780941,-376,4090
1689018780944,-376,4090
1689018780947,-376,4090
1689018780950,-376,4090
1689018780952,-376,4090
1689018780955,-376,4090
1689018780958,-376,4090
1689018780961,-376,4090
1689018780964,-376,4090
1689018780967,-376,4090
1689018780970,-376,4090
1689018780973,-376,4090
1689018780975,-376,4090
1689018780978,-376,4090
1689018780981,-376,4090
1689018780984,-376,4090
1689018780986,-376,4090
1689018780989,-376,4090
1689018780992,-376,4090
1689018780995,-376,4090
1689018780998,-376,4090
1689018781000,-376,4090
1689018781004,-376,4090
1689018781006,-376,4090
1689018781009,-376,4090
1689018781012,-376,4090
1689018781015,-376,4090
1689018781017,-376,4090
1689018781020,-376,4090
1689018781023,-376,4090
1689018781026,-376,4090
1689018781029,-376,4090
1689018781032,-376,4090
1689018781035,-376,4090
1689018781038,-376,4090
1689018781040,-376,4090
1689018781044,-376,4090
1689018781046,-376,4090
1689018781049,-376,4090
1689018781052,-376,4090
1689018781055,-376,4090
1689018781058,-376,4090
1689018781060,-376,4090
1689018781063,-376,4090
1689018781066,-376,4090
1689018781069,-376,4090
1689018781072,-376,4090
1689018781075,-376,4090
1689018781078,-376,4090
1689018781080,-376,4090
1689018781083,-376,4090
1689018781086,-376,4090
1689018781089,-376,4090
1689018781092,-376,4090
1689018781095,-376,4090
1689018781098,-376,4090
1689018781101,-376,4090
1689018781104,-376,4090
1689018781107,-376,4090
1689018781110,-376,4090
1689018781113,-376,4090
1689018781116,-376,4090
1689018781119,-376,4090
1689018781121,-376,4090
1689018781124,-376,4090
1689018781127,-376,4090
1689018781130,-376,4090
1689018781133,-376,4090
1689018781136,-376,4090
1689018781138,-376,4090
1689018781141,-376,4090
1689018781144,-376,4090
1689018781147,-376,4090
1689018781150,-376,4090
1689018781153,-376,4090
1689018781155,-376,4090
1689018781158,-376,4090
1689018781161,-376,4090
1689018781164,-376,4090
1689018781166,-376,4090
1689018781169,-376,4090
1689018781172,-376,4090
1689018781175,-376,4090
1689018781178,-376,4090
1689018781180,-376,4090
1689018781183,-376,4090
1689018781186,-376,4090
1689018781189,-376,4090
1689018781191,-376,4090
1689018781194,-376,4090
1689018781197,-376,4090
1689018781200,-376,4090
1689018781203,-376,4090
1689018781206,-376,4090
1689018781208,-376,4090
1689018781211,-376,4090
1689018781214,-376,4090
1689018781217,-376,4090
1689018781220,-376,4090
1689018781222,-376,4090
1689018781225,-376,4090
1689018781228,-376,4090
1689018781231,-376,4090
1689018781234,-376,4090
1689018781237,-376,4090
1689018781239,-376,4090
1689018781242,-376,4090
1689018781245,-376,4090
1689018781248,-376,4090
1689018781250,-376,4090
1689018781253,-376,4090
1689018781256,-376,4090
1689018781259,-376,4090
1689018781261,-376,4090
1689018781264,-376,4090
1689018781267,-376,4090
1689018781270,-376,4090
1689018781273,-376,4090
1689018781276,-376,4090
1689018781279,-376,4090
1689018781282,-376,4090
1689018781284,-376,4090
1689018781287,-376,4090
1689018781290,-376,4090
1689018781293,-376,4090
1689018781296,-376,4090
1689018781298,-376,4090
1689018781301,-376,4090
1689018781304,-376,4090
1689018781307,-376,4090
1689018781309,-376,4090
1689018781312,-376,4090
1689018781315,-376,4090
1689018781318,-376,4090
1689018781320,-376,4090
1689018781323,-376,4090
1689018781326,-376,4090
1689018781329,-376,4090
1689018781332,-376,4090
1689018781334,-376,4090
1689018781337,-376,4090
1689018781340,-376,4090
1689018781343,-376,4090
1689018781345,-376,4090
1689018781348,-376,4090
1689018781351,-376,4090
1689018781354,-376,4090
1689018781357,-376,4090
1689018781360,-376,4090
1689018781362,-376,4090
1689018781365,-376,4090
1689018781368,-376,4090
1689018781371,-376,4090
1689018781373,-376,4090
1689018781376,-376,4090
1689018781379,-376,4090
1689018781382,-376,4090
1689018781385,-376,4090
1689018781387,-376,4090
1689018781390,-376,4090
1689018781393,-376,4090
1689018781396,-376,4090
1689018781399,-376,4090
1689018781401,-376,4090
1689018781404,-376,4090
1689018781407,-376,4090
1689018781410,-376,4090
1689018781413,-376,4090
1689018781416,-376,4090
1689018781419,-376,4090
1689018781421,-376,4090
1689018781424,-376,4090
1689018781427,-376,4090
1689018781430,-376,4090
1689018781433,-376,4090
1689018781435,-376,4090
1689018781438,-376,4090
1689018781441,-376,4090
1689018781444,-376,4090
1689018781446,-376,4090
1689018781449,-376,4090
1689018781452,-376,4090
1689018781455,-376,4090
1689018781458,-376,4090
1689018781460,-376,4090
1689018781463,-376,4090
1689018781467,-376,4090
1689018781469,-376,4090
1689018781472,-376,4090
1689018781475,-376,4090
1689018781478,-376,4090
1689018781480,-376,4090
1689018781483,-376,4090
1689018781486,-376,4090
1689018781489,-376,4090
1689018781491,-376,4090
1689018781494,-376,4090
1689018781497,-376,4090
1689018781500,-376,4090
1689018781503,-376,4090
1689018781505,-376,4090
1689018781508,-376,4090
1689018781511,-376,4090
1689018781514,-376,4090
1689018781517,-376,4090
1689018781519,-376,4090
1689018781522,-376,4090
1689018781525,-376,4090
1689018781528,-376,4090
1689018781531,-376,4090
1689018781533,-376,4090
1689018781536,-376,4090
1689018781539,-376,4090
1689018781542,-376,4090
1689018781544,-376,4090
1689018781547,-376,4090
1689018781550,-376,4090
1689018781553,-376,4090
1689018781556,-376,4090
1689018781559,-376,4090
1689018781561,-376,4090
1689018781564,-376,4090
1689018781567,-376,4090
1689018781570,-376,4090
1689018781572,-376,4090
1689018781575,-376,4090
1689018781578,-376,4090
1689018781581,-376,4090
1689018781584,-376,4090
1689018781587,-376,4090
1689018781589,-376,4090
1689018781592,-376,4090
1689018781595,-376,4090
1689018781598,-376,4090
1689018781600,-376,4090
1689018781603,-376,4090
1689018781606,-376,4090
1689018781610,-376,4090
1689018781612,-376,4090
1689018781615,-376,4090
1689018781618,-376,4090
1689018781621,-376,4090
1689018781624,-376,4090
1689018781626,-376,4090
1689018781629,-376,4090
1689018781632,-376,4090
1689018781634,-376,4090
1689018781637,-376,4090
1689018781640,-376,4090
1689018781643,-376,4090
1689018781646,-376,4090
1689018781648,-376,4090
1689018781651,-376,4090
1689018781654,-376,4090
1689018781657,-376,4090
1689018781660,-376,4090
1689018781662,-376,4090
1689018781665,-376,4090
1689018781668,-376,4090
1689018781671,-376,4090
1689018781674,-376,4090
1689018781676,-376,4090
1689018781679,-376,4090
1689018781682,-376,4090
1689018781685,-376,4090
1689018781688,-376,4090
1689018781690,-376,4090
1689018781693,-376,4090
1689018781696,-376,4090
1689018781699,-376,4090
1689018781702,-376,4090
1689018781704,-376,4090
1689018781707,-376,4090
1689018781710,-376,4090
1689018781713,-376,4090
1689018781716,-376,4090
1689018781718,-376,4090
1689018781721,-376,4090
1689018781724,-376,4090
1689018781727,-376,4090
1689018781729,-376,4090
1689018781732,-376,4090
1689018781735,-376,4090
1689018781738,-376,4090
1689018781741,-376,4090
1689018781744,-376,4090
1689018781746,-376,4090
1689018781749,-376,4090
1689018781752,-376,4090
1689018781755,-376,4090
1689018781757,-376,4090
1689018781760,-376,4090
1689018781763,-376,4090
1689018781766,-376,4090
1689018781768,-376,4090
1689018781772,-376,4090
1689018781774,-376,4090
1689018781777,-376,4090
1689018781780,-376,4090
1689018781783,-376,4090
1689018781786,-376,4090
1689018781788,-376,4090
1689018781791,-376,4090
1689018781794,-376,4090
1689018781797,-376,4090
1689018781799,-376,4090
1689018781802,-376,4090
1689018781805,-376,4090
1689018781808,-376,4090
1689018781810,-376,4090
1689018781813,-376,4090
1689018781816,-376,4090
1689018781819,-376,4090
1689018781822,-376,4090
1689018781825,-376,4090
1689018781827,-376,4090
1689018781830,-376,4090
1689018781833,-376,4090
1689018781836,-376,4090
1689018781839,-376,4090
1689018781841,-376,4090
1689018781844,-376,4090
1689018781847,-376,4090
1689018781850,-376,4090
1689018781853,-376,4090
1689018781855,-376,4090
1689018781858,-376,4090
1689018781861,-376,4090
1689018781864,-376,4090
1689018781867,-376,4090
1689018781869,-376,4090
1689018781872,-376,4090
1689018781875,-376,4090
1689018781878,-376,4090
1689018781881,-376,4090
1689018781883,-376,4090
1689018781886,-376,4090
1689018781889,-376,4090
1689018781892,-376,4090
1689018781895,-376,4090
1689018781897,-376,4090
1689018781900,-376,4090
1689018781903,-376,4090
1689018781905,-376,4090
1689018781908,-376,4090
1689018781911,-376,4090
1689018781914,-376,4090
1689018781916,-376,4090
1689018781919,-376,4090
1689018781922,-376,4090
1689018781925,-376,4090
1689018781928,-376,4090
1689018781930,-376,4090
1689018781933,-376,4090
1689018781936,-376,4090
1689018781939,-376,4090
1689018781942,-376,4090
1689018781944,-376,4090
1689018781947,-376,4090
1689018781950,-376,4090
1689018781953,-376,4090
1689018781956,-376,4090
1689018781958,-376,4090
1689018781961,-376,4090
1689018781964,-376,4090
1689018781967,-376,4090
1689018781970,-376,4090
1689018781972,-376,4090
1689018781975,-376,4090
1689018781978,-376,4090
1689018781981,-376,4090
1689018781983,-376,4090
1689018781986,-376,4090
1689018781989,-376,4090
1689018781992,-376,4090
1689018781994,-376,4090
1689018781997,-376,4090
1689018782000,-376,4090
1689018782003,-376,4090
1689018782006,-376,4090
1689018782009,-376,4090
1689018782012,-376,4090
1689018782014,-376,4090
1689018782017,-376,4090
1689018782020,-376,4090
1689018782023,-376,4090
1689018782026,-376,4090
1689018782028,-376,4090
1689018782031,-376,4090
1689018782034,-376,4090
1689018782037,-376,4090
1689018782040,-376,4090
1689018782042,-376,4090
1689018782045,-376,4090
1689018782048,-376,4090
1689018782051,-376,4090
1689018782053,-376,4090
1689018782056,-376,4090
1689018782059,-376,4090
1689018782062,-376,4090
1689018782065,-376,4090
1689018782068,-376,4090
1689018782070,-376,4090
1689018782073,-376,4090
1689018782076,-376,4090
1689018782079,-376,4090
1689018782082,-376,4090
1689018782085,-376,4090
1689018782087,-376,4090
1689018782090,-376,4090
1689018782093,-376,4090
1689018782096,-376,4090
1689018782098,-376,4090
1689018782101,-376,4090
1689018782104,-376,4090
1689018782107,-376,4090
1689018782110,-376,4090
1689018782112,-376,4090
1689018782115,-376,4090
1689018782118,-376,4090
1689018782121,-376,4090
1689018782124,-376,4090
1689018782126,-376,4090
1689018782129,-376,4090
1689018782132,-376,4090
1689018782135,-376,4090
1689018782137,-376,4090
1689018782140,-376,4090
1689018782143,-376,4090
1689018782146,-376,4090
1689018782149,-376,4090
1689018782151,-376,4090
1689018782154,-376,4090
1689018782157,-376,4090
1689018782160,-376,4090
1689018782163,-376,4090
1689018782165,-376,4090
1689018782168,-376,4090
1689018782171,-376,4090
1689018782174,-376,4090
1689018782176,-376,4090
1689018782179,-376,4090
1689018782182,-376,4090
1689018782185,-376,4090
1689018782187,-376,4090
1689018782190,-376,4090
1689018782193,-376,4090
1689018782196,-376,4090
1689018782199,-376,4090
1689018782202,-376,4090
1689018782204,-376,4090
1689018782207,-376,4090
1689018782210,-376,4090
1689018782213,-376,4090
1689018782215,-376,4090
1689018782218,-376,4090
1689018782221,-376,4090
1689018782224,-376,4090
1689018782227,-376,4090
1689018782229,-376,4090
1689018782232,-376,4090
1689018782235,-376,4090
1689018782238,-376,4090
1689018782241,-376,4090
1689018782243,-376,4090
1689018782246,-376,4090
1689018782249,-376,4090
1689018782252,-376,4090
1689018782254,-376,4090
1689018782257,-376,4090
1689018782260,-376,4090
1689018782263,-376,4090
1689018782265,-376,4090
1689018782268,-376,4090
1689018782271,-376,4090
1689018782274,-376,4090
1689018782277,-376,4090
1689018782279,-376,4090
1689018782282,-376,4090
1689018782285,-376,4090
1689018782288,-376,4090
1689018782290,-376,4090
1689018782293,-376,4090
1689018782296,-376,4090
1689018782299,-376,4090
1689018782301,-376,4090
1689018782304,-376,4090
1689018782307,-376,4090
1689018782310,-376,4090
1689018782312,-376,4090
1689018782315,-376,4090
1689018782318,-376,4090
1689018782321,-376,4090
1689018782323,-376,4090
1689018782326,-376,4090
1689018782329,-376,4090
1689018782332,-376,4090
1689018782335,-376,4090
1689018782338,-376,4090
1689018782340,-376,4090
1689018782343,-376,4090
1689018782346,-376,4090
1689018782349,-376,4090
1689018782351,-376,4090
1689018782354,-376,4090
1689018782357,-376,4090
1689018782360,-376,4090
1689018782363,-376,4090
1689018782365,-376,4090
1689018782368,-376,4090
1689018782371,-376,4090
1689018782378,-376,4090
1689018782382,-376,4090
1689018782385,-376,4090
1689018782388,-376,4090
1689018782391,-376,4090
1689018782394,-376,4090
1689018782396,-376,4090
1689018782399,-376,4090
1689018782402,-376,4090
1689018782405,-376,4090
1689018782407,-376,4090
1689018782410,-376,4090
1689018782413,-376,4090
1689018782416,-376,4090
1689018782418,-376,4090
1689018782421,-376,4090
1689018782424,-376,4090
1689018782427,-376,4090
1689018782430,-376,4090
1689018782433,-376,4090
1689018782436,-376,4090
1689018782439,-376,4090
1689018782442,-376,4090
1689018782444,-376,4090
1689018782447,-376,4090
1689018782450,-376,4090
1689018782453,-376,4090
1689018782456,-376,4090
1689018782458,-376,4090
1689018782461,-376,4090
1689018782464,-376,4090
1689018782467,-376,4090
1689018782470,-376,4090
1689018782472,-376,4090
1689018782475,-376,4090
1689018782478,-376,4090
1689018782481,-376,4090
1689018782483,-376,4090
1689018782486,-376,4090
1689018782489,-376,4090
1689018782492,-376,4090
1689018782495,-376,4090
1689018782498,-376,4090
1689018782501,-376,4090
1689018782503,-376,4090
1689018782506,-376,4090
1689018782509,-376,4090
1689018782512,-376,4090
1689018782515,-376,4090
1689018782517,-376,4090
1689018782520,-376,4090
1689018782523,-376,4090
1689018782526,-376,4090
1689018782529,-376,4090
1689018782531,-376,4090
1689018782534,-376,4090
1689018782537,-376,4090
1689018782540,-376,4090
1689018782542,-376,4090
1689018782545,-376,4090
1689018782548,-376,4090
1689018782551,-376,4090
1689018782554,-376,4090
1689018782557,-376,4090
1689018782559,-376,4090
1689018782562,-376,4090
1689018782565,-376,4090
1689018782568,-376,4090
1689018782570,-376,4090
1689018782573,-376,4090
1689018782576,-376,4090
1689018782579,-376,4090
1689018782581,-376,4090
1689018782584,-376,4090
1689018782587,-376,4090
1689018782590,-376,4090
1689018782592,-376,4090
1689018782595,-376,4090
1689018782598,-376,4090
1689018782601,-376,4090
1689018782604,-376,4090
1689018782607,-376,4090
1689018782609,-376,4090
1689018782612,-376,4090
1689018782615,-376,4090
1689018782618,-376,4090
1689018782620,-376,4090
1689018782623,-376,4090
1689018782626,-376,4090
1689018782629,-376,4090
1689018782631,-376,4090
1689018782635,-376,4090
1689018782638,-376,4090
1689018782640,-376,4090
1689018782643,-376,4090
1689018782646,-376,4090
1689018782649,-376,4090
1689018782652,-376,4090
1689018782654,-376,4090
1689018782657,-376,4090
1689018782660,-376,4090
1689018782663,-376,4090
1689018782666,-376,4090
1689018782669,-376,4090
1689018782672,-376,4090
1689018782674,-376,4090
1689018782677,-376,4090
1689018782680,-376,4090
1689018782683,-376,4090
1689018782686,-376,4090
1689018782688,-376,4090
1689018782691,-376,4090
1689018782694,-376,4090
1689018782697,-376,4090
1689018782700,-376,4090
1689018782702,-376,4090
1689018782705,-376,4090
1689018782708,-376,4090
1689018782711,-376,4090
1689018782714,-376,4090
1689018782716,-376,4090
1689018782719,-376,4090
1689018782722,-376,4090
1689018782725,-376,4090
1689018782727,-376,4090
1689018782730,-376,4090
1689018782733,-376,4090
1689018782736,-376,4090
1689018782739,-376,4090
1689018782741,-376,4090
1689018782744,-376,4090
1689018782747,-376,4090
1689018782750,-376,4090
1689018782752,-376,4090
1689018782755,-376,4090
1689018782758,-376,4090
1689018782761,-376,4090
1689018782763,-376,4090
1689018782766,-376,4090
1689018782769,-376,4090
1689018782772,-376,4090
1689018782774,-376,4090
1689018782777,-376,4090
1689018782780,-376,4090
1689018782783,-376,4090
1689018782785,-376,4090
1689018782788,-376,4090
1689018782791,-376,4090
1689018782794,-376,4090
1689018782797,-376,4090
1689018782799,-376,4090
1689018782802,-376,4090
1689018782805,-376,4090
1689018782808,-376,4090
1689018782811,-376,4090
1689018782813,-376,4090
1689018782816,-376,4090
1689018782819,-376,4090
1689018782822,-376,4090
1689018782825,-376,4090
1689018782827,-376,4090
1689018782830,-376,4090
1689018782833,-376,4090
1689018782836,-376,4090
1689018782838,-376,4090
1689018782841,-376,4090
1689018782844,-376,4090
1689018782847,-376,4090
1689018782850,-376,4090
1689018782853,-376,4090
1689018782855,-376,4090
1689018782858,-376,4090
1689018782861,-376,4090
1689018782863,-376,4090
1689018782866,-376,4090
1689018782869,-376,4090
1689018782872,-376,4090
1689018782875,-376,4090
1689018782878,-376,4090
1689018782880,-376,4090
1689018782883,-376,4090
1689018782886,-376,4090
1689018782889,-376,4090
1689018782892,-376,4090
1689018782894,-376,4090
1689018782897,-376,4090
1689018782900,-376,4090
1689018782903,-376,4090
1689018782905,-376,4090
1689018782908,-376,4090
1689018782911,-376,4090
1689018782914,-376,4090
1689018782916,-376,4090
1689018782919,-376,4090
1689018782922,-376,4090
1689018782925,-376,4090
1689018782927,-376,4090
1689018782930,-376,4090
1689018782933,-376,4090
1689018782936,-376,4090
1689018782938,-376,4090
1689018782942,-376,4090
1689018782944,-376,4090
1689018782947,-376,4090
1689018782950,-376,4090
1689018782953,-376,4090
1689018782955,-376,4090
1689018782958,-376,4090
1689018782961,-376,4090
1689018782964,-376,4090
1689018782967,-376,4090
1689018782970,-376,4090
1689018782972,-376,4090
1689018782975,-376,4090
1689018782978,-376,4090
1689018782981,-376,4090
1689018782983,-376,4090
1689018782986,-376,4090
1689018782989,-376,4090
1689018782992,-376,4090
1689018782994,-376,4090
1689018782997,-376,4090
1689018783000,-376,4090
1689018783003,-376,4090
1689018783006,-376,4090
1689018783008,-376,4090
1689018783012,-376,4090
1689018783014,-376,4090
1689018783017,-376,4090
1689018783020,-376,4090
1689018783023,-376,4090
1689018783026,-376,4090
1689018783028,-376,4090
1689018783031,-376,4090
1689018783034,-376,4090
1689018783037,-376,4090
1689018783040,-376,4090
1689018783043,-376,4090
1689018783046,-376,4090
1689018783048,-376,4090
1689018783051,-376,4090
1689018783054,-376,4090
1689018783057,-376,4090
1689018783060,-376,4090
1689018783062,-376,4090
1689018783065,-376,4090
1689018783068,-376,4090
1689018783071,-376,4090
1689018783073,-376,4090
1689018783076,-376,4090
1689018783079,-376,4090
1689018783082,-376,4090
1689018783085,-376,4090
1689018783087,-376,4090
1689018783090,-376,4090
1689018783093,-376,4090
1689018783096,-376,4090
1689018783098,-376,4090
1689018783101,-376,4090
1689018783104,-376,4090
1689018783107,-376,4090
1689018783109,-376,4090
1689018783112,-376,4090
1689018783115,-376,4090
1689018783118,-376,4090
1689018783121,-376,4090
1689018783123,-376,4090
1689018783126,-376,4090
1689018783129,-376,4090
1689018783132,-376,4090
1689018783135,-376,4090
1689018783138,-376,4090
1689018783140,-376,4090
1689018783143,-376,4090
1689018783146,-376,4090
1689018783149,-376,4090
1689018783152,-376,4090
1689018783155,-376,4090
1689018783158,-376,4090
1689018783161,-376,4090
1689018783164,-376,4090
1689018783166,-376,4090
1689018783169,-376,4090
1689018783172,-376,4090
1689018783175,-376,4090
1689018783177,-376,4090
1689018783180,-376,4090
1689018783183,-376,4090
1689018783186,-376,4090
1689018783188,-376,4090
1689018783191,-376,4090
1689018783194,-376,4090
1689018783197,-376,4090
1689018783200,-376,4090
1689018783202,-376,4090
1689018783205,-376,4090
1689018783208,-376,4090
1689018783211,-376,4090
1689018783214,-376,4090
1689018783216,-376,4090
1689018783219,-376,4090
1689018783222,-376,4090
1689018783225,-376,4090
1689018783228,-376,4090
1689018783231,-376,4090
1689018783233,-376,4090
1689018783236,-376,4090
1689018783239,-376,4090
1689018783242,-376,4090
1689018783245,-376,4090
1689018783248,-376,4090
1689018783250,-376,4090
1689018783253,-376,4090
1689018783256,-376,4090
1689018783259,-376,4090
1689018783262,-376,4090
1689018783264,-376,4090
1689018783267,-376,4090
1689018783270,-376,4090
1689018783273,-376,4090
1689018783275,-376,4090
1689018783278,-376,4090
1689018783281,-376,4090
1689018783284,-376,4090
1689018783287,-376,4090
1689018783289,-376,4090
1689018783292,-376,4090
1689018783295,-376,4090
1689018783298,-376,4090
1689018783301,-376,4090
1689018783304,-376,4090
1689018783307,-376,4090
1689018783309,-376,4090
1689018783312,-376,4090
1689018783315,-376,4090
1689018783318,-376,4090
1689018783320,-376,4090
1689018783323,-376,4090
1689018783326,-376,4090
1689018783329,-376,4090
1689018783332,-376,4090
1689018783334,-376,4090
1689018783337,-376,4090
1689018783340,-376,4090
1689018783343,-376,4090
1689018783345,-376,4090
1689018783348,-376,4090
1689018783351,-376,4090
1689018783354,-376,4090
1689018783357,-376,4090
1689018783360,-376,4090
1689018783363,-376,4090
1689018783365,-376,4090
1689018783368,-376,4090
1689018783371,-376,4090
1689018783374,-376,4090
1689018783376,-376,4090
1689018783379,-376,4090
1689018783382,-376,4090
1689018783385,-376,4090
1689018783387,-376,4090
1689018783390,-376,4090
1689018783393,-376,4090
1689018783396,-376,4090
1689018783399,-376,4090
1689018783401,-376,4090
1689018783404,-376,4090
1689018783407,-376,4090
1689018783410,-376,4090
1689018783413,-376,4090
1689018783416,-376,4090
1689018783418,-376,4090
1689018783421,-376,4090
1689018783424,-376,4090
1689018783427,-376,4090
1689018783430,-376,4090
1689018783432,-376,4090
1689018783435,-376,4090
1689018783438,-376,4090
1689018783441,-376,4090
1689018783444,-376,4090
1689018783446,-376,4090
1689018783449,-376,4090
1689018783452,-376,4090
1689018783455,-376,4090
1689018783458,-376,4090
1689018783460,-376,4090
1689018783463,-376,4090
1689018783466,-376,4090
1689018783469,-376,4090
1689018783472,-376,4090
1689018783474,-376,4090
1689018783477,-376,4090
1689018783480,-376,4090
1689018783483,-376,4090
1689018783486,-376,4090
1689018783488,-376,4090
1689018783491,-376,4090
1689018783494,-376,4090
1689018783497,-376,4090
1689018783499,-376,4090
1689018783502,-376,4090
1689018783505,-376,4090
1689018783508,-376,4090
1689018783511,-376,4090
1689018783513,-376,4090
1689018783516,-376,4090
1689018783519,-376,4090
1689018783522,-376,4090
1689018783524,-376,4090
1689018783527,-376,4090
1689018783530,-376,4090
1689018783533,-376,4090
1689018783536,-376,4090
1689018783538,-376,4090
1689018783541,-376,4090
1689018783544,-376,4090
1689018783547,-376,4090
1689018783549,-376,4090
1689018783552,-376,4090
1689018783555,-376,4090
1689018783558,-376,4090
1689018783561,-376,4090
1689018783564,-376,4090
1689018783566,-376,4090
1689018783569,-376,4090
1689018783572,-376,4090
1689018783575,-376,4090
1689018783578,-376,4090
1689018783580,-376,4090
1689018783583,-376,4090
1689018783586,-376,4090
1689018783589,-376,4090
1689018783592,-376,4090
1689018783595,-376,4090
1689018783597,-376,4090
1689018783600,-376,4090
1689018783603,-376,4090
1689018783606,-376,4090
1689018783608,-376,4090
1689018783611,-376,4090
1689018783614,-376,4090
1689018783617,-376,4090
1689018783619,-376,4090
1689018783622,-376,4090
1689018783625,-376,4090
1689018783628,-376,4090
1689018783631,-376,4090
1689018783633,-376,4090
1689018783636,-376,4090
1689018783639,-376,4090
1689018783642,-376,4090
1689018783645,-376,4090
1689018783648,-376,4090
1689018783651,-376,4090
1689018783654,-376,4090
1689018783657,-376,4090
1689018783659,-376,4090
1689018783662,-376,4090
1689018783665,-376,4090
1689018783668,-376,4090
1689018783671,-376,4090
1689018783673,-376,4090
1689018783676,-376,4090
1689018783679,-376,4090
1689018783682,-376,4090
1689018783684,-376,4090
1689018783687,-376,4090
1689018783690,-376,4090
1689018783693,-376,4090
1689018783696,-376,4090
1689018783698,-376,4090
1689018783701,-376,4090
1689018783704,-376,4090
1689018783707,-376,4090
1689018783710,-376,4090
1689018783712,-376,4090
1689018783715,-376,4090
1689018783718,-376,4090
1689018783721,-376,4090
1689018783723,-376,4090
1689018783726,-376,4090
1689018783729,-376,4090
1689018783732,-376,4090
1689018783735,-376,4090
1689018783737,-376,4090
1689018783740,-376,4090
1689018783743,-376,4090
1689018783746,-376,4090
1689018783749,-376,4090
1689018783751,-376,4090
1689018783754,-376,4090
1689018783757,-376,4090
1689018783760,-376,4090
1689018783763,-376,4090
1689018783766,-376,4090
1689018783768,-376,4090
1689018783771,-376,4090
1689018783774,-376,4090
1689018783777,-376,4090
1689018783779,-376,4090
1689018783782,-376,4090
1689018783785,-376,4090
1689018783788,-376,4090
1689018783791,-376,4090
1689018783793,-376,4090
1689018783796,-376,4090
1689018783799,-376,4090
1689018783802,-376,4090
1689018783804,-376,4090
1689018783807,-376,4090
1689018783810,-376,4090
1689018783813,-376,4090
1689018783816,-376,4090
1689018783819,-376,4090
1689018783821,-376,4090
1689018783824,-376,4090
1689018783827,-376,4090
1689018783830,-376,4090
1689018783833,-376,4090
1689018783835,-376,4090
1689018783838,-376,4090
1689018783841,-376,4090
1689018783844,-376,4090
1689018783846,-376,4090
1689018783849,-376,4090
1689018783852,-376,4090
1689018783855,-376,4090
1689018783858,-376,4090
1689018783861,-376,4090
1689018783864,-376,4090
1689018783867,-376,4090
1689018783870,-376,4090
1689018783872,-376,4090
1689018783875,-376,4090
1689018783878,-376,4090
1689018783881,-376,4090
1689018783884,-376,4090
1689018783886,-376,4090
1689018783889,-376,4090
1689018783892,-376,4090
1689018783895,-376,4090
1689018783898,-376,4090
1689018783901,-376,4090
1689018783904,-376,4090
1689018783907,-376,4090
1689018783909,-376,4090
1689018783912,-376,4090
1689018783915,-376,4090
1689018783918,-376,4090
1689018783921,-376,4090
1689018783923,-376,4090
1689018783926,-376,4090
1689018783929,-376,4090
1689018783932,-376,4090
1689018783935,-376,4090
1689018783938,-376,4090
1689018783940,-376,4090
1689018783943,-376,4090
1689018783946,-376,4090
1689018783949,-376,4090
1689018783952,-376,4090
1689018783954,-376,4090
1689018783957,-376,4090
1689018783960,-376,4090
1689018783963,-376,4090
1689018783966,-376,4090
1689018783969,-376,4090
1689018783971,-376,4090
1689018783974,-376,4090
1689018783977,-376,4090
1689018783980,-376,4090
1689018783982,-376,4090
1689018783985,-376,4090
1689018783988,-376,4090
1689018783991,-376,4090
1689018783994,-376,4090
1689018783996,-376,4090
1689018783999,-376,4090
1689018784002,-376,4090
1689018784005,-376,4090
1689018784008,-376,4090
1689018784011,-376,4090
1689018784013,-376,4090
1689018784016,-376,4090
1689018784019,-376,4090
1689018784022,-376,4090
1689018784025,-376,4090
1689018784027,-376,4090
1689018784030,-376,4090
1689018784033,-376,4090
1689018784036,-376,4090
1689018784038,-376,4090
1689018784041,-376,4090
1689018784044,-376,4090
1689018784047,-376,4090
1689018784049,-376,4090
1689018784052,-376,4090
1689018784055,-376,4090
1689018784058,-376,4090
1689018784061,-376,4090
1689018784063,-376,4090
1689018784066,-376,4090
1689018784069,-376,4090
1689018784072,-376,4090
1689018784075,-376,4090
1689018784077,-376,4090
1689018784080,-376,4090
1689018784083,-376,4090
1689018784086,-376,4090
1689018784089,-376,4090
1689018784091,-376,4090
1689018784094,-376,4090
1689018784097,-376,4090
1689018784100,-376,4090
1689018784102,-376,4090
1689018784105,-376,4090
1689018784108,-376,4090
1689018784111,-376,4090
1689018784114,-376,4090
1689018784116,-376,4090
1689018784119,-376,4090
1689018784122,-376,4090
1689018784125,-376,4090
1689018784128,-376,4090
1689018784130,-376,4090
1689018784133,-376,4090
1689018784136,-376,4090
1689018784139,-376,4090
1689018784142,-376,4090
1689018784145,-376,4090
1689018784148,-376,4090
1689018784151,-376,4090
1689018784153,-376,4090
1689018784156,-376,4090
1689018784159,-376,4090
1689018784162,-376,4090
1689018784164,-376,4090
1689018784167,-376,4090
1689018784170,-376,4090
1689018784173,-376,4090
1689018784176,-376,4090
1689018784178,-376,4090
1689018784181,-376,4090
1689018784184,-376,4090
1689018784187,-376,4090
1689018784189,-376,4090
1689018784192,-376,4090
1689018784195,-376,4090
1689018784198,-376,4090
1689018784201,-376,4090
1689018784203,-376,4090
1689018784206,-376,4090
1689018784209,-376,4090
1689018784212,-376,4090
1689018784214,-376,4090
1689018784217,-376,4090
1689018784220,-376,4090
1689018784223,-376,4090
1689018784227,-376,4090
1689018784230,-376,4090
1689018784233,-376,4090
1689018784236,-376,4090
1689018784239,-376,4090
1689018784242,-376,4090
1689018784244,-376,4090
1689018784247,-376,4090
1689018784250,-376,4090
1689018784253,-376,4090
1689018784256,-376,4090
1689018784258,-376,4090
1689018784261,-376,4090
1689018784264,-376,4090
1689018784267,-376,4090
1689018784270,-376,4090
1689018784272,-376,4090
1689018784275,-376,4090
1689018784278,-376,4090
1689018784281,-376,4090
1689018784283,-376,4090
1689018784286,-376,4090
1689018784289,-376,4090
1689018784292,-376,4090
1689018784294,-376,4090
1689018784297,-376,4090
1689018784300,-376,4090
1689018784303,-376,4090
1689018784305,-376,4090
1689018784308,-376,4090
1689018784311,-376,4090
1689018784314,-376,4090
1689018784316,-376,4090
1689018784319,-376,4090
1689018784322,-376,4090
1689018784325,-376,4090
1689018784328,-376,4090
1689018784331,-376,4090
1689018784333,-376,4090
1689018784336,-376,4090
1689018784339,-376,4090
1689018784342,-376,4090
1689018784345,-376,4090
1689018784348,-376,4090
1689018784350,-376,4090
1689018784353,-376,4090
1689018784356,-376,4090
1689018784359,-376,4090
1689018784361,-376,4090
1689018784364,-376,4090
1689018784367,-376,4090
1689018784370,-376,4090
1689018784373,-376,4090
1689018784375,-376,4090
1689018784378,-376,4090
1689018784381,-376,4090
1689018784383,-376,4090
1689018784386,-376,4090
1689018784389,-376,4090
1689018784392,-376,4090
1689018784395,-376,4090
1689018784397,-376,4090
1689018784400,-376,4090
1689018784403,-376,4090
1689018784406,-376,4090
1689018784408,-376,4090
1689018784411,-376,4090
1689018784414,-376,4090
1689018784417,-376,4090
1689018784419,-376,4090
1689018784422,-376,4090
1689018784425,-376,4090
1689018784428,-376,4090
1689018784431,-376,4090
1689018784433,-376,4090
1689018784436,-376,4090
1689018784439,-376,4090
1689018784442,-376,4090
1689018784444,-376,4090
1689018784447,-376,4090
1689018784450,-376,4090
1689018784453,-376,4090
1689018784456,-376,4090
1689018784459,-376,4090
1689018784461,-376,4090
1689018784464,-376,4090
1689018784467,-376,4090
1689018784470,-376,4090
1689018784472,-376,4090
1689018784475,-376,4090
1689018784478,-376,4090
1689018784481,-376,4090
1689018784484,-376,4090
1689018784486,-376,4090
1689018784489,-376,4090
1689018784492,-376,4090
1689018784495,-376,4090
1689018784497,-376,4090
1689018784500,-376,4090
1689018784503,-376,4090
1689018784506,-376,4090
1689018784508,-376,4090
1689018784511,-376,4090
1689018784514,-376,4090
1689018784517,-376,4090
1689018784519,-376,4090
1689018784522,-376,4090
1689018784525,-376,4090
1689018784528,-376,4090
1689018784530,-376,4090
1689018784533,-376,4090
1689018784536,-376,4090
1689018784539,-376,4090
1689018784542,-376,4090
1689018784545,-376,4090
1689018784547,-376,4090
1689018784550,-376,4090
1689018784553,-376,4090
1689018784556,-376,4090
1689018784559,-376,4090
1689018784561,-376,4090
1689018784564,-376,4090
1689018784567,-376,4090
1689018784569,-376,4090
1689018784572,-376,4090
1689018784575,-376,4090
1689018784578,-376,4090
1689018784581,-376,4090
1689018784583,-376,4090
1689018784586,-376,4090
1689018784589,-376,4090
1689018784592,-376,4090
1689018784594,-376,4090
1689018784597,-376,4090
1689018784600,-376,4090
1689018784603,-376,4090
1689018784606,-376,4090
1689018784608,-376,4090
1689018784611,-376,4090
1689018784614,-376,4090
1689018784616,-376,4090
1689018784619,-376,4090
1689018784622,-376,4090
1689018784625,-376,4090
1689018784628,-376,4090
1689018784630,-376,4090
1689018784633,-376,4090
1689018784636,-376,4090
1689018784639,-376,4090
1689018784641,-376,4090
1689018784644,-376,4090
1689018784647,-376,4090
1689018784650,-376,4090
1689018784652,-376,4090
1689018784655,-376,4090
1689018784658,-376,4090
1689018784661,-376,4090
1689018784663,-376,4090
1689018784666,-376,4090
1689018784669,-376,4090
1689018784672,-376,4090
1689018784674,-376,4090
1689018784677,-376,4090
1689018784680,-376,4090
1689018784683,-376,4090
1689018784686,-376,4090
1689018784688,-376,4090
1689018784691,-376,4090
1689018784694,-376,4090
1689018784697,-376,4090
1689018784699,-376,4090
1689018784702,-376,4090
1689018784705,-376,4090
1689018784708,-376,4090
1689018784710,-376,4090
1689018784713,-376,4090
1689018784716,-376,4090
1689018784718,-376,4090
1689018784721,-376,4090
1689018784724,-376,4090
1689018784727,-376,4090
1689018784730,-376,4090
1689018784732,-376,4090
1689018784735,-376,4090
1689018784738,-376,4090
1689018784741,-376,4090
1689018784744,-376,4090
1689018784746,-376,4090
1689018784749,-376,4090
1689018784752,-376,4090
1689018784755,-376,4090
1689018784757,-376,4090
1689018784760,-376,4090
1689018784763,-376,4090
1689018784766,-376,4090
1689018784769,-376,4090
1689018784772,-376,4090
1689018784774,-376,4090
1689018784777,-376,4090
1689018784780,-376,4090
1689018784782,-376,4090
1689018784785,-376,4090
1689018784788,-376,4090
1689018784791,-376,4090
1689018784794,-376,4090
1689018784796,-376,4090
1689018784799,-376,4090
1689018784802,-376,4090
1689018784805,-376,4090
1689018784807,-376,4090
1689018784810,-376,4090
1689018784813,-376,4090
1689018784816,-376,4090
1689018784818,-376,4090
1689018784821,-376,4090
1689018784824,-376,4090
1689018784827,-376,4090
1689018784829,-376,4090
1689018784832,-376,4090
1689018784835,-376,4090
1689018784838,-376,4090
1689018784840,-376,4090
1689018784843,-376,4090
1689018784846,-376,4090
1689018784849,-376,4090
1689018784852,-376,4090
1689018784854,-376,4090
1689018784857,-376,4090
1689018784860,-376,4090
1689018784863,-376,4090
1689018784866,-376,4090
1689018784868,-376,4090
1689018784871,-376,4090
1689018784874,-376,4090
1689018784877,-376,4090
1689018784879,-376,4090
1689018784882,-376,4090
1689018784885,-376,4090
1689018784887,-376,4090
1689018784890,-376,4090
1689018784893,-376,4090
1689018784896,-376,4090
1689018784898,-376,4090
1689018784901,-376,4090
1689018784904,-376,4090
1689018784907,-376,4090
1689018784909,-376,4090
1689018784912,-376,4090
1689018784915,-376,4090
1689018784918,-376,4090
1689018784920,-376,4090
1689018784923,-376,4090
1689018784926,-376,4090
1689018784929,-376,4090
1689018784931,-376,4090
1689018784934,-376,4090
1689018784937,-376,4090
1689018784940,-376,4090
1689018784943,-376,4090
1689018784945,-376,4090
1689018784948,-376,4090
1689018784951,-376,4090
1689018784954,-376,4090
1689018784956,-376,4090
1689018784959,-376,4090
1689018784962,-376,4090
1689018784965,-376,4090
1689018784968,-376,4090
1689018784970,-376,4090
1689018784973,-376,4090
1689018784976,-376,4090
1689018784979,-376,4090
1689018784982,-376,4090
1689018784984,-376,4090
1689018784987,-376,4090
1689018784992,-376,4090
1689018784994,-376,4090
1689018784997,-376,4090
1689018785000,-376,4090
1689018785003,-376,4090
1689018785006,-376,4090
1689018785009,-376,4090
1689018785012,-376,4090
1689018785014,-376,4090
1689018785017,-376,4090
1689018785020,-376,4090
1689018785023,-376,4090
1689018785025,-376,4090
1689018785028,-376,4090
1689018785031,-376,4090
1689018785034,-376,4090
1689018785036,-376,4090
1689018785039,-376,4090
1689018785042,-376,4090
1689018785045,-376,4090
1689018785047,-376,4090
1689018785050,-376,4090
1689018785053,-376,4090
1689018785056,-376,4090
1689018785059,-376,4090
1689018785061,-376,4090
1689018785064,-376,4090
1689018785067,-376,4090
1689018785070,-376,4090
1689018785073,-376,4090
1689018785075,-376,4090
1689018785078,-376,4090
1689018785081,-376,4090
1689018785083,-376,4090
1689018785086,-376,4090
1689018785089,-376,4090
1689018785092,-376,4090
1689018785095,-376,4090
1689018785097,-376,4090
1689018785100,-376,4090
1689018785103,-376,4090
1689018785106,-376,4090
1689018785108,-376,4090
1689018785111,-376,4090
1689018785114,-376,4090
1689018785117,-376,4090
1689018785120,-376,4090
1689018785123,-376,4090
1689018785126,-376,4090
1689018785128,-376,4090
1689018785131,-376,4090
1689018785134,-376,4090
1689018785137,-376,4090
1689018785139,-376,4090
1689018785142,-376,4090
1689018785145,-376,4090
1689018785148,-376,4090
1689018785150,-376,4090
1689018785153,-376,4090
1689018785156,-376,4090
1689018785159,-376,4090
1689018785162,-376,4090
1689018785164,-376,4090
1689018785167,-376,4090
1689018785170,-376,4090
1689018785173,-376,4090
1689018785176,-376,4090
1689018785178,-376,4090
1689018785181,-376,4090
1689018785184,-376,4090
1689018785187,-376,4090
1689018785189,-376,4090
1689018785192,-376,4090
1689018785195,-376,4090
1689018785198,-376,4090
1689018785200,-376,4090
1689018785203,-376,4090
1689018785206,-376,4090
1689018785209,-376,4090
1689018785211,-376,4090
1689018785214,-376,4090
1689018785217,-376,4090
1689018785220,-376,4090
1689018785223,-376,4090
1689018785226,-376,4090
1689018785229,-376,4090
1689018785232,-376,4090
1689018785235,-376,4090
1689018785237,-376,4090
1689018785240,-376,4090
1689018785243,-376,4090
1689018785246,-376,4090
1689018785249,-376,4090
1689018785251,-376,4090
1689018785254,-376,4090
1689018785257,-376,4090
1689018785260,-376,4090
1689018785262,-376,4090
1689018785265,-376,4090
1689018785268,-376,4090
1689018785271,-376,4090
1689018785274,-376,4090
1689018785277,-376,4090
1689018785280,-376,4090
1689018785282,-376,4090
1689018785285,-376,4090
1689018785288,-376,4090
1689018785291,-376,4090
1689018785294,-376,4090
1689018785297,-376,4090
1689018785300,-376,4090
1689018785302,-376,4090
1689018785305,-376,4090
1689018785308,-376,4090
1689018785311,-376,4090
1689018785313,-376,4090
1689018785316,-376,4090
1689018785319,-376,4090
1689018785322,-376,4090
1689018785324,-376,4090
1689018785327,-376,4090
1689018785330,-376,4090
1689018785333,-376,4090
1689018785336,-376,4090
1689018785339,-376,4090
1689018785342,-376,4090
1689018785344,-376,4090
1689018785347,-376,4090
1689018785350,-376,4090
1689018785353,-376,4090
1689018785356,-376,4090
1689018785360,-376,4090
1689018785362,-376,4090
1689018785365,-376,4090
1689018785368,-376,4090
1689018785371,-376,4090
1689018785374,-376,4090
1689018785377,-376,4090
1689018785379,-376,4090
1689018785382,-376,4090
1689018785385,-376,4090
1689018785388,-376,4090
1689018785391,-376,4090
1689018785393,-376,4090
1689018785396,-376,4090
1689018785399,-376,4090
1689018785402,-376,4090
1689018785405,-376,4090
1689018785407,-376,4090
1689018785410,-376,4090
1689018785413,-376,4090
1689018785416,-376,4090
1689018785419,-376,4090
1689018785421,-376,4090
1689018785424,-376,4090
1689018785427,-376,4090
1689018785430,-376,4090
1689018785433,-376,4090
1689018785435,-376,4090
1689018785438,-376,4090
1689018785441,-376,4090
1689018785444,-376,4090
1689018785447,-376,4090
1689018785450,-376,4090
1689018785452,-376,4090
1689018785455,-376,4090
1689018785458,-376,4090
1689018785461,-376,4090
1689018785464,-376,4090
1689018785466,-376,4090
1689018785469,-376,4090
1689018785472,-376,4090
1689018785475,-376,4090
1689018785478,-376,4090
1689018785480,-376,4090
1689018785483,-376,4090
1689018785486,-376,4090
1689018785489,-376,4090
1689018785492,-376,4090
1689018785494,-376,4090
1689018785497,-376,4090
1689018785500,-376,4090
1689018785503,-376,4090
1689018785506,-376,4090
1689018785509,-376,4090
1689018785511,-376,4090
1689018785514,-376,4090
1689018785517,-376,4090
1689018785520,-376,4090
1689018785522,-376,4090
1689018785525,-376,4090
1689018785528,-376,4090
1689018785531,-376,4090
1689018785534,-376,4090
1689018785536,-376,4090
1689018785539,-376,4090
1689018785543,-376,4090
1689018785546,-376,4090
1689018785548,-376,4090
1689018785551,-376,4090
1689018785554,-376,4090
1689018785557,-376,4090
1689018785559,-376,4090
1689018785562,-376,4090
1689018785565,-376,4090
1689018785568,-376,4090
1689018785570,-376,4090
1689018785573,-376,4090
1689018785576,-376,4090
1689018785579,-376,4090
1689018785582,-376,4090
1689018785584,-376,4090
1689018785587,-376,4090
1689018785590,-376,4090
1689018785593,-376,4090
1689018785596,-376,4090
1689018785598,-376,4090
1689018785601,-376,4090
1689018785604,-376,4090
1689018785607,-376,4090
1689018785610,-376,4090
1689018785612,-376,4090
1689018785615,-376,4090
1689018785618,-376,4090
1689018785621,-376,4090
1689018785623,-376,4090
1689018785626,-376,4090
1689018785629,-376,4090
1689018785632,-376,4090
1689018785635,-376,4090
1689018785637,-376,4090
1689018785640,-376,4090
1689018785643,-376,4090
1689018785646,-376,4090
1689018785648,-376,4090
1689018785651,-376,4090
1689018785654,-376,4090
1689018785657,-376,4090
1689018785660,-376,4090
1689018785662,-376,4090
1689018785665,-376,4090
1689018785668,-376,4090
1689018785671,-376,4090
1689018785673,-376,4090
1689018785676,-376,4090
1689018785679,-376,4090
1689018785682,-376,4090
1689018785685,-376,4090
1689018785687,-376,4090
1689018785690,-376,4090
1689018785693,-376,4090
1689018785696,-376,4090
1689018785698,-376,4090
1689018785701,-376,4090
1689018785704,-376,4090
1689018785707,-376,4090
1689018785710,-376,4090
1689018785712,-376,4090
1689018785715,-376,4090
1689018785718,-376,4090
1689018785721,-376,4090
1689018785724,-376,4090
1689018785726,-376,4090
1689018785729,-376,4090
1689018785732,-376,4090
1689018785735,-376,4090
1689018785738,-376,4090
1689018785741,-376,4090
1689018785743,-376,4090
1689018785746,-376,4090
1689018785749,-376,4090
1689018785752,-376,4090
1689018785755,-376,4090
1689018785757,-376,4090
1689018785760,-376,4090
1689018785763,-376,4090
1689018785766,-376,4090
1689018785769,-376,4090
1689018785771,-376,4090
1689018785774,-376,4090
1689018785777,-376,4090
1689018785779,-376,4090
1689018785782,-376,4090
1689018785785,-376,4090
1689018785788,-376,4090
1689018785791,-376,4090
1689018785793,-376,4090
1689018785796,-376,4090
1689018785799,-376,4090
1689018785802,-376,4090
1689018785805,-376,4090
1689018785808,-376,4090
1689018785810,-376,4090
1689018785813,-376,4090
1689018785816,-376,4090
1689018785819,-376,4090
1689018785821,-376,4090
1689018785824,-376,4090
1689018785827,-376,4090
1689018785830,-376,4090
1689018785833,-376,4090
1689018785836,-376,4090
1689018785839,-376,4090
1689018785841,-376,4090
1689018785844,-376,4090
1689018785847,-376,4090
1689018785850,-376,4090
1689018785852,-376,4090
1689018785855,-376,4090
1689018785858,-376,4090
1689018785861,-376,4090
1689018785864,-376,4090
1689018785867,-376,4090
1689018785870,-376,4090
1689018785872,-376,4090
1689018785875,-376,4090
1689018785878,-376,4090
1689018785881,-376,4090
1689018785883,-376,4090
1689018785886,-376,4090
1689018785889,-376,4090
1689018785892,-376,4090
1689018785895,-376,4090
1689018785899,-376,4090
1689018785902,-376,4090
1689018785904,-376,4090
1689018785907,-376,4090
1689018785910,-376,4090
1689018785913,-376,4090
1689018785916,-376,4090
1689018785918,-376,4090
1689018785921,-376,4090
1689018785924,-376,4090
1689018785927,-376,4090
1689018785929,-376,4090
1689018785932,-376,4090
1689018785935,-376,4090
1689018785938,-376,4090
1689018785940,-376,4090
1689018785943,-376,4090
1689018785946,-376,4090
1689018785949,-376,4090
1689018785951,-376,4090
1689018785954,-376,4090
1689018785957,-376,4090
1689018785960,-376,4090
1689018785962,-376,4090
1689018785965,-376,4090
1689018785968,-376,4090
1689018785971,-376,4090
1689018785974,-376,4090
1689018785977,-376,4090
1689018785980,-376,4090
1689018785982,-376,4090
1689018785985,-376,4090
1689018785989,-376,4090
1689018785992,-376,4090
1689018785994,-376,4090
1689018785997,-376,4090
1689018786000,-376,4090
1689018786003,-376,4090
1689018786006,-376,4090
1689018786009,-376,4090
1689018786012,-376,4090
1689018786015,-376,4090
1689018786018,-376,4090
1689018786021,-376,4090
1689018786023,-376,4090
1689018786026,-376,4090
1689018786029,-376,4090
1689018786032,-376,4090
1689018786035,-376,4090
1689018786038,-376,4090
1689018786041,-376,4090
1689018786044,-376,4090
1689018786047,-376,4090
1689018786050,-376,4090
1689018786053,-376,4090
1689018786055,-376,4090
1689018786058,-376,4090
1689018786061,-376,4090
1689018786064,-376,4090
1689018786066,-376,4090
1689018786069,-376,4090
1689018786072,-376,4090
1689018786075,-376,4090
1689018786078,-376,4090
1689018786081,-376,4090
1689018786084,-376,4090
1689018786086,-376,4090
1689018786089,-376,4090
1689018786092,-376,4090
1689018786095,-376,4090
1689018786098,-376,4090
1689018786100,-376,4090
1689018786103,-376,4090
1689018786106,-376,4090
1689018786113,-376,4090
1689018786117,-376,4090
1689018786121,-376,4090
1689018786124,-376,4090
1689018786127,-376,4090
1689018786130,-376,4090
1689018786132,-376,4090
1689018786135,-376,4090
1689018786138,-376,4090
1689018786140,-376,4090
1689018786143,-376,4090
1689018786146,-376,4090
1689018786149,-376,4090
1689018786152,-376,4090
1689018786154,-376,4090
1689018786157,-376,4090
1689018786160,-376,4090
1689018786163,-376,4090
1689018786166,-376,4090
1689018786168,-376,4090
1689018786171,-376,4090
1689018786174,-376,4090
1689018786177,-376,4090
1689018786180,-376,4090
1689018786182,-376,4090
1689018786185,-376,4090
1689018786188,-376,4090
1689018786191,-376,4090
1689018786194,-376,4090
1689018786196,-376,4090
1689018786199,-376,4090
1689018786202,-376,4090
1689018786205,-376,4090
1689018786208,-376,4090
1689018786211,-376,4090
1689018786213,-376,4090
1689018786216,-376,4090
1689018786219,-376,4090
1689018786222,-376,4090
1689018786225,-376,4090
1689018786228,-376,4090
1689018786231,-376,4090
1689018786233,-376,4090
1689018786236,-376,4090
1689018786239,-376,4090
1689018786242,-376,4090
1689018786244,-376,4090
1689018786247,-376,4090
1689018786250,-376,4090
1689018786253,-376,4090
1689018786256,-376,4090
1689018786258,-376,4090
1689018786261,-376,4090
1689018786264,-376,4090
1689018786267,-376,4090
1689018786269,-376,4090
1689018786272,-376,4090
1689018786275,-376,4090
1689018786278,-376,4090
1689018786281,-376,4090
1689018786283,-376,4090
1689018786286,-376,4090
1689018786289,-376,4090
1689018786292,-376,4090
1689018786294,-376,4090
1689018786297,-376,4090
1689018786300,-376,4090
1689018786303,-376,4090
1689018786306,-376,4090
1689018786308,-376,4090
1689018786311,-376,4090
1689018786314,-376,4090
1689018786317,-376,4090
1689018786320,-376,4090
1689018786323,-376,4090
1689018786325,-376,4090
1689018786328,-376,4090
1689018786331,-376,4090
1689018786334,-376,4090
1689018786336,-376,4090
1689018786339,-376,4090
1689018786342,-376,4090
1689018786345,-376,4090
1689018786347,-376,4090
1689018786350,-376,4090
1689018786353,-376,4090
1689018786356,-376,4090
1689018786359,-376,4090
1689018786362,-376,4090
1689018786365,-376,4090
1689018786368,-376,4090
1689018786370,-376,4090
1689018786373,-376,4090
1689018786376,-376,4090
1689018786379,-376,4090
1689018786382,-376,4090
1689018786384,-376,4090
1689018786387,-376,4090
1689018786390,-376,4090
1689018786392,-376,4090
1689018786395,-376,4090
1689018786398,-376,4090
1689018786401,-376,4090
1689018786404,-376,4090
1689018786407,-376,4090
1689018786410,-376,4090
1689018786412,-376,4090
1689018786415,-376,4090
1689018786418,-376,4090
1689018786421,-376,4090
1689018786424,-376,4090
1689018786427,-376,4090
1689018786430,-376,4090
1689018786432,-376,4090
1689018786435,-376,4090
1689018786438,-376,4090
1689018786441,-376,4090
1689018786443,-376,4090
1689018786446,-376,4090
1689018786449,-376,4090
1689018786452,-376,4090
1689018786455,-376,4090
1689018786458,-376,4090
1689018786460,-376,4090
1689018786463,-376,4090
1689018786466,-376,4090
1689018786469,-376,4090
1689018786472,-376,4090
1689018786475,-376,4090
1689018786478,-376,4090
1689018786480,-376,4090
1689018786483,-376,4090
1689018786486,-376,4090
1689018786489,-376,4090
1689018786492,-376,4090
1689018786494,-376,4090
1689018786497,-376,4090
1689018786500,-376,4090
1689018786503,-376,4090
1689018786506,-376,4090
1689018786508,-376,4090
1689018786511,-376,4090
1689018786514,-376,4090
1689018786517,-376,4090
1689018786519,-376,4090
1689018786522,-376,4090
1689018786525,-376,4090
1689018786528,-376,4090
1689018786530,-376,4090
1689018786533,-376,4090
1689018786536,-376,4090
1689018786539,-376,4090
1689018786541,-376,4090
1689018786544,-376,4090
1689018786547,-376,4090
1689018786550,-376,4090
1689018786552,-376,4090
1689018786555,-376,4090
1689018786558,-376,4090
1689018786561,-376,4090
1689018786564,-376,4090
1689018786567,-376,4090
1689018786569,-376,4090
1689018786572,-376,4090
1689018786575,-376,4090
1689018786578,-376,4090
1689018786581,-376,4090
1689018786583,-376,4090
1689018786586,-376,4090
1689018786589,-376,4090
1689018786592,-376,4090
1689018786595,-376,4090
1689018786598,-376,4090
1689018786600,-376,4090
1689018786603,-376,4090
1689018786606,-376,4090
1689018786609,-376,4090
1689018786612,-376,4090
1689018786614,-376,4090
1689018786617,-376,4090
1689018786620,-376,4090
1689018786623,-376,4090
1689018786626,-376,4090
1689018786629,-376,4090
1689018786632,-376,4090
1689018786634,-376,4090
1689018786637,-376,4090
1689018786640,-376,4090
1689018786643,-376,4090
1689018786646,-376,4090
1689018786648,-376,4090
1689018786651,-376,4090
1689018786654,-376,4090
1689018786657,-376,4090
1689018786659,-376,4090
1689018786662,-376,4090
1689018786665,-376,4090
1689018786668,-376,4090
1689018786670,-376,4090
1689018786673,-376,4090
1689018786676,-376,4090
1689018786679,-376,4090
1689018786681,-376,4090
1689018786684,-376,4090
1689018786687,-376,4090
1689018786690,-376,4090
1689018786693,-376,4090
1689018786696,-376,4090
1689018786698,-376,4090
1689018786701,-376,4090
1689018786704,-376,4090
1689018786707,-376,4090
1689018786710,-376,4090
1689018786712,-376,4090
1689018786715,-376,4090
1689018786718,-376,4090
1689018786721,-376,4090
1689018786724,-376,4090
1689018786727,-376,4090
1689018786729,-376,4090
1689018786732,-376,4090
1689018786735,-376,4090
1689018786738,-376,4090
1689018786741,-376,4090
1689018786743,-376,4090
1689018786746,-376,4090
1689018786749,-376,4090
1689018786752,-376,4090
1689018786755,-376,4090
1689018786758,-376,4090
1689018786761,-376,4090
1689018786764,-376,4090
1689018786766,-376,4090
1689018786769,-376,4090
1689018786772,-376,4090
1689018786775,-376,4090
1689018786778,-376,4090
1689018786781,-376,4090
1689018786783,-376,4090
1689018786786,-376,4090
1689018786789,-376,4090
1689018786792,-376,4090
1689018786795,-376,4090
1689018786797,-376,4090
1689018786800,-376,4090
1689018786803,-376,4090
1689018786806,-376,4090
1689018786809,-376,4090
1689018786811,-376,4090
1689018786814,-376,4090
1689018786817,-376,4090
1689018786819,-376,4090
1689018786822,-376,4090
1689018786825,-376,4090
1689018786828,-376,4090
1689018786831,-376,4090
1689018786834,-376,4090
1689018786836,-376,4090
1689018786839,-376,4090
1689018786842,-376,4090
1689018786845,-376,4090
1689018786848,-376,4090
1689018786850,-376,4090
1689018786853,-376,4090
1689018786856,-376,4090
1689018786859,-376,4090
1689018786862,-376,4090
1689018786864,-376,4090
1689018786867,-376,4090
1689018786870,-376,4090
1689018786873,-376,4090
1689018786875,-376,4090
1689018786878,-376,4090
1689018786881,-376,4090
1689018786883,-376,4090
1689018786886,-376,4090
1689018786889,-376,4090
1689018786892,-376,4090
1689018786895,-376,4090
1689018786897,-376,4090
1689018786900,-376,4090
1689018786903,-376,4090
1689018786906,-376,4090
1689018786908,-376,4090
1689018786911,-376,4090
1689018786914,-376,4090
1689018786917,-376,4090
1689018786920,-376,4090
1689018786923,-376,4090
1689018786926,-376,4090
1689018786928,-376,4090
1689018786931,-376,4090
1689018786934,-376,4090
1689018786937,-376,4090
1689018786940,-376,4090
1689018786942,-376,4090
1689018786945,-376,4090
1689018786948,-376,4090
1689018786950,-376,4090
1689018786953,-376,4090
1689018786956,-376,4090
1689018786959,-376,4090
1689018786962,-376,4090
1689018786965,-376,4090
1689018786967,-376,4090
1689018786970,-376,4090
1689018786973,-376,4090
1689018786976,-376,4090
1689018786979,-376,4090
1689018786982,-376,4090
1689018786985,-376,4090
1689018786987,-376,4090
1689018786990,-376,4090
1689018786993,-376,4090
1689018786996,-376,4090
1689018786999,-376,4090
1689018787001,-376,4090
1689018787004,-376,4090
1689018787007,-376,4090
1689018787010,-376,4090
1689018787012,-376,4090
1689018787015,-376,4090
1689018787018,-376,4090
1689018787021,-376,4090
1689018787024,-376,4090
1689018787027,-376,4090
1689018787029,-376,4090
1689018787032,-376,4090
1689018787035,-376,4090
1689018787038,-376,4090
1689018787041,-376,4090
1689018787043,-376,4090
1689018787046,-376,4090
1689018787049,-376,4090
1689018787052,-376,4090
1689018787055,-376,4090
1689018787057,-376,4090
1689018787060,-376,4090
1689018787063,-376,4090
1689018787066,-376,4090
1689018787068,-376,4090
1689018787072,-376,4090
1689018787074,-376,4090
1689018787077,-376,4090
1689018787080,-376,4090
1689018787083,-376,4090
1689018787085,-376,4090
1689018787088,-376,4090
1689018787091,-376,4090
1689018787094,-376,4090
1689018787096,-376,4090
1689018787099,-376,4090
1689018787102,-376,4090
1689018787105,-376,4090
1689018787108,-376,4090
1689018787111,-376,4090
1689018787114,-376,4090
1689018787117,-376,4090
1689018787120,-376,4090
1689018787123,-376,4090
1689018787125,-376,4090
1689018787128,-376,4090
1689018787131,-376,4090
1689018787134,-376,4090
1689018787137,-376,4090
1689018787140,-376,4090
1689018787142,-376,4090
1689018787145,-376,4090
1689018787148,-376,4090
1689018787151,-376,4090
1689018787154,-376,4090
1689018787157,-376,4090
1689018787160,-376,4090
1689018787162,-376,4090
1689018787165,-376,4090
1689018787168,-376,4090
1689018787171,-376,4090
1689018787173,-376,4090
1689018787176,-376,4090
1689018787179,-376,4090
1689018787182,-376,4090
1689018787184,-376,4090
1689018787187,-376,4090
1689018787190,-376,4090
1689018787193,-376,4090
1689018787195,-376,4090
1689018787198,-376,4090
1689018787201,-376,4090
1689018787204,-376,4090
1689018787206,-376,4090
1689018787209,-376,4090
1689018787212,-376,4090
1689018787215,-376,4090
1689018787217,-376,4090
1689018787220,-376,4090
1689018787223,-376,4090
1689018787226,-376,4090
1689018787229,-376,4090
1689018787231,-376,4090
1689018787234,-376,4090
1689018787237,-376,4090
1689018787239,-376,4090
1689018787242,-376,4090
1689018787245,-376,4090
1689018787248,-376,4090
1689018787251,-376,4090
1689018787254,-376,4090
1689018787256,-376,4090
1689018787259,-376,4090
1689018787262,-376,4090
1689018787265,-376,4090
1689018787267,-376,4090
1689018787270,-376,4090
1689018787273,-376,4090
1689018787276,-376,4090
1689018787278,-376,4090
1689018787281,-376,4090
1689018787284,-376,4090
1689018787287,-376,4090
1689018787289,-376,4090
1689018787292,-376,4090
1689018787295,-376,4090
1689018787298,-376,4090
1689018787301,-376,4090
1689018787303,-376,4090
1689018787306,-376,4090
1689018787309,-376,4090
1689018787311,-376,4090
1689018787314,-376,4090
1689018787317,-376,4090
1689018787320,-376,4090
1689018787326,-376,4090
1689018787329,-376,4090
1689018787332,-376,4090
1689018787335,-376,4090
1689018787338,-376,4090
1689018787340,-376,4090
1689018787343,-376,4090
1689018787346,-376,4090
1689018787349,-376,4090
1689018787352,-376,4090
1689018787354,-376,4090
1689018787357,-376,4090
1689018787360,-376,4090
1689018787363,-376,4090
1689018787366,-376,4090
1689018787369,-376,4090
1689018787372,-376,4090
1689018787374,-376,4090
1689018787377,-376,4090
1689018787380,-376,4090
1689018787383,-376,4090
1689018787386,-376,4090
1689018787389,-376,4090
1689018787391,-376,4090
1689018787394,-376,4090
1689018787397,-376,4090
1689018787399,-376,4090
1689018787402,-376,4090
1689018787405,-376,4090
1689018787408,-376,4090
1689018787411,-376,4090
1689018787413,-376,4090
1689018787416,-376,4090
1689018787419,-376,4090
1689018787422,-376,4090
1689018787425,-376,4090
1689018787428,-376,4090
1689018787430,-376,4090
1689018787433,-376,4090
1689018787436,-376,4090
1689018787439,-376,4090
1689018787441,-376,4090
1689018787445,-376,4090
1689018787447,-376,4090
1689018787450,-376,4090
1689018787453,-376,4090
1689018787456,-376,4090
1689018787459,-376,4090
1689018787461,-376,4090
1689018787464,-376,4090
1689018787467,-376,4090
1689018787470,-376,4090
1689018787472,-376,4090
1689018787475,-376,4090
1689018787478,-376,4090
1689018787481,-376,4090
1689018787483,-376,4090
1689018787486,-376,4090
1689018787489,-376,4090
1689018787492,-376,4090
1689018787495,-376,4090
1689018787497,-376,4090
1689018787500,-376,4090
1689018787503,-376,4090
1689018787506,-376,4090
1689018787508,-376,4090
1689018787511,-376,4090
1689018787514,-376,4090
1689018787517,-376,4090
1689018787520,-376,4090
1689018787523,-376,4090
1689018787525,-376,4090
1689018787528,-376,4090
1689018787531,-376,4090
1689018787534,-376,4090
1689018787537,-376,4090
1689018787539,-376,4090
1689018787542,-376,4090
1689018787545,-376,4090
1689018787548,-376,4090
1689018787551,-376,4090
1689018787553,-376,4090
1689018787556,-376,4090
1689018787559,-376,4090
1689018787562,-376,4090
1689018787564,-376,4090
1689018787567,-376,4090
1689018787570,-376,4090
1689018787573,-376,4090
1689018787576,-376,4090
1689018787579,-376,4090
1689018787581,-376,4090
1689018787584,-376,4090
1689018787587,-376,4090
1689018787590,-376,4090
1689018787593,-376,4090
1689018787596,-376,4090
1689018787599,-376,4090
1689018787601,-376,4090
1689018787604,-376,4090
1689018787607,-376,4090
1689018787610,-376,4090
1689018787612,-376,4090
1689018787615,-376,4090
1689018787618,-376,4090
1689018787621,-376,4090
1689018787623,-376,4090
1689018787626,-376,4090
1689018787629,-376,4090
1689018787632,-376,4090
1689018787634,-376,4090
1689018787637,-376,4090
1689018787640,-376,4090
1689018787643,-376,4090
1689018787646,-376,4090
1689018787648,-376,4090
1689018787651,-376,4090
1689018787654,-376,4090
1689018787657,-376,4090
1689018787659,-376,4090
1689018787662,-376,4090
1689018787665,-376,4090
1689018787668,-376,4090
1689018787670,-376,4090
1689018787673,-376,4090
1689018787676,-376,4090
1689018787679,-376,4090
1689018787682,-376,4090
1689018787684,-376,4090
1689018787687,-376,4090
1689018787690,-376,4090
1689018787693,-376,4090
1689018787696,-376,4090
1689018787699,-376,4090
1689018787701,-376,4090
1689018787704,-376,4090
1689018787707,-376,4090
1689018787710,-376,4090
1689018787712,-376,4090
1689018787715,-376,4090
1689018787718,-376,4090
1689018787721,-376,4090
1689018787724,-376,4090
1689018787726,-376,4090
1689018787729,-376,4090
1689018787732,-376,4090
1689018787735,-376,4090
1689018787738,-376,4090
1689018787740,-376,4090
1689018787743,-376,4090
1689018787746,-376,4090
1689018787749,-376,4090
1689018787752,-376,4090
1689018787754,-376,4090
1689018787757,-376,4090
1689018787760,-376,4090
1689018787763,-376,4090
1689018787766,-376,4090
1689018787768,-376,4090
1689018787771,-376,4090
1689018787774,-376,4090
1689018787777,-376,4090
1689018787780,-376,4090
1689018787782,-376,4090
1689018787785,-376,4090
1689018787788,-376,4090
1689018787791,-376,4090
1689018787794,-376,4090
1689018787796,-376,4090
1689018787799,-376,4090
1689018787802,-376,4090
1689018787805,-376,4090
1689018787807,-376,4090
1689018787810,-376,4090
1689018787813,-376,4090
1689018787816,-376,4090
1689018787818,-376,4090
1689018787821,-376,4090
1689018787824,-376,4090
1689018787827,-376,4090
1689018787830,-376,4090
1689018787833,-376,4090
1689018787835,-376,4090
1689018787838,-376,4090
1689018787841,-376,4090
1689018787844,-376,4090
1689018787847,-376,4090
1689018787850,-376,4090
1689018787853,-376,4090
1689018787855,-376,4090
1689018787858,-376,4090
1689018787861,-376,4090
1689018787864,-376,4090
1689018787866,-376,4090
1689018787869,-376,4090
1689018787872,-376,4090
1689018787875,-376,4090
1689018787877,-376,4090
1689018787880,-376,4090
1689018787883,-376,4090
1689018787886,-376,4090
1689018787888,-376,4090
1689018787891,-376,4090
1689018787894,-376,4090
1689018787897,-376,4090
1689018787899,-376,4090
1689018787902,-376,4090
1689018787905,-376,4090
1689018787908,-376,4090
1689018787910,-376,4090
1689018787913,-376,4090
1689018787916,-376,4090
1689018787919,-376,4090
1689018787921,-376,4090
1689018787924,-376,4090
1689018787927,-376,4090
1689018787930,-376,4090
1689018787932,-376,4090
1689018787935,-376,4090
1689018787938,-376,4090
1689018787941,-376,4090
1689018787943,-376,4090
1689018787946,-376,4090
1689018787949,-376,4090
1689018787952,-376,4090
1689018787955,-376,4090
1689018787958,-376,4090
1689018787960,-376,4090
1689018787963,-376,4090
1689018787966,-376,4090
1689018787969,-376,4090
1689018787971,-376,4090
1689018787974,-376,4090
1689018787977,-376,4090
1689018787980,-376,4090
1689018787983,-376,4090
1689018787985,-376,4090
1689018787988,-376,4090
1689018787991,-376,4090
1689018787994,-376,4090
1689018787997,-376,4090
1689018788003,-376,4090
1689018788006,-376,4090
1689018788009,-376,4090
1689018788012,-376,4090
1689018788015,-376,4090
1689018788018,-376,4090
1689018788021,-376,4090
1689018788024,-376,4090
1689018788026,-376,4090
1689018788029,-376,4090
1689018788032,-376,4090
1689018788035,-376,4090
1689018788037,-376,4090
1689018788040,-376,4090
1689018788043,-376,4090
1689018788046,-376,4090
1689018788048,-376,4090
1689018788051,-376,4090
1689018788054,-376,4090
1689018788057,-376,4090
1689018788060,-376,4090
1689018788062,-376,4090
1689018788065,-376,4090
1689018788068,-376,4090
1689018788071,-376,4090
1689018788073,-376,4090
1689018788076,-376,4090
1689018788079,-376,4090
1689018788082,-376,4090
1689018788084,-376,4090
1689018788087,-376,4090
1689018788090,-376,4090
1689018788093,-376,4090
1689018788095,-376,4090
1689018788098,-376,4090
1689018788101,-376,4090
1689018788103,-376,4090
1689018788106,-376,4090
1689018788109,-376,4090
1689018788112,-376,4090
1689018788115,-376,4090
1689018788118,-376,4090
1689018788121,-376,4090
1689018788123,-376,4090
1689018788126,-376,4090
1689018788129,-376,4090
1689018788132,-376,4090
1689018788134,-376,4090
1689018788137,-376,4090
1689018788140,-376,4090
1689018788142,-376,4090
1689018788145,-376,4090
1689018788148,-376,4090
1689018788151,-376,4090
1689018788154,-376,4090
1689018788156,-376,4090
1689018788159,-376,4090
1689018788162,-376,4090
1689018788165,-376,4090
1689018788167,-376,4090
1689018788170,-376,4090
1689018788173,-376,4090
1689018788176,-376,4090
1689018788179,-376,4090
1689018788182,-376,4090
1689018788184,-376,4090
1689018788187,-376,4090
1689018788190,-376,4090
1689018788193,-376,4090
1689018788196,-376,4090
1689018788198,-376,4090
1689018788201,-376,4090
1689018788204,-376,4090
1689018788207,-376,4090
1689018788210,-376,4090
1689018788212,-376,4090
1689018788215,-376,4090
1689018788218,-376,4090
1689018788221,-376,4090
1689018788223,-376,4090
1689018788226,-376,4090
1689018788229,-376,4090
1689018788232,-376,4090
1689018788234,-376,4090
1689018788237,-376,4090
1689018788240,-376,4090
1689018788243,-376,4090
1689018788245,-376,4090
1689018788248,-376,4090
1689018788251,-376,4090
1689018788254,-376,4090
1689018788256,-376,4090
1689018788259,-376,4090
1689018788262,-376,4090
1689018788265,-376,4090
1689018788267,-376,4090
1689018788270,-376,4090
1689018788273,-376,4090
1689018788276,-376,4090
1689018788278,-376,4090
1689018788281,-376,4090
1689018788284,-376,4090
1689018788287,-376,4090
1689018788289,-376,4090
1689018788292,-376,4090
1689018788295,-376,4090
1689018788298,-376,4090
1689018788300,-376,4090
1689018788303,-376,4090
1689018788306,-376,4090
1689018788309,-376,4090
1689018788312,-376,4090
1689018788314,-376,4090
1689018788317,-376,4090
1689018788320,-376,4090
1689018788323,-376,4090
1689018788326,-376,4090
1689018788328,-376,4090
1689018788331,-376,4090
1689018788334,-376,4090
1689018788337,-376,4090
1689018788339,-376,4090
1689018788342,-376,4090
1689018788345,-376,4090
1689018788348,-376,4090
1689018788350,-376,4090
1689018788353,-376,4090
1689018788356,-376,4090
1689018788359,-376,4090
1689018788362,-376,4090
1689018788364,-376,4090
1689018788368,-376,4090
1689018788370,-376,4090
1689018788373,-376,4090
1689018788376,-376,4090
1689018788379,-376,4090
1689018788382,-376,4090
1689018788384,-376,4090
1689018788387,-376,4090
1689018788390,-376,4090
1689018788393,-376,4090
1689018788396,-376,4090
1689018788398,-376,4090
1689018788401,-376,4090
1689018788404,-376,4090
1689018788407,-376,4090
1689018788410,-376,4090
1689018788412,-376,4090
1689018788415,-376,4090
1689018788418,-376,4090
1689018788421,-376,4090
1689018788424,-376,4090
1689018788427,-376,4090
1689018788430,-376,4090
1689018788433,-376,4090
1689018788436,-376,4090
1689018788439,-376,4090
1689018788441,-376,4090
1689018788444,-376,4090
1689018788447,-376,4090
1689018788450,-376,4090
1689018788452,-376,4090
1689018788455,-376,4090
1689018788458,-376,4090
1689018788461,-376,4090
1689018788463,-376,4090
1689018788466,-376,4090
1689018788469,-376,4090
1689018788472,-376,4090
1689018788475,-376,4090
1689018788477,-376,4090
1689018788480,-376,4090
1689018788483,-376,4090
1689018788486,-376,4090
1689018788488,-376,4090
1689018788491,-376,4090
1689018788494,-376,4090
1689018788497,-376,4090
1689018788500,-376,4090
1689018788502,-376,4090
1689018788505,-376,4090
1689018788508,-376,4090
1689018788511,-376,4090
1689018788513,-376,4090
1689018788516,-376,4090
1689018788519,-376,4090
1689018788522,-376,4090
1689018788524,-376,4090
1689018788527,-376,4090
1689018788530,-376,4090
1689018788533,-376,4090
1689018788536,-376,4090
1689018788538,-376,4090
1689018788541,-376,4090
1689018788544,-376,4090
1689018788547,-376,4090
1689018788550,-376,4090
1689018788553,-376,4090
1689018788555,-376,4090
1689018788558,-376,4090
1689018788561,-376,4090
1689018788564,-376,4090
1689018788567,-376,4090
1689018788570,-376,4090
1689018788573,-376,4090
1689018788575,-376,4090
1689018788578,-376,4090
1689018788581,-376,4090
1689018788584,-376,4090
1689018788586,-376,4090
1689018788589,-376,4090
1689018788592,-376,4090
1689018788595,-376,4090
1689018788597,-376,4090
1689018788600,-376,4090
1689018788603,-376,4090
1689018788606,-376,4090
1689018788608,-376,4090
1689018788611,-376,4090
1689018788614,-376,4090
1689018788617,-376,4090
1689018788619,-376,4090
1689018788622,-376,4090
1689018788625,-376,4090
1689018788628,-376,4090
1689018788631,-376,4090
1689018788634,-376,4090
1689018788637,-376,4090
1689018788640,-376,4090
1689018788642,-376,4090
1689018788645,-376,4090
1689018788648,-376,4090
1689018788651,-376,4090
1689018788653,-376,4090
1689018788656,-376,4090
1689018788659,-376,4090
1689018788662,-376,4090
1689018788665,-376,4090
1689018788667,-376,4090
1689018788670,-376,4090
1689018788673,-376,4090
1689018788676,-376,4090
1689018788679,-376,4090
1689018788681,-376,4090
1689018788684,-376,4090
1689018788687,-376,4090
1689018788690,-376,4090
1689018788693,-376,4090
1689018788695,-376,4090
1689018788698,-376,4090
1689018788701,-376,4090
1689018788704,-376,4090
1689018788706,-376,4090
1689018788709,-376,4090
1689018788712,-376,4090
1689018788715,-376,4090
1689018788718,-376,4090
1689018788720,-376,4090
1689018788723,-376,4090
1689018788726,-376,4090
1689018788728,-376,4090
1689018788731,-376,4090
1689018788734,-376,4090
1689018788737,-376,4090
1689018788740,-376,4090
1689018788743,-376,4090
1689018788746,-376,4090
1689018788748,-376,4090
1689018788751,-376,4090
1689018788754,-376,4090
1689018788757,-376,4090
1689018788760,-376,4090
1689018788763,-376,4090
1689018788765,-376,4090
1689018788768,-376,4090
1689018788771,-376,4090
1689018788774,-376,4090
1689018788777,-376,4090
1689018788779,-376,4090
1689018788782,-376,4090
1689018788785,-376,4090
1689018788788,-376,4090
1689018788790,-376,4090
1689018788793,-376,4090
1689018788796,-376,4090
1689018788799,-376,4090
1689018788802,-376,4090
1689018788805,-376,4090
1689018788808,-376,4090
1689018788810,-376,4090
1689018788813,-376,4090
1689018788816,-376,4090
1689018788819,-376,4090
1689018788821,-376,4090
1689018788824,-376,4090
1689018788827,-376,4090
1689018788830,-376,4090
1689018788833,-376,4090
1689018788836,-376,4090
1689018788838,-376,4090
1689018788841,-376,4090
1689018788844,-376,4090
1689018788847,-376,4090
1689018788849,-376,4090
1689018788852,-376,4090
1689018788855,-376,4090
1689018788858,-376,4090
1689018788860,-376,4090
1689018788863,-376,4090
1689018788866,-376,4090
1689018788869,-376,4090
1689018788872,-376,4090
1689018788875,-376,4090
1689018788878,-376,4090
1689018788880,-376,4090
1689018788883,-376,4090
1689018788886,-376,4090
1689018788889,-376,4090
1689018788892,-376,4090
1689018788895,-376,4090
1689018788898,-376,4090
1689018788900,-376,4090
1689018788903,-376,4090
1689018788906,-376,4090
1689018788909,-376,4090
1689018788912,-376,4090
1689018788914,-376,4090
1689018788917,-376,4090
1689018788920,-376,4090
1689018788923,-376,4090
1689018788926,-376,4090
1689018788928,-376,4090
1689018788931,-376,4090
1689018788934,-376,4090
1689018788937,-376,4090
1689018788940,-376,4090
1689018788943,-376,4090
1689018788945,-376,4090
1689018788948,-376,4090
1689018788951,-376,4090
1689018788954,-376,4090
1689018788957,-376,4090
1689018788959,-376,4090
1689018788962,-376,4090
1689018788965,-376,4090
1689018788968,-376,4090
1689018788971,-376,4090
1689018788974,-376,4090
1689018788976,-376,4090
1689018788979,-376,4090
1689018788982,-376,4090
1689018788985,-376,4090
1689018788988,-376,4090
1689018788991,-376,4090
1689018788993,-376,4090
1689018788996,-376,4090
1689018788999,-376,4090
1689018789002,-376,4090
1689018789005,-376,4090
1689018789007,-376,4090
1689018789010,-376,4090
1689018789013,-376,4090
1689018789016,-376,4090
1689018789019,-376,4090
1689018789021,-376,4090
1689018789024,-376,4090
1689018789027,-376,4090
1689018789030,-376,4090
1689018789033,-376,4090
1689018789036,-376,4090
1689018789038,-376,4090
1689018789041,-376,4090
1689018789044,-376,4090
1689018789047,-376,4090
1689018789049,-376,4090
1689018789052,-376,4090
1689018789055,-376,4090
1689018789058,-376,4090
1689018789061,-376,4090
1689018789064,-376,4090
1689018789066,-376,4090
1689018789069,-376,4090
1689018789072,-376,4090
1689018789075,-376,4090
1689018789077,-376,4090
1689018789080,-376,4090
1689018789083,-376,4090
1689018789086,-376,4090
1689018789089,-376,4090
1689018789091,-376,4090
1689018789094,-376,4090
1689018789097,-376,4090
1689018789100,-376,4090
1689018789102,-376,4090
1689018789105,-376,4090
1689018789108,-376,4090
1689018789111,-376,4090
1689018789114,-376,4090
1689018789117,-376,4090
1689018789120,-376,4090
1689018789123,-376,4090
1689018789125,-376,4090
1689018789128,-376,4090
1689018789131,-376,4090
1689018789134,-376,4090
1689018789137,-376,4090
1689018789140,-376,4090
1689018789142,-376,4090
1689018789145,-376,4090
1689018789148,-376,4090
1689018789151,-376,4090
1689018789153,-376,4090
1689018789156,-376,4090
1689018789159,-376,4090
1689018789162,-376,4090
1689018789164,-376,4090
1689018789167,-376,4090
1689018789170,-376,4090
1689018789173,-376,4090
1689018789176,-376,4090
1689018789178,-376,4090
1689018789181,-376,4090
1689018789184,-376,4090
1689018789187,-376,4090
1689018789190,-376,4090
1689018789193,-376,4090
1689018789195,-376,4090
1689018789198,-376,4090
1689018789201,-376,4090
1689018789204,-376,4090
1689018789206,-376,4090
1689018789209,-376,4090
1689018789212,-376,4090
1689018789215,-376,4090
1689018789218,-376,4090
1689018789221,-376,4090
1689018789224,-376,4090
1689018789226,-376,4090
1689018789234,-376,4090
1689018789237,-376,4090
1689018789240,-376,4090
1689018789243,-376,4090
1689018789245,-376,4090
1689018789248,-376,4090
1689018789251,-376,4090
1689018789254,-376,4090
1689018789257,-376,4090
1689018789260,-376,4090
1689018789262,-376,4090
1689018789265,-376,4090
1689018789268,-376,4090
1689018789271,-376,4090
1689018789274,-376,4090
1689018789277,-376,4090
1689018789279,-376,4090
1689018789282,-376,4090
1689018789285,-376,4090
1689018789288,-376,4090
1689018789291,-376,4090
1689018789294,-376,4090
1689018789296,-376,4090
1689018789299,-376,4090
1689018789302,-376,4090
1689018789305,-376,4090
1689018789307,-376,4090
1689018789310,-376,4090
1689018789313,-376,4090
1689018789316,-376,4090
1689018789318,-376,4090
1689018789321,-376,4090
1689018789324,-376,4090
1689018789327,-376,4090
1689018789329,-376,4090
1689018789332,-376,4090
1689018789335,-376,4090
1689018789337,-376,4090
1689018789340,-376,4090
1689018789343,-376,4090
1689018789346,-376,4090
1689018789348,-376,4090
1689018789351,-376,4090
1689018789354,-376,4090
1689018789357,-376,4090
1689018789359,-376,4090
1689018789362,-376,4090
1689018789365,-376,4090
1689018789368,-376,4090
1689018789371,-376,4090
1689018789373,-376,4090
1689018789376,-376,4090
1689018789379,-376,4090
1689018789381,-376,4090
1689018789384,-376,4090
1689018789387,-376,4090
1689018789390,-376,4090
1689018789393,-376,4090
1689018789396,-376,4090
1689018789399,-376,4090
1689018789401,-376,4090
1689018789404,-376,4090
1689018789407,-376,4090
1689018789410,-376,4090
1689018789412,-376,4090
1689018789415,-376,4090
1689018789418,-376,4090
1689018789421,-376,4090
1689018789423,-376,4090
1689018789426,-376,4090
1689018789429,-376,4090
1689018789432,-376,4090
1689018789435,-376,4090
1689018789438,-376,4090
1689018789440,-376,4090
1689018789443,-376,4090
1689018789446,-376,4090
1689018789449,-376,4090
1689018789452,-376,4090
1689018789454,-376,4090
1689018789457,-376,4090
1689018789460,-376,4090
1689018789463,-376,4090
1689018789466,-376,4090
1689018789468,-376,4090
1689018789471,-376,4090
1689018789474,-376,4090
1689018789476,-376,4090
1689018789479,-376,4090
1689018789482,-376,4090
1689018789485,-376,4090
1689018789488,-376,4090
1689018789490,-376,4090
1689018789493,-376,4090
1689018789496,-376,4090
1689018789499,-376,4090
1689018789502,-376,4090
1689018789505,-376,4090
1689018789507,-376,4090
1689018789510,-376,4090
1689018789513,-376,4090
1689018789515,-376,4090
1689018789518,-376,4090
1689018789521,-376,4090
1689018789524,-376,4090
1689018789526,-376,4090
1689018789529,-376,4090
1689018789532,-376,4090
1689018789535,-376,4090
1689018789537,-376,4090
1689018789540,-376,4090
1689018789543,-376,4090
1689018789546,-376,4090
1689018789549,-376,4090
1689018789551,-376,4090
1689018789554,-376,4090
1689018789557,-376,4090
1689018789560,-376,4090
1689018789562,-376,4090
1689018789565,-376,4090
1689018789568,-376,4090
1689018789571,-376,4090
1689018789573,-376,4090
1689018789576,-376,4090
1689018789579,-376,4090
1689018789582,-376,4090
1689018789584,-376,4090
1689018789587,-376,4090
1689018789590,-376,4090
1689018789593,-376,4090
1689018789596,-376,4090
1689018789599,-376,4090
1689018789601,-376,4090
1689018789604,-376,4090
1689018789607,-376,4090
1689018789610,-376,4090
1689018789612,-376,4090
1689018789615,-376,4090
1689018789618,-376,4090
1689018789621,-376,4090
1689018789623,-376,4090
1689018789626,-376,4090
1689018789629,-376,4090
1689018789632,-376,4090
1689018789634,-376,4090
1689018789637,-376,4090
1689018789640,-376,4090
1689018789642,-376,4090
1689018789645,-376,4090
1689018789648,-376,4090
1689018789651,-376,4090
1689018789653,-376,4090
1689018789656,-376,4090
1689018789659,-376,4090
1689018789662,-376,4090
1689018789665,-376,4090
1689018789667,-376,4090
1689018789670,-376,4090
1689018789673,-376,4090
1689018789676,-376,4090
1689018789678,-376,4090
1689018789681,-376,4090
1689018789684,-376,4090
1689018789687,-376,4090
1689018789689,-376,4090
1689018789692,-376,4090
1689018789695,-376,4090
1689018789699,-376,4090
1689018789701,-376,4090
1689018789704,-376,4090
1689018789707,-376,4090
1689018789710,-376,4090
1689018789712,-376,4090
1689018789715,-376,4090
1689018789718,-376,4090
1689018789721,-376,4090
1689018789723,-376,4090
1689018789726,-376,4090
1689018789729,-376,4090
1689018789732,-376,4090
1689018789734,-376,4090
1689018789737,-376,4090
1689018789740,-376,4090
1689018789743,-376,4090
1689018789746,-376,4090
1689018789748,-376,4090
1689018789751,-376,4090
1689018789754,-376,4090
1689018789757,-376,4090
1689018789760,-376,4090
1689018789763,-376,4090
1689018789765,-376,4090
1689018789768,-376,4090
1689018789771,-376,4090
1689018789774,-376,4090
1689018789776,-376,4090
1689018789779,-376,4090
1689018789782,-376,4090
1689018789785,-376,4090
1689018789787,-376,4090
1689018789790,-376,4090
1689018789793,-376,4090
1689018789796,-376,4090
1689018789799,-376,4090
1689018789802,-376,4090
1689018789804,-376,4090
1689018789807,-376,4090
1689018789810,-376,4090
1689018789813,-376,4090
1689018789815,-376,4090
1689018789818,-376,4090
1689018789821,-376,4090
1689018789824,-376,4090
1689018789826,-376,4090
1689018789829,-376,4090
1689018789832,-376,4090
1689018789835,-376,4090
1689018789838,-376,4090
1689018789840,-376,4090
1689018789843,-376,4090
1689018789846,-376,4090
1689018789849,-376,4090
1689018789852,-376,4090
1689018789855,-376,4090
1689018789857,-376,4090
1689018789860,-376,4090
1689018789863,-376,4090
1689018789866,-376,4090
1689018789868,-376,4090
1689018789871,-376,4090
1689018789874,-376,4090
1689018789877,-376,4090
1689018789879,-376,4090
1689018789882,-376,4090
1689018789885,-376,4090
1689018789888,-376,4090
1689018789890,-376,4090
1689018789893,-376,4090
1689018789896,-376,4090
1689018789899,-376,4090
1689018789902,-376,4090
1689018789905,-376,4090
1689018789908,-376,4090
1689018789911,-376,4090
1689018789913,-376,4090
1689018789916,-376,4090
1689018789919,-376,4090
1689018789922,-376,4090
1689018789924,-376,4090
1689018789927,-376,4090
1689018789930,-376,4090
1689018789933,-376,4090
1689018789935,-376,4090
1689018789938,-376,4090
1689018789941,-376,4090
1689018789944,-376,4090
1689018789946,-376,4090
1689018789949,-376,4090
1689018789952,-376,4090
1689018789955,-376,4090
1689018789958,-376,4090
1689018789961,-376,4090
1689018789963,-376,4090
1689018789966,-376,4090
1689018789969,-376,4090
1689018789972,-376,4090
1689018789974,-376,4090
1689018789977,-376,4090
1689018789980,-376,4090
1689018789983,-376,4090
1689018789986,-376,4090
1689018789988,-376,4090
1689018789991,-376,4090
1689018789994,-376,4090
1689018789997,-376,4090
1689018790000,-376,4090
1689018790002,-376,4090
1689018790006,-376,4090
1689018790008,-376,4090
1689018790016,-376,4090
1689018790020,-376,4090
1689018790023,-376,4090
1689018790026,-376,4090
1689018790029,-376,4090
1689018790032,-376,4090
1689018790035,-376,4090
1689018790038,-376,4090
1689018790041,-376,4090
1689018790043,-376,4090
1689018790046,-376,4090
1689018790049,-376,4090
1689018790052,-376,4090
1689018790055,-376,4090
1689018790058,-376,4090
1689018790060,-376,4090
1689018790063,-376,4090
1689018790066,-376,4090
1689018790069,-376,4090
1689018790071,-376,4090
1689018790074,-376,4090
1689018790077,-376,4090
1689018790080,-376,4090
1689018790082,-376,4090
1689018790085,-376,4090
1689018790088,-376,4090
1689018790091,-376,4090
1689018790093,-376,4090
1689018790096,-376,4090
1689018790099,-376,4090
1689018790102,-376,4090
1689018790105,-376,4090
1689018790108,-376,4090
1689018790111,-376,4090
1689018790114,-376,4090
1689018790117,-376,4090
1689018790120,-376,4090
1689018790122,-376,4090
1689018790125,-376,4090
1689018790129,-376,4090
1689018790132,-376,4090
1689018790134,-376,4090
1689018790137,-376,4090
1689018790140,-376,4090
1689018790143,-376,4090
1689018790146,-376,4090
1689018790148,-376,4090
1689018790151,-376,4090
1689018790154,-376,4090
1689018790157,-376,4090
1689018790159,-376,4090
1689018790162,-376,4090
1689018790165,-376,4090
1689018790168,-376,4090
1689018790171,-376,4090
1689018790173,-376,4090
1689018790176,-376,4090
1689018790179,-376,4090
1689018790182,-376,4090
1689018790184,-376,4090
1689018790187,-376,4090
1689018790190,-376,4090
1689018790193,-376,4090
1689018790195,-376,4090
1689018790198,-376,4090
1689018790201,-376,4090
1689018790204,-376,4090
1689018790207,-376,4090
1689018790210,-376,4090
1689018790213,-376,4090
1689018790215,-376,4090
1689018790218,-376,4090
1689018790221,-376,4090
1689018790223,-376,4090
1689018790226,-376,4090
1689018790229,-376,4090
1689018790232,-376,4090
1689018790235,-376,4090
1689018790237,-376,4090
1689018790242,-376,4090
1689018790245,-376,4090
1689018790249,-376,4090
1689018790252,-376,4090
1689018790255,-376,4090
1689018790258,-376,4090
1689018790261,-376,4090
1689018790263,-376,4090
1689018790266,-376,4090
1689018790269,-376,4090
1689018790272,-376,4090
1689018790275,-376,4090
1689018790277,-376,4090
1689018790280,-376,4090
1689018790283,-376,4090
1689018790286,-376,4090
1689018790288,-376,4090
1689018790291,-376,4090
1689018790294,-376,4090
1689018790297,-376,4090
1689018790300,-376,4090
1689018790302,-376,4090
1689018790305,-376,4090
1689018790308,-376,4090
1689018790311,-376,4090
1689018790314,-376,4090
1689018790316,-376,4090
1689018790319,-376,4090
1689018790322,-376,4090
1689018790325,-376,4090
1689018790327,-376,4090
1689018790330,-376,4090
1689018790333,-376,4090
1689018790335,-376,4090
1689018790338,-376,4090
1689018790341,-376,4090
1689018790344,-376,4090
1689018790346,-376,4090
1689018790349,-376,4090
1689018790352,-376,4090
1689018790355,-376,4090
1689018790357,-376,4090
1689018790360,-376,4090
1689018790363,-376,4090
1689018790366,-376,4090
1689018790368,-376,4090
1689018790371,-376,4090
1689018790374,-376,4090
1689018790377,-376,4090
1689018790380,-376,4090
1689018790382,-376,4090
1689018790385,-376,4090
1689018790388,-376,4090
1689018790391,-376,4090
1689018790394,-376,4090
1689018790396,-376,4090
1689018790399,-376,4090
1689018790402,-376,4090
1689018790405,-376,4090
1689018790408,-376,4090
1689018790410,-376,4090
1689018790413,-376,4090
1689018790416,-376,4090
1689018790419,-376,4090
1689018790422,-376,4090
1689018790425,-376,4090
1689018790427,-376,4090
1689018790430,-376,4090
1689018790433,-376,4090
1689018790436,-376,4090
1689018790438,-376,4090
1689018790441,-376,4090
1689018790444,-376,4090
1689018790446,-376,4090
1689018790449,-376,4090
1689018790452,-376,4090
1689018790455,-376,4090
1689018790457,-376,4090
1689018790460,-376,4090
1689018790463,-376,4090
1689018790466,-376,4090
1689018790469,-376,4090
1689018790471,-376,4090
1689018790474,-376,4090
1689018790477,-376,4090
1689018790480,-376,4090
1689018790482,-376,4090
1689018790485,-376,4090
1689018790488,-376,4090
1689018790491,-376,4090
1689018790493,-376,4090
1689018790496,-376,4090
1689018790499,-376,4090
1689018790502,-376,4090
1689018790504,-376,4090
1689018790507,-376,4090
1689018790510,-376,4090
1689018790513,-376,4090
1689018790516,-376,4090
1689018790518,-376,4090
1689018790521,-376,4090
1689018790524,-376,4090
1689018790527,-376,4090
1689018790530,-376,4090
1689018790532,-376,4090
1689018790535,-376,4090
1689018790538,-376,4090
1689018790541,-376,4090
1689018790543,-376,4090
1689018790546,-376,4090
1689018790549,-376,4090
1689018790551,-376,4090
1689018790554,-376,4090
1689018790557,-376,4090
1689018790560,-376,4090
1689018790563,-376,4090
1689018790565,-376,4090
1689018790568,-376,4090
1689018790571,-376,4090
1689018790574,-376,4090
1689018790576,-376,4090
1689018790579,-376,4090
1689018790582,-376,4090
1689018790585,-376,4090
1689018790588,-376,4090
1689018790590,-376,4090
1689018790593,-376,4090
1689018790596,-376,4090
1689018790599,-376,4090
1689018790601,-376,4090
1689018790604,-376,4090
1689018790607,-376,4090
1689018790610,-376,4090
1689018790613,-376,4090
1689018790616,-376,4090
1689018790619,-376,4090
1689018790622,-376,4090
1689018790624,-376,4090
1689018790627,-376,4090
1689018790630,-376,4090
1689018790633,-376,4090
1689018790635,-376,4090
1689018790638,-376,4090
1689018790641,-376,4090
1689018790644,-376,4090
1689018790647,-376,4090
1689018790650,-376,4090
1689018790652,-376,4090
1689018790655,-376,4090
1689018790658,-376,4090
1689018790660,-376,4090
1689018790663,-376,4090
1689018790666,-376,4090
1689018790669,-376,4090
1689018790672,-376,4090
1689018790674,-376,4090
1689018790677,-376,4090
1689018790680,-376,4090
1689018790683,-376,4090
1689018790685,-376,4090
1689018790688,-376,4090
1689018790691,-376,4090
1689018790694,-376,4090
1689018790697,-376,4090
1689018790699,-376,4090
1689018790702,-376,4090
1689018790705,-376,4090
1689018790708,-376,4090
1689018790710,-376,4090
1689018790713,-376,4090
1689018790716,-376,4090
1689018790719,-376,4090
1689018790722,-376,4090
1689018790725,-376,4090
1689018790728,-376,4090
1689018790730,-376,4090
1689018790733,-376,4090
1689018790736,-376,4090
1689018790739,-376,4090
1689018790742,-376,4090
1689018790745,-376,4090
1689018790748,-376,4090
1689018790750,-376,4090
1689018790753,-376,4090
1689018790756,-376,4090
1689018790759,-376,4090
1689018790762,-376,4090
1689018790765,-376,4090
1689018790767,-376,4090
1689018790770,-376,4090
1689018790773,-376,4090
1689018790775,-376,4090
1689018790778,-376,4090
1689018790781,-376,4090
1689018790784,-376,4090
1689018790786,-376,4090
1689018790789,-376,4090
1689018790792,-376,4090
1689018790795,-376,4090
1689018790798,-376,4090
1689018790800,-376,4090
1689018790803,-376,4090
1689018790806,-376,4090
1689018790809,-376,4090
1689018790811,-376,4090
1689018790814,-376,4090
1689018790817,-376,4090
1689018790820,-376,4090
1689018790823,-376,4090
1689018790826,-376,4090
1689018790828,-376,4090
1689018790831,-376,4090
1689018790834,-376,4090
1689018790837,-376,4090
1689018790840,-376,4090
1689018790842,-376,4090
1689018790845,-376,4090
1689018790848,-376,4090
1689018790851,-376,4090
1689018790853,-376,4090
1689018790856,-376,4090
1689018790859,-376,4090
1689018790862,-376,4090
1689018790864,-376,4090
1689018790867,-376,4090
1689018790870,-376,4090
1689018790873,-376,4090
1689018790875,-376,4090
1689018790878,-376,4090
1689018790881,-376,4090
1689018790883,-376,4090
1689018790886,-376,4090
1689018790889,-376,4090
1689018790892,-376,4090
1689018790895,-376,4090
1689018790897,-376,4090
1689018790900,-376,4090
1689018790903,-376,4090
1689018790906,-376,4090
1689018790908,-376,4090
1689018790911,-376,4090
1689018790914,-376,4090
1689018790917,-376,4090
1689018790920,-376,4090
1689018790922,-376,4090
1689018790925,-376,4090
1689018790928,-376,4090
1689018790931,-376,4090
1689018790934,-376,4090
1689018790936,-376,4090
1689018790939,-376,4090
1689018790942,-376,4090
1689018790945,-376,4090
1689018790947,-376,4090
1689018790950,-376,4090
1689018790953,-376,4090
1689018790956,-376,4090
1689018790958,-376,4090
1689018790961,-376,4090
1689018790964,-376,4090
1689018790967,-376,4090
1689018790969,-376,4090
1689018790972,-376,4090
1689018790975,-376,4090
1689018790978,-376,4090
1689018790980,-376,4090
1689018790983,-376,4090
1689018790986,-376,4090
1689018790989,-376,4090
1689018790991,-376,4090
1689018790994,-376,4090
1689018790997,-376,4090
1689018791000,-376,4090
1689018791002,-376,4090
1689018791005,-376,4090
1689018791008,-376,4090
1689018791011,-376,4090
1689018791014,-376,4090
1689018791016,-376,4090
1689018791019,-376,4090
1689018791022,-376,4090
1689018791025,-376,4090
1689018791028,-376,4090
1689018791031,-376,4090
1689018791034,-376,4090
1689018791037,-376,4090
1689018791039,-376,4090
1689018791042,-376,4090
1689018791045,-376,4090
1689018791048,-376,4090
1689018791051,-376,4090
1689018791053,-376,4090
1689018791056,-376,4090
1689018791059,-376,4090
1689018791062,-376,4090
1689018791064,-376,4090
1689018791067,-376,4090
1689018791070,-376,4090
1689018791073,-376,4090
1689018791076,-376,4090
1689018791079,-376,4090
1689018791082,-376,4090
1689018791084,-376,4090
1689018791087,-376,4090
1689018791090,-376,4090
1689018791093,-376,4090
1689018791095,-376,4090
1689018791098,-376,4090
1689018791101,-376,4090
1689018791104,-376,4090
1689018791106,-376,4090
1689018791109,-376,4090
1689018791112,-376,4090
1689018791115,-376,4090
1689018791118,-376,4090
1689018791121,-376,4090
1689018791124,-376,4090
1689018791127,-376,4090
1689018791130,-376,4090
1689018791133,-376,4090
1689018791136,-376,4090
1689018791138,-376,4090
1689018791141,-376,4090
1689018791144,-376,4090
1689018791147,-376,4090
1689018791150,-376,4090
1689018791152,-376,4090
1689018791155,-376,4090
1689018791158,-376,4090
1689018791161,-376,4090
1689018791164,-376,4090
1689018791166,-376,4090
1689018791169,-376,4090
1689018791172,-376,4090
1689018791174,-376,4090
1689018791177,-376,4090
1689018791180,-376,4090
1689018791183,-376,4090
1689018791186,-376,4090
1689018791189,-376,4090
1689018791191,-376,4090
1689018791194,-376,4090
1689018791197,-376,4090
1689018791200,-376,4090
1689018791202,-376,4090
1689018791205,-376,4090
1689018791208,-376,4090
1689018791211,-376,4090
1689018791213,-376,4090
1689018791216,-376,4090
1689018791219,-376,4090
1689018791222,-376,4090
1689018791225,-376,4090
1689018791228,-376,4090
1689018791231,-376,4090
1689018791234,-376,4090
1689018791237,-376,4090
1689018791240,-376,4090
1689018791242,-376,4090
1689018791245,-376,4090
1689018791248,-376,4090
1689018791251,-376,4090
1689018791253,-376,4090
1689018791256,-376,4090
1689018791259,-376,4090
1689018791262,-376,4090
1689018791264,-376,4090
1689018791267,-376,4090
1689018791270,-376,4090
1689018791273,-376,4090
1689018791276,-376,4090
1689018791278,-376,4090
1689018791281,-376,4090
1689018791284,-376,4090
1689018791287,-376,4090
1689018791289,-376,4090
1689018791292,-376,4090
1689018791295,-376,4090
1689018791298,-376,4090
1689018791301,-376,4090
1689018791304,-376,4090
1689018791306,-376,4090
1689018791309,-376,4090
1689018791312,-376,4090
1689018791315,-376,4090
1689018791317,-376,4090
1689018791320,-376,4090
1689018791323,-376,4090
1689018791326,-376,4090
1689018791328,-376,4090
1689018791331,-376,4090
1689018791334,-376,4090
1689018791337,-376,4090
1689018791340,-376,4090
1689018791342,-376,4090
1689018791345,-376,4090
1689018791348,-376,4090
1689018791351,-376,4090
1689018791353,-376,4090
1689018791356,-376,4090
1689018791359,-376,4090
1689018791362,-376,4090
1689018791365,-376,4090
1689018791367,-376,4090
1689018791370,-376,4090
1689018791373,-376,4090
1689018791376,-376,4090
1689018791378,-376,4090
1689018791381,-376,4090
1689018791384,-376,4090
1689018791387,-376,4090
1689018791389,-376,4090
1689018791392,-376,4090
1689018791395,-376,4090
1689018791398,-376,4090
1689018791400,-376,4090
1689018791403,-376,4090
1689018791406,-376,4090
1689018791409,-376,4090
1689018791411,-376,4090
1689018791414,-376,4090
1689018791417,-376,4090
1689018791420,-376,4090
1689018791423,-376,4090
1689018791426,-376,4090
1689018791428,-376,4090
1689018791431,-376,4090
1689018791434,-376,4090
1689018791437,-376,4090
1689018791439,-376,4090
1689018791442,-376,4090
1689018791445,-376,4090
1689018791448,-376,4090
1689018791450,-376,4090
1689018791453,-376,4090
1689018791456,-376,4090
1689018791459,-376,4090
1689018791462,-376,4090
1689018791464,-376,4090
1689018791467,-376,4090
1689018791470,-376,4090
1689018791473,-376,4090
1689018791475,-376,4090
1689018791478,-376,4090
1689018791481,-376,4090
1689018791484,-376,4090
1689018791487,-376,4090
1689018791490,-376,4090
1689018791493,-376,4090
1689018791495,-376,4090
1689018791498,-376,4090
1689018791501,-376,4090
1689018791503,-376,4090
1689018791506,-376,4090
1689018791509,-376,4090
1689018791512,-376,4090
1689018791514,-376,4090
1689018791517,-376,4090
1689018791520,-376,4090
1689018791523,-376,4090
1689018791525,-376,4090
1689018791528,-376,4090
1689018791531,-376,4090
1689018791534,-376,4090
1689018791536,-376,4090
1689018791540,-376,4090
1689018791543,-376,4090
1689018791545,-376,4090
1689018791548,-376,4090
1689018791551,-376,4090
1689018791553,-376,4090
1689018791556,-376,4090
1689018791559,-376,4090
1689018791562,-376,4090
1689018791565,-376,4090
1689018791567,-376,4090
1689018791570,-376,4090
1689018791573,-376,4090
1689018791576,-376,4090
1689018791578,-376,4090
1689018791581,-376,4090
1689018791584,-376,4090
1689018791587,-376,4090
1689018791589,-376,4090
1689018791592,-376,4090
1689018791595,-376,4090
1689018791598,-376,4090
1689018791600,-376,4090
1689018791603,-376,4090
1689018791606,-376,4090
1689018791609,-376,4090
1689018791611,-376,4090
1689018791614,-376,4090
1689018791617,-376,4090
1689018791619,-376,4090
1689018791622,-376,4090
1689018791625,-376,4090
1689018791628,-376,4090
1689018791631,-376,4090
1689018791633,-376,4090
1689018791636,-376,4090
1689018791639,-376,4090
1689018791642,-376,4090
1689018791645,-376,4090
1689018791648,-376,4090
1689018791651,-376,4090
1689018791653,-376,4090
1689018791656,-376,4090
1689018791659,-376,4090
1689018791662,-376,4090
1689018791664,-376,4090
1689018791667,-376,4090
1689018791670,-376,4090
1689018791673,-376,4090
1689018791675,-376,4090
1689018791678,-376,4090
1689018791681,-376,4090
1689018791684,-376,4090
1689018791687,-376,4090
1689018791689,-376,4090
1689018791692,-376,4090
1689018791695,-376,4090
1689018791698,-376,4090
1689018791701,-376,4090
1689018791703,-376,4090
1689018791706,-376,4090
1689018791709,-376,4090
1689018791712,-376,4090
1689018791714,-376,4090
1689018791717,-376,4090
1689018791720,-376,4090
1689018791723,-376,4090
1689018791725,-376,4090
1689018791728,-376,4090
1689018791731,-376,4090
1689018791734,-376,4090
1689018791737,-376,4090
1689018791740,-376,4090
1689018791743,-376,4090
1689018791746,-376,4090
1689018791749,-376,4090
1689018791751,-376,4090
1689018791755,-376,4090
1689018791757,-376,4090
1689018791760,-376,4090
1689018791763,-376,4090
1689018791766,-376,4090
1689018791768,-376,4090
1689018791771,-376,4090
1689018791774,-376,4090
1689018791777,-376,4090
1689018791780,-376,4090
1689018791782,-376,4090
1689018791785,-376,4090
1689018791788,-376,4090
1689018791791,-376,4090
1689018791794,-376,4090
1689018791796,-376,4090
1689018791799,-376,4090
1689018791802,-376,4090
1689018791804,-376,4090
1689018791807,-376,4090
1689018791810,-376,4090
1689018791813,-376,4090
1689018791815,-376,4090
1689018791818,-376,4090
1689018791821,-376,4090
1689018791824,-376,4090
1689018791826,-376,4090
1689018791829,-376,4090
1689018791832,-376,4090
1689018791835,-376,4090
1689018791837,-376,4090
1689018791840,-376,4090
1689018791843,-376,4090
1689018791846,-376,4090
1689018791849,-376,4090
1689018791852,-376,4090
1689018791854,-376,4090
1689018791857,-376,4090
1689018791860,-376,4090
1689018791863,-376,4090
1689018791865,-376,4090
1689018791868,-376,4090
1689018791871,-376,4090
1689018791874,-376,4090
1689018791876,-376,4090
1689018791879,-376,4090
1689018791882,-376,4090
1689018791885,-376,4090
1689018791887,-376,4090
1689018791890,-376,4090
1689018791893,-376,4090
1689018791896,-376,4090
1689018791898,-376,4090
1689018791901,-376,4090
1689018791904,-376,4090
1689018791906,-376,4090
1689018791909,-376,4090
1689018791912,-376,4090
1689018791915,-376,4090
1689018791918,-376,4090
1689018791921,-376,4090
1689018791924,-376,4090
1689018791926,-376,4090
1689018791930,-376,4090
1689018791933,-376,4090
1689018791937,-376,4090
1689018791940,-376,4090
1689018791942,-376,4090
1689018791945,-376,4090
1689018791948,-376,4090
1689018791951,-376,4090
1689018791954,-376,4090
1689018791957,-376,4090
1689018791960,-376,4090
1689018791962,-376,4090
1689018791965,-376,4090
1689018791968,-376,4090
1689018791971,-376,4090
1689018791973,-376,4090
1689018791976,-376,4090
1689018791979,-376,4090
1689018791982,-376,4090
1689018791985,-376,4090
1689018791987,-376,4090
1689018791990,-376,4090
1689018791993,-376,4090
1689018791996,-376,4090
1689018791998,-376,4090
1689018792001,-376,4090
1689018792004,-376,4090
1689018792007,-376,4090
1689018792009,-376,4090
1689018792012,-376,4090
1689018792015,-376,4090
1689018792018,-376,4090
1689018792020,-376,4090
1689018792029,-376,4090
1689018792033,-376,4090
1689018792036,-376,4090
1689018792039,-376,4090
1689018792042,-376,4090
1689018792045,-376,4090
1689018792048,-376,4090
1689018792051,-376,4090
1689018792054,-376,4090
1689018792057,-376,4090
1689018792059,-376,4090
1689018792062,-376,4090
1689018792065,-376,4090
1689018792067,-376,4090
1689018792070,-376,4090
1689018792073,-376,4090
1689018792076,-376,4090
1689018792079,-376,4090
1689018792081,-376,4090
1689018792085,-376,4090
1689018792088,-376,4090
1689018792090,-376,4090
1689018792093,-376,4090
1689018792096,-376,4090
1689018792098,-376,4090
1689018792101,-376,4090
1689018792104,-376,4090
1689018792107,-376,4090
1689018792110,-376,4090
1689018792112,-376,4090
1689018792115,-376,4090
1689018792118,-376,4090
1689018792121,-376,4090
1689018792124,-376,4090
1689018792127,-376,4090
1689018792129,-376,4090
1689018792132,-376,4090
1689018792135,-376,4090
1689018792138,-376,4090
1689018792140,-376,4090
1689018792143,-376,4090
1689018792146,-376,4090
1689018792149,-376,4090
1689018792152,-376,4090
1689018792155,-376,4090
1689018792158,-376,4090
1689018792161,-376,4090
1689018792163,-376,4090
1689018792166,-376,4090
1689018792169,-376,4090
1689018792172,-376,4090
1689018792174,-376,4090
1689018792177,-376,4090
1689018792180,-376,4090
1689018792182,-376,4090
1689018792185,-376,4090
1689018792188,-376,4090
1689018792191,-376,4090
1689018792193,-376,4090
1689018792196,-376,4090
1689018792199,-376,4090
1689018792202,-376,4090
1689018792205,-376,4090
1689018792207,-376,4090
1689018792210,-376,4090
1689018792213,-376,4090
1689018792216,-376,4090
1689018792218,-376,4090
1689018792221,-376,4090
1689018792224,-376,4090
1689018792227,-376,4090
1689018792229,-376,4090
1689018792232,-376,4090
1689018792235,-376,4090
1689018792238,-376,4090
1689018792241,-376,4090
1689018792244,-376,4090
1689018792246,-376,4090
1689018792249,-376,4090
1689018792252,-376,4090
1689018792255,-376,4090
1689018792258,-376,4090
1689018792261,-376,4090
1689018792264,-376,4090
1689018792266,-376,4090
1689018792269,-376,4090
1689018792272,-376,4090
1689018792274,-376,4090
1689018792277,-376,4090
1689018792280,-376,4090
1689018792283,-376,4090
1689018792285,-376,4090
1689018792288,-376,4090
1689018792291,-376,4090
1689018792294,-376,4090
1689018792297,-376,4090
1689018792299,-376,4090
1689018792302,-376,4090
1689018792305,-376,4090
1689018792307,-376,4090
1689018792310,-376,4090
1689018792313,-376,4090
1689018792316,-376,4090
1689018792318,-376,4090
1689018792321,-376,4090
1689018792324,-376,4090
1689018792327,-376,4090
1689018792329,-376,4090
1689018792332,-376,4090
1689018792335,-376,4090
1689018792338,-376,4090
1689018792341,-376,4090
1689018792344,-376,4090
1689018792347,-376,4090
1689018792349,-376,4090
1689018792352,-376,4090
1689018792355,-376,4090
1689018792358,-376,4090
1689018792361,-376,4090
1689018792363,-376,4090
1689018792366,-376,4090
1689018792369,-376,4090
1689018792372,-376,4090
1689018792375,-376,4090
1689018792377,-376,4090
1689018792380,-376,4090
1689018792383,-376,4090
1689018792386,-376,4090
1689018792388,-376,4090
1689018792391,-376,4090
1689018792394,-376,4090
1689018792397,-376,4090
1689018792399,-376,4090
1689018792402,-376,4090
1689018792405,-376,4090
1689018792408,-376,4090
1689018792410,-376,4090
1689018792413,-376,4090
1689018792416,-376,4090
1689018792419,-376,4090
1689018792422,-376,4090
1689018792425,-376,4090
1689018792428,-376,4090
1689018792430,-376,4090
1689018792433,-376,4090
1689018792436,-376,4090
1689018792439,-376,4090
1689018792441,-376,4090
1689018792444,-376,4090
1689018792447,-376,4090
1689018792450,-376,4090
1689018792453,-376,4090
1689018792455,-376,4090
1689018792459,-376,4090
1689018792462,-376,4090
1689018792465,-376,4090
1689018792467,-376,4090
1689018792470,-376,4090
1689018792473,-376,4090
1689018792476,-376,4090
1689018792478,-376,4090
1689018792481,-376,4090
1689018792484,-376,4090
1689018792487,-376,4090
1689018792489,-376,4090
1689018792492,-376,4090
1689018792495,-376,4090
1689018792498,-376,4090
1689018792501,-376,4090
1689018792503,-376,4090
1689018792506,-376,4090
1689018792509,-376,4090
1689018792512,-376,4090
1689018792514,-376,4090
1689018792517,-376,4090
1689018792520,-376,4090
1689018792523,-376,4090
1689018792526,-376,4090
1689018792528,-376,4090
1689018792531,-376,4090
1689018792534,-376,4090
1689018792537,-376,4090
1689018792540,-376,4090
1689018792542,-376,4090
1689018792545,-376,4090
1689018792548,-376,4090
1689018792551,-376,4090
1689018792554,-376,4090
1689018792557,-376,4090
1689018792560,-376,4090
1689018792563,-376,4090
1689018792565,-376,4090
1689018792568,-376,4090
1689018792571,-376,4090
1689018792574,-376,4090
1689018792576,-376,4090
1689018792579,-376,4090
1689018792582,-376,4090
1689018792585,-376,4090
1689018792587,-376,4090
1689018792590,-376,4090
1689018792593,-376,4090
1689018792596,-376,4090
1689018792598,-376,4090
1689018792601,-376,4090
1689018792604,-376,4090
1689018792607,-376,4090
1689018792610,-376,4090
1689018792612,-376,4090
1689018792615,-376,4090
1689018792618,-376,4090
1689018792621,-376,4090
1689018792623,-376,4090
1689018792626,-376,4090
1689018792629,-376,4090
1689018792632,-376,4090
1689018792635,-376,4090
1689018792638,-376,4090
1689018792640,-376,4090
1689018792643,-376,4090
1689018792646,-376,4090
1689018792649,-376,4090
1689018792652,-376,4090
1689018792654,-376,4090
1689018792657,-376,4090
1689018792660,-376,4090
1689018792663,-376,4090
1689018792666,-376,4090
1689018792669,-376,4090
1689018792671,-376,4090
1689018792674,-376,4090
1689018792677,-376,4090
1689018792680,-376,4090
1689018792682,-376,4090
1689018792685,-376,4090
1689018792688,-376,4090
1689018792691,-376,4090
1689018792694,-376,4090
1689018792696,-376,4090
1689018792699,-376,4090
1689018792702,-376,4090
1689018792705,-376,4090
1689018792707,-376,4090
1689018792710,-376,4090
1689018792713,-376,4090
1689018792715,-376,4090
1689018792718,-376,4090
1689018792721,-376,4090
1689018792724,-376,4090
1689018792726,-376,4090
1689018792729,-376,4090
1689018792732,-376,4090
1689018792735,-376,4090
1689018792738,-376,4090
1689018792740,-376,4090
1689018792743,-376,4090
1689018792746,-376,4090
1689018792749,-376,4090
1689018792752,-376,4090
1689018792755,-376,4090
1689018792757,-376,4090
1689018792760,-376,4090
1689018792763,-376,4090
1689018792766,-376,4090
1689018792769,-376,4090
1689018792771,-376,4090
1689018792774,-376,4090
1689018792777,-376,4090
1689018792780,-376,4090
1689018792783,-376,4090
1689018792785,-376,4090
1689018792788,-376,4090
1689018792791,-376,4090
1689018792794,-376,4090
1689018792796,-376,4090
1689018792799,-376,4090
1689018792802,-376,4090
1689018792805,-376,4090
1689018792808,-376,4090
1689018792810,-376,4090
1689018792813,-376,4090
1689018792816,-376,4090
1689018792819,-376,4090
1689018792821,-376,4090
1689018792824,-376,4090
1689018792827,-376,4090
1689018792830,-376,4090
1689018792832,-376,4090
1689018792835,-376,4090
1689018792838,-376,4090
1689018792841,-376,4090
1689018792844,-376,4090
1689018792846,-376,4090
1689018792849,-376,4090
1689018792852,-376,4090
1689018792855,-376,4090
1689018792858,-376,4090
1689018792860,-376,4090
1689018792863,-376,4090
1689018792866,-376,4090
1689018792870,-376,4090
1689018792872,-376,4090
1689018792875,-376,4090
1689018792878,-376,4090
1689018792881,-376,4090
1689018792883,-376,4090
1689018792886,-376,4090
1689018792889,-376,4090
1689018792892,-376,4090
1689018792895,-376,4090
1689018792897,-376,4090
1689018792900,-376,4090
1689018792903,-376,4090
1689018792906,-376,4090
1689018792908,-376,4090
1689018792911,-376,4090
1689018792914,-376,4090
1689018792917,-376,4090
1689018792919,-376,4090
1689018792922,-376,4090
1689018792925,-376,4090
1689018792928,-376,4090
1689018792930,-376,4090
1689018792933,-376,4090
1689018792936,-376,4090
1689018792939,-376,4090
1689018792941,-376,4090
1689018792944,-376,4090
1689018792947,-376,4090
1689018792949,-376,4090
1689018792952,-376,4090
1689018792955,-376,4090
1689018792958,-376,4090
1689018792961,-376,4090
1689018792963,-376,4090
1689018792966,-376,4090
1689018792969,-376,4090
1689018792972,-376,4090
1689018792974,-376,4090
1689018792977,-376,4090
1689018792980,-376,4090
1689018792983,-376,4090
1689018792985,-376,4090
1689018792988,-376,4090
1689018792991,-376,4090
1689018792994,-376,4090
1689018792996,-376,4090
1689018792999,-376,4090
1689018793002,-376,4090
1689018793005,-376,4090
1689018793007,-376,4090
1689018793010,-376,4090
1689018793013,-376,4090
1689018793016,-376,4090
1689018793018,-376,4090
1689018793021,-376,4090
1689018793024,-376,4090
1689018793027,-376,4090
1689018793030,-376,4090
1689018793033,-376,4090
1689018793036,-376,4090
1689018793039,-376,4090
1689018793041,-376,4090
1689018793044,-376,4090
1689018793047,-376,4090
1689018793050,-376,4090
1689018793053,-376,4090
1689018793055,-376,4090
1689018793058,-376,4090
1689018793061,-376,4090
1689018793064,-376,4090
1689018793067,-376,4090
1689018793069,-376,4090
1689018793073,-376,4090
1689018793076,-376,4090
1689018793079,-376,4090
1689018793081,-376,4090
1689018793084,-376,4090
1689018793087,-376,4090
1689018793090,-376,4090
1689018793093,-376,4090
1689018793095,-376,4090
1689018793098,-376,4090
1689018793101,-376,4090
1689018793104,-376,4090
1689018793106,-376,4090
1689018793109,-376,4090
1689018793112,-376,4090
1689018793115,-376,4090
1689018793118,-376,4090
1689018793121,-376,4090
1689018793124,-376,4090
1689018793126,-376,4090
1689018793129,-376,4090
1689018793132,-376,4090
1689018793135,-376,4090
1689018793137,-376,4090
1689018793140,-376,4090
1689018793143,-376,4090
1689018793146,-376,4090
1689018793148,-376,4090
1689018793151,-376,4090
1689018793154,-376,4090
1689018793157,-376,4090
1689018793159,-376,4090
1689018793162,-376,4090
1689018793165,-376,4090
1689018793168,-376,4090
1689018793170,-376,4090
1689018793173,-376,4090
1689018793176,-376,4090
1689018793179,-376,4090
1689018793182,-376,4090
1689018793185,-376,4090
1689018793187,-376,4090
1689018793190,-376,4090
1689018793193,-376,4090
1689018793196,-376,4090
1689018793198,-376,4090
1689018793201,-376,4090
1689018793204,-376,4090
1689018793207,-376,4090
1689018793210,-376,4090
1689018793212,-376,4090
1689018793215,-376,4090
1689018793218,-376,4090
1689018793221,-376,4090
1689018793224,-376,4090
1689018793227,-376,4090
1689018793229,-376,4090
1689018793232,-376,4090
1689018793235,-376,4090
1689018793238,-376,4090
1689018793240,-376,4090
1689018793243,-376,4090
1689018793246,-376,4090
1689018793249,-376,4090
1689018793251,-376,4090
1689018793254,-376,4090
1689018793257,-376,4090
1689018793260,-376,4090
1689018793262,-376,4090
1689018793265,-376,4090
1689018793268,-376,4090
1689018793271,-376,4090
1689018793274,-376,4090
1689018793277,-376,4090
1689018793280,-376,4090
1689018793283,-376,4090
1689018793286,-376,4090
1689018793288,-376,4090
1689018793291,-376,4090
1689018793294,-376,4090
1689018793297,-376,4090
1689018793299,-376,4090
1689018793302,-376,4090
1689018793305,-376,4090
1689018793308,-376,4090
1689018793311,-376,4090
1689018793313,-376,4090
1689018793316,-376,4090
1689018793319,-376,4090
1689018793322,-376,4090
1689018793324,-376,4090
1689018793327,-376,4090
1689018793330,-376,4090
1689018793333,-376,4090
1689018793336,-376,4090
1689018793338,-376,4090
1689018793341,-376,4090
1689018793344,-376,4090
1689018793346,-376,4090
1689018793349,-376,4090
1689018793352,-376,4090
1689018793355,-376,4090
1689018793357,-376,4090
1689018793360,-376,4090
1689018793363,-376,4090
1689018793366,-376,4090
1689018793369,-376,4090
1689018793371,-376,4090
1689018793374,-376,4090
1689018793377,-376,4090
1689018793380,-376,4090
1689018793383,-376,4090
1689018793386,-376,4090
1689018793388,-376,4090
1689018793391,-376,4090
1689018793394,-376,4090
1689018793397,-376,4090
1689018793400,-376,4090
1689018793402,-376,4090
1689018793405,-376,4090
1689018793408,-376,4090
1689018793411,-376,4090
1689018793413,-376,4090
1689018793416,-376,4090
1689018793419,-376,4090
1689018793422,-376,4090
1689018793425,-376,4090
1689018793427,-376,4090
1689018793430,-376,4090
1689018793433,-376,4090
1689018793436,-376,4090
1689018793438,-376,4090
1689018793441,-376,4090
1689018793444,-376,4090
1689018793447,-376,4090
1689018793449,-376,4090
1689018793452,-376,4090
1689018793455,-376,4090
1689018793458,-376,4090
1689018793461,-376,4090
1689018793463,-376,4090
1689018793466,-376,4090
1689018793469,-376,4090
1689018793472,-376,4090
1689018793475,-376,4090
1689018793477,-376,4090
1689018793480,-376,4090
1689018793483,-376,4090
1689018793486,-376,4090
1689018793489,-376,4090
1689018793492,-376,4090
1689018793494,-376,4090
1689018793497,-376,4090
1689018793500,-376,4090
1689018793503,-376,4090
1689018793506,-376,4090
1689018793508,-376,4090
1689018793511,-376,4090
1689018793514,-376,4090
1689018793517,-376,4090
1689018793519,-376,4090
1689018793522,-376,4090
1689018793525,-376,4090
1689018793528,-376,4090
1689018793530,-376,4090
1689018793533,-376,4090
1689018793536,-376,4090
1689018793539,-376,4090
1689018793542,-376,4090
1689018793544,-376,4090
1689018793548,-376,4090
1689018793550,-376,4090
1689018793553,-376,4090
1689018793556,-376,4090
1689018793559,-376,4090
1689018793561,-376,4090
1689018793564,-376,4090
1689018793567,-376,4090
1689018793570,-376,4090
1689018793572,-376,4090
1689018793575,-376,4090
1689018793578,-376,4090
1689018793581,-376,4090
1689018793584,-376,4090
1689018793587,-376,4090
1689018793590,-376,4090
1689018793592,-376,4090
1689018793595,-376,4090
1689018793598,-376,4090
1689018793601,-376,4090
1689018793604,-376,4090
1689018793606,-376,4090
1689018793609,-376,4090
1689018793612,-376,4090
1689018793614,-376,4090
1689018793617,-376,4090
1689018793620,-376,4090
1689018793623,-376,4090
1689018793626,-376,4090
1689018793628,-376,4090
1689018793631,-376,4090
1689018793634,-376,4090
1689018793637,-376,4090
1689018793639,-376,4090
1689018793642,-376,4090
1689018793645,-376,4090
1689018793648,-376,4090
1689018793650,-376,4090
1689018793653,-376,4090
1689018793656,-376,4090
1689018793659,-376,4090
1689018793661,-376,4090
1689018793664,-376,4090
1689018793667,-376,4090
1689018793670,-376,4090
1689018793672,-376,4090
1689018793675,-376,4090
1689018793678,-376,4090
1689018793681,-376,4090
1689018793683,-376,4090
1689018793687,-376,4090
1689018793689,-376,4090
1689018793692,-376,4090
1689018793695,-376,4090
1689018793698,-376,4090
1689018793701,-376,4090
1689018793703,-376,4090
1689018793706,-376,4090
1689018793709,-376,4090
1689018793711,-376,4090
1689018793714,-376,4090
1689018793717,-376,4090
1689018793720,-376,4090
1689018793722,-376,4090
1689018793725,-376,4090
1689018793728,-376,4090
1689018793731,-376,4090
1689018793733,-376,4090
1689018793736,-376,4090
1689018793739,-376,4090
1689018793742,-376,4090
1689018793745,-376,4090
1689018793748,-376,4090
1689018793750,-376,4090
1689018793753,-376,4090
1689018793756,-376,4090
1689018793759,-376,4090
1689018793762,-376,4090
1689018793764,-376,4090
1689018793767,-376,4090
1689018793770,-376,4090
1689018793772,-376,4090
1689018793775,-376,4090
1689018793778,-376,4090
1689018793781,-376,4090
1689018793784,-376,4090
1689018793786,-376,4090
1689018793789,-376,4090
1689018793793,-376,4090
1689018793795,-376,4090
1689018793798,-376,4090
1689018793801,-376,4090
1689018793804,-376,4090
1689018793806,-376,4090
1689018793809,-376,4090
1689018793812,-376,4090
1689018793815,-376,4090
1689018793818,-376,4090
1689018793820,-376,4090
1689018793823,-376,4090
1689018793826,-376,4090
1689018793829,-376,4090
1689018793832,-376,4090
1689018793834,-376,4090
1689018793837,-376,4090
1689018793840,-376,4090
1689018793843,-376,4090
1689018793845,-376,4090
1689018793848,-376,4090
1689018793851,-376,4090
1689018793854,-376,4090
1689018793856,-376,4090
1689018793859,-376,4090
1689018793862,-376,4090
1689018793865,-376,4090
1689018793867,-376,4090
1689018793870,-376,4090
1689018793873,-376,4090
1689018793876,-376,4090
1689018793878,-376,4090
1689018793881,-376,4090
1689018793884,-376,4090
1689018793887,-376,4090
1689018793890,-376,4090
1689018793893,-376,4090
1689018793896,-376,4090
1689018793898,-376,4090
1689018793901,-376,4090
1689018793904,-376,4090
1689018793906,-376,4090
1689018793909,-376,4090
1689018793912,-376,4090
1689018793915,-376,4090
1689018793918,-376,4090
1689018793920,-376,4090
1689018793923,-376,4090
1689018793926,-376,4090
1689018793929,-376,4090
1689018793931,-376,4090
1689018793934,-376,4090
1689018793939,-376,4090
1689018793941,-376,4090
1689018793944,-376,4090
1689018793947,-376,4090
1689018793950,-376,4090
1689018793952,-376,4090
1689018793955,-376,4090
1689018793958,-376,4090
1689018793961,-376,4090
1689018793963,-376,4090
1689018793966,-376,4090
1689018793969,-376,4090
1689018793972,-376,4090
1689018793974,-376,4090
1689018793977,-376,4090
1689018793980,-376,4090
1689018793983,-376,4090
1689018793986,-376,4090
1689018793989,-376,4090
1689018793992,-376,4090
1689018793995,-376,4090
1689018793998,-376,4090
1689018794001,-376,4090
1689018794003,-376,4090
1689018794006,-376,4090
1689018794009,-376,4090
1689018794012,-376,4090
1689018794014,-376,4090
1689018794017,-376,4090
1689018794020,-376,4090
1689018794023,-376,4090
1689018794026,-376,4090
1689018794028,-376,4090
1689018794031,-376,4090
1689018794034,-376,4090
1689018794037,-376,4090
1689018794040,-376,4090
1689018794042,-376,4090
1689018794045,-376,4090
1689018794048,-376,4090
1689018794051,-376,4090
1689018794054,-376,4090
1689018794056,-376,4090
1689018794059,-376,4090
1689018794062,-376,4090
1689018794065,-376,4090
1689018794067,-376,4090
1689018794070,-376,4090
1689018794073,-376,4090
1689018794081,-376,4090
1689018794085,-376,4090
1689018794088,-376,4090
1689018794091,-376,4090
1689018794094,-376,4090
1689018794098,-376,4090
1689018794101,-376,4090
1689018794104,-376,4090
1689018794106,-376,4090
1689018794109,-376,4090
1689018794112,-376,4090
1689018794115,-376,4090
1689018794118,-376,4090
1689018794121,-376,4090
1689018794123,-376,4090
1689018794126,-376,4090
1689018794129,-376,4090
1689018794133,-376,4090
1689018794135,-376,4090
1689018794138,-376,4090
1689018794141,-376,4090
1689018794144,-376,4090
1689018794146,-376,4090
1689018794149,-376,4090
1689018794152,-376,4090
1689018794155,-376,4090
1689018794158,-376,4090
1689018794160,-376,4090
1689018794163,-376,4090
1689018794166,-376,4090
1689018794169,-376,4090
1689018794172,-376,4090
1689018794174,-376,4090
1689018794177,-376,4090
1689018794180,-376,4090
1689018794183,-376,4090
1689018794185,-376,4090
1689018794188,-376,4090
1689018794191,-376,4090
1689018794194,-376,4090
1689018794197,-376,4090
1689018794200,-376,4090
1689018794202,-376,4090
1689018794205,-376,4090
1689018794208,-376,4090
1689018794211,-376,4090
1689018794214,-376,4090
1689018794216,-376,4090
1689018794219,-376,4090
1689018794222,-376,4090
1689018794225,-376,4090
1689018794228,-376,4090
1689018794231,-376,4090
1689018794233,-376,4090
1689018794236,-376,4090
1689018794239,-376,4090
1689018794242,-376,4090
1689018794244,-376,4090
1689018794247,-376,4090
1689018794250,-376,4090
1689018794253,-376,4090
1689018794256,-376,4090
1689018794259,-376,4090
1689018794261,-376,4090
1689018794264,-376,4090
1689018794267,-376,4090
1689018794270,-376,4090
1689018794272,-376,4090
1689018794275,-376,4090
1689018794278,-376,4090
1689018794281,-376,4090
1689018794284,-376,4090
1689018794286,-376,4090
1689018794289,-376,4090
1689018794292,-376,4090
1689018794295,-376,4090
1689018794298,-376,4090
1689018794301,-376,4090
1689018794304,-376,4090
1689018794307,-376,4090
1689018794309,-376,4090
1689018794312,-376,4090
1689018794315,-376,4090
1689018794318,-376,4090
1689018794320,-376,4090
1689018794323,-376,4090
1689018794326,-376,4090
1689018794329,-376,4090
1689018794331,-376,4090
1689018794334,-376,4090
1689018794337,-376,4090
1689018794340,-376,4090
1689018794343,-376,4090
1689018794345,-376,4090
1689018794348,-376,4090
1689018794351,-376,4090
1689018794354,-376,4090
1689018794357,-376,4090
1689018794360,-376,4090
1689018794362,-376,4090
1689018794365,-376,4090
1689018794368,-376,4090
1689018794370,-376,4090
1689018794373,-376,4090
1689018794376,-376,4090
1689018794379,-376,4090
1689018794382,-376,4090
1689018794384,-376,4090
1689018794387,-376,4090
1689018794390,-376,4090
1689018794392,-376,4090
1689018794395,-376,4090
1689018794398,-376,4090
1689018794401,-376,4090
1689018794404,-376,4090
1689018794407,-376,4090
1689018794410,-376,4090
1689018794413,-376,4090
1689018794415,-376,4090
1689018794418,-376,4090
1689018794421,-376,4090
1689018794424,-376,4090
1689018794427,-376,4090
1689018794429,-376,4090
1689018794432,-376,4090
1689018794435,-376,4090
1689018794438,-376,4090
1689018794440,-376,4090
1689018794443,-376,4090
1689018794446,-376,4090
1689018794449,-376,4090
1689018794451,-376,4090
1689018794454,-376,4090
1689018794457,-376,4090
1689018794460,-376,4090
1689018794462,-376,4090
1689018794465,-376,4090
1689018794468,-376,4090
1689018794471,-376,4090
1689018794473,-376,4090
1689018794476,-376,4090
1689018794479,-376,4090
1689018794482,-376,4090
1689018794484,-376,4090
1689018794487,-376,4090
1689018794490,-376,4090
1689018794493,-376,4090
1689018794496,-376,4090
1689018794498,-376,4090
1689018794501,-376,4090
1689018794504,-376,4090
1689018794507,-376,4090
1689018794510,-376,4090
1689018794512,-376,4090
1689018794515,-376,4090
1689018794518,-376,4090
1689018794521,-376,4090
1689018794523,-376,4090
1689018794526,-376,4090
1689018794529,-376,4090
1689018794532,-376,4090
1689018794534,-376,4090
1689018794537,-376,4090
1689018794540,-376,4090
1689018794543,-376,4090
1689018794545,-376,4090
1689018794548,-376,4090
1689018794551,-376,4090
1689018794554,-376,4090
1689018794556,-376,4090
1689018794559,-376,4090
1689018794562,-376,4090
1689018794565,-376,4090
1689018794567,-376,4090
1689018794570,-376,4090
1689018794573,-376,4090
1689018794576,-376,4090
1689018794579,-376,4090
1689018794581,-376,4090
1689018794584,-376,4090
1689018794587,-376,4090
1689018794590,-376,4090
1689018794592,-376,4090
1689018794595,-376,4090
1689018794598,-376,4090
1689018794601,-376,4090
1689018794604,-376,4090
1689018794606,-376,4090
1689018794609,-376,4090
1689018794612,-376,4090
1689018794615,-376,4090
1689018794618,-376,4090
1689018794620,-376,4090
1689018794623,-376,4090
1689018794626,-376,4090
1689018794629,-376,4090
1689018794631,-376,4090
1689018794634,-376,4090
1689018794637,-376,4090
1689018794640,-376,4090
1689018794642,-376,4090
1689018794645,-376,4090
1689018794648,-376,4090
1689018794650,-376,4090
1689018794653,-376,4090
1689018794656,-376,4090
1689018794659,-376,4090
1689018794661,-376,4090
1689018794664,-376,4090
1689018794667,-376,4090
1689018794670,-376,4090
1689018794672,-376,4090
1689018794675,-376,4090
1689018794678,-376,4090
1689018794681,-376,4090
1689018794684,-376,4090
1689018794686,-376,4090
1689018794689,-376,4090
1689018794692,-376,4090
1689018794695,-376,4090
1689018794698,-376,4090
1689018794700,-376,4090
1689018794703,-376,4090
1689018794706,-376,4090
1689018794709,-376,4090
1689018794712,-376,4090
1689018794715,-376,4090
1689018794718,-376,4090
1689018794721,-376,4090
1689018794723,-376,4090
1689018794726,-376,4090
1689018794729,-376,4090
1689018794732,-376,4090
1689018794734,-376,4090
1689018794737,-376,4090
1689018794740,-376,4090
1689018794743,-376,4090
1689018794746,-376,4090
1689018794749,-376,4090
1689018794752,-376,4090
1689018794755,-376,4090
1689018794757,-376,4090
1689018794761,-376,4090
1689018794763,-376,4090
1689018794766,-376,4090
1689018794769,-376,4090
1689018794771,-376,4090
1689018794774,-376,4090
1689018794777,-376,4090
1689018794780,-376,4090
1689018794782,-376,4090
1689018794785,-376,4090
1689018794788,-376,4090
1689018794791,-376,4090
1689018794793,-376,4090
1689018794796,-376,4090
1689018794799,-376,4090
1689018794802,-376,4090
1689018794805,-376,4090
1689018794807,-376,4090
1689018794811,-376,4090
1689018794813,-376,4090
1689018794816,-376,4090
1689018794819,-376,4090
1689018794822,-376,4090
1689018794825,-376,4090
1689018794827,-376,4090
1689018794830,-376,4090
1689018794833,-376,4090
1689018794835,-376,4090
1689018794838,-376,4090
1689018794841,-376,4090
1689018794844,-376,4090
1689018794847,-376,4090
1689018794850,-376,4090
1689018794852,-376,4090
1689018794855,-376,4090
1689018794858,-376,4090
1689018794861,-376,4090
1689018794863,-376,4090
1689018794866,-376,4090
1689018794869,-376,4090
1689018794872,-376,4090
1689018794874,-376,4090
1689018794877,-376,4090
1689018794880,-376,4090
1689018794883,-376,4090
1689018794886,-376,4090
1689018794888,-376,4090
1689018794891,-376,4090
1689018794894,-376,4090
1689018794897,-376,4090
1689018794900,-376,4090
1689018794903,-376,4090
1689018794905,-376,4090
1689018794908,-376,4090
1689018794911,-376,4090
1689018794914,-376,4090
1689018794917,-376,4090
1689018794920,-376,4090
1689018794923,-376,4090
1689018794925,-376,4090
1689018794928,-376,4090
1689018794931,-376,4090
1689018794934,-376,4090
1689018794938,-376,4090
1689018794941,-376,4090
1689018794944,-376,4090
1689018794946,-376,4090
1689018794949,-376,4090
1689018794952,-376,4090
1689018794955,-376,4090
1689018794957,-376,4090
1689018794960,-376,4090
1689018794963,-376,4090
1689018794966,-376,4090
1689018794968,-376,4090
1689018794971,-376,4090
1689018794974,-376,4090
1689018794977,-376,4090
1689018794979,-376,4090
1689018794982,-376,4090
1689018794985,-376,4090
1689018794988,-376,4090
1689018794991,-376,4090
1689018794994,-376,4090
1689018794996,-376,4090
1689018794999,-376,4090
1689018795002,-376,4090
1689018795005,-376,4090
1689018795007,-376,4090
1689018795010,-376,4090
1689018795013,-376,4090
1689018795016,-376,4090
1689018795018,-376,4090
1689018795021,-376,4090
1689018795024,-376,4090
1689018795027,-376,4090
1689018795030,-376,4090
1689018795033,-376,4090
1689018795036,-376,4090
1689018795039,-376,4090
1689018795041,-376,4090
1689018795044,-376,4090
1689018795047,-376,4090
1689018795050,-376,4090
1689018795052,-376,4090
1689018795055,-376,4090
1689018795058,-376,4090
1689018795061,-376,4090
1689018795064,-376,4090
1689018795067,-376,4090
1689018795070,-376,4090
1689018795072,-376,4090
1689018795075,-376,4090
1689018795078,-376,4090
1689018795081,-376,4090
1689018795083,-376,4090
1689018795086,-376,4090
1689018795089,-376,4090
1689018795092,-376,4090
1689018795095,-376,4090
1689018795098,-376,4090
1689018795100,-376,4090
1689018795103,-376,4090
1689018795106,-376,4090
1689018795108,-376,4090
1689018795111,-376,4090
1689018795114,-376,4090
1689018795118,-376,4090
1689018795121,-376,4090
1689018795124,-376,4090
1689018795127,-376,4090
1689018795130,-376,4090
1689018795132,-376,4090
1689018795135,-376,4090
1689018795138,-376,4090
1689018795141,-376,4090
1689018795144,-376,4090
1689018795147,-376,4090
1689018795150,-376,4090
1689018795153,-376,4090
1689018795156,-376,4090
1689018795158,-376,4090
1689018795161,-376,4090
1689018795164,-376,4090
1689018795167,-376,4090
1689018795170,-376,4090
1689018795173,-376,4090
1689018795175,-376,4090
1689018795178,-376,4090
1689018795181,-376,4090
1689018795184,-376,4090
1689018795186,-376,4090
1689018795189,-376,4090
1689018795192,-376,4090
1689018795194,-376,4090
1689018795197,-376,4090
1689018795200,-376,4090
1689018795203,-376,4090
1689018795206,-376,4090
1689018795208,-376,4090
1689018795211,-376,4090
1689018795214,-376,4090
1689018795217,-376,4090
1689018795220,-376,4090
1689018795223,-376,4090
1689018795226,-376,4090
1689018795229,-376,4090
1689018795231,-376,4090
1689018795234,-376,4090
1689018795237,-376,4090
1689018795240,-376,4090
1689018795242,-376,4090
1689018795245,-376,4090
1689018795248,-376,4090
1689018795251,-376,4090
1689018795254,-376,4090
1689018795256,-376,4090
1689018795259,-376,4090
1689018795262,-376,4090
1689018795265,-376,4090
1689018795268,-376,4090
1689018795270,-376,4090
1689018795273,-376,4090
1689018795276,-376,4090
1689018795279,-376,4090
1689018795282,-376,4090
1689018795284,-376,4090
1689018795287,-376,4090
1689018795290,-376,4090
1689018795293,-376,4090
1689018795296,-376,4090
1689018795298,-376,4090
1689018795301,-376,4090
1689018795304,-376,4090
1689018795307,-376,4090
1689018795309,-376,4090
1689018795312,-376,4090
1689018795315,-376,4090
1689018795318,-376,4090
1689018795320,-376,4090
1689018795324,-376,4090
1689018795327,-376,4090
1689018795330,-376,4090
1689018795332,-376,4090
1689018795335,-376,4090
1689018795338,-376,4090
1689018795341,-376,4090
1689018795344,-376,4090
1689018795346,-376,4090
1689018795349,-376,4090
1689018795352,-376,4090
1689018795355,-376,4090
1689018795358,-376,4090
1689018795360,-376,4090
1689018795363,-376,4090
1689018795366,-376,4090
1689018795369,-376,4090
1689018795371,-376,4090
1689018795374,-376,4090
1689018795377,-376,4090
1689018795380,-376,4090
1689018795382,-376,4090
1689018795385,-376,4090
1689018795388,-376,4090
1689018795391,-376,4090
1689018795393,-376,4090
1689018795396,-376,4090
1689018795399,-376,4090
1689018795402,-376,4090
1689018795404,-376,4090
1689018795407,-376,4090
1689018795410,-376,4090
1689018795413,-376,4090
1689018795415,-376,4090
1689018795418,-376,4090
1689018795421,-376,4090
1689018795424,-376,4090
1689018795427,-376,4090
1689018795430,-376,4090
1689018795433,-376,4090
1689018795435,-376,4090
1689018795438,-376,4090
1689018795441,-376,4090
1689018795444,-376,4090
1689018795446,-376,4090
1689018795449,-376,4090
1689018795452,-376,4090
1689018795455,-376,4090
1689018795457,-376,4090
1689018795460,-376,4090
1689018795463,-376,4090
1689018795466,-376,4090
1689018795468,-376,4090
1689018795471,-376,4090
1689018795474,-376,4090
1689018795477,-376,4090
1689018795479,-376,4090
1689018795482,-376,4090
1689018795485,-376,4090
1689018795488,-376,4090
1689018795490,-376,4090
1689018795493,-376,4090
1689018795496,-376,4090
1689018795499,-376,4090
1689018795502,-376,4090
1689018795504,-376,4090
1689018795507,-376,4090
1689018795510,-376,4090
1689018795513,-376,4090
1689018795515,-376,4090
1689018795518,-376,4090
1689018795521,-376,4090
1689018795523,-376,4090
1689018795526,-376,4090
1689018795530,-376,4090
1689018795533,-376,4090
1689018795535,-376,4090
1689018795538,-376,4090
1689018795541,-376,4090
1689018795544,-376,4090
1689018795547,-376,4090
1689018795549,-376,4090
1689018795552,-376,4090
1689018795555,-376,4090
1689018795558,-376,4090
1689018795560,-376,4090
1689018795563,-376,4090
1689018795566,-376,4090
1689018795569,-376,4090
1689018795571,-376,4090
1689018795574,-376,4090
1689018795577,-376,4090
1689018795580,-376,4090
1689018795583,-376,4090
1689018795585,-376,4090
1689018795588,-376,4090
1689018795591,-376,4090
1689018795594,-376,4090
1689018795597,-376,4090
1689018795600,-376,4090
1689018795602,-376,4090
1689018795605,-376,4090
1689018795608,-376,4090
1689018795611,-376,4090
1689018795613,-376,4090
1689018795616,-376,4090
1689018795619,-376,4090
1689018795622,-376,4090
1689018795624,-376,4090
1689018795627,-376,4090
1689018795630,-376,4090
1689018795633,-376,4090
1689018795636,-376,4090
1689018795639,-376,4090
1689018795641,-376,4090
1689018795644,-376,4090
1689018795647,-376,4090
1689018795650,-376,4090
1689018795652,-376,4090
1689018795655,-376,4090
1689018795658,-376,4090
1689018795661,-376,4090
1689018795664,-376,4090
1689018795666,-376,4090
1689018795669,-376,4090
1689018795672,-376,4090
1689018795675,-376,4090
1689018795677,-376,4090
1689018795680,-376,4090
1689018795683,-376,4090
1689018795686,-376,4090
1689018795688,-376,4090
1689018795691,-376,4090
1689018795694,-376,4090
1689018795697,-376,4090
1689018795699,-376,4090
1689018795702,-376,4090
1689018795705,-376,4090
1689018795708,-376,4090
1689018795710,-376,4090
1689018795713,-376,4090
1689018795716,-376,4090
1689018795719,-376,4090
1689018795722,-376,4090
1689018795724,-376,4090
1689018795727,-376,4090
1689018795730,-376,4090
1689018795733,-376,4090
1689018795736,-376,4090
1689018795739,-376,4090
1689018795741,-376,4090
1689018795744,-376,4090
1689018795747,-376,4090
1689018795750,-376,4090
1689018795752,-376,4090
1689018795755,-376,4090
1689018795758,-376,4090
1689018795761,-376,4090
1689018795764,-376,4090
1689018795767,-376,4090
1689018795769,-376,4090
1689018795772,-376,4090
1689018795775,-376,4090
1689018795778,-376,4090
1689018795780,-376,4090
1689018795783,-376,4090
1689018795786,-376,4090
1689018795789,-376,4090
1689018795792,-376,4090
1689018795794,-376,4090
1689018795797,-376,4090
1689018795800,-376,4090
1689018795803,-376,4090
1689018795805,-376,4090
1689018795808,-376,4090
1689018795811,-376,4090
1689018795814,-376,4090
1689018795816,-376,4090
1689018795819,-376,4090
1689018795822,-376,4090
1689018795825,-376,4090
1689018795827,-376,4090
1689018795830,-376,4090
1689018795833,-376,4090
1689018795836,-376,4090
1689018795839,-376,4090
1689018795842,-376,4090
1689018795845,-376,4090
1689018795847,-376,4090
1689018795850,-376,4090
1689018795853,-376,4090
1689018795856,-376,4090
1689018795858,-376,4090
1689018795861,-376,4090
1689018795864,-376,4090
1689018795866,-376,4090
1689018795869,-376,4090
1689018795872,-376,4090
1689018795875,-376,4090
1689018795877,-376,4090
1689018795880,-376,4090
1689018795883,-376,4090
1689018795886,-376,4090
1689018795888,-376,4090
1689018795891,-376,4090
1689018795894,-376,4090
1689018795897,-376,4090
1689018795899,-376,4090
1689018795902,-376,4090
1689018795905,-376,4090
1689018795908,-376,4090
1689018795911,-376,4090
1689018795913,-376,4090
1689018795916,-376,4090
1689018795919,-376,4090
1689018795922,-376,4090
1689018795924,-376,4090
1689018795927,-376,4090
1689018795930,-376,4090
1689018795933,-376,4090
1689018795936,-376,4090
1689018795939,-376,4090
1689018795942,-376,4090
1689018795946,-376,4090
1689018795948,-376,4090
1689018795951,-376,4090
1689018795954,-376,4090
1689018795957,-376,4090
1689018795960,-376,4090
1689018795962,-376,4090
1689018795965,-376,4090
1689018795968,-376,4090
1689018795971,-376,4090
1689018795974,-376,4090
1689018795976,-376,4090
1689018795979,-376,4090
1689018795982,-376,4090
1689018795985,-376,4090
1689018795987,-376,4090
1689018795991,-376,4090
1689018795994,-376,4090
1689018795996,-376,4090
1689018795999,-376,4090
1689018796002,-376,4090
1689018796005,-376,4090
1689018796008,-376,4090
1689018796011,-376,4090
1689018796014,-376,4090
1689018796016,-376,4090
1689018796019,-376,4090
1689018796022,-376,4090
1689018796025,-376,4090
1689018796027,-376,4090
1689018796030,-376,4090
1689018796033,-376,4090
1689018796036,-376,4090
1689018796039,-376,4090
1689018796042,-376,4090
1689018796045,-376,4090
1689018796048,-376,4090
1689018796051,-376,4090
1689018796053,-376,4090
1689018796056,-376,4090
1689018796059,-376,4090
1689018796062,-376,4090
1689018796064,-376,4090
1689018796067,-376,4090
1689018796070,-376,4090
1689018796073,-376,4090
1689018796076,-376,4090
1689018796078,-376,4090
1689018796081,-376,4090
1689018796084,-376,4090
1689018796087,-376,4090
1689018796090,-376,4090
1689018796093,-376,4090
1689018796096,-376,4090
1689018796099,-376,4090
1689018796101,-376,4090
1689018796104,-376,4090
1689018796107,-376,4090
1689018796110,-376,4090
1689018796112,-376,4090
1689018796115,-376,4090
1689018796118,-376,4090
1689018796121,-376,4090
1689018796124,-376,4090
1689018796127,-376,4090
1689018796130,-376,4090
1689018796133,-376,4090
1689018796136,-376,4090
1689018796139,-376,4090
1689018796141,-376,4090
1689018796144,-376,4090
1689018796147,-376,4090
1689018796150,-376,4090
1689018796153,-376,4090
1689018796155,-376,4090
1689018796158,-376,4090
1689018796161,-376,4090
1689018796164,-376,4090
1689018796166,-376,4090
1689018796169,-376,4090
1689018796172,-376,4090
1689018796175,-376,4090
1689018796183,-376,4090
1689018796186,-376,4090
1689018796189,-376,4090
1689018796192,-376,4090
1689018796196,-376,4090
1689018796199,-376,4090
1689018796202,-376,4090
1689018796204,-376,4090
1689018796207,-376,4090
1689018796210,-376,4090
1689018796213,-376,4090
1689018796216,-376,4090
1689018796218,-376,4090
1689018796221,-376,4090
1689018796224,-376,4090
1689018796227,-376,4090
1689018796230,-376,4090
1689018796233,-376,4090
1689018796235,-376,4090
1689018796238,-376,4090
1689018796241,-376,4090
1689018796244,-376,4090
1689018796246,-376,4090
1689018796249,-376,4090
1689018796252,-376,4090
1689018796255,-376,4090
1689018796257,-376,4090
1689018796260,-376,4090
1689018796263,-376,4090
1689018796266,-376,4090
1689018796268,-376,4090
1689018796271,-376,4090
1689018796274,-376,4090
1689018796277,-376,4090
1689018796279,-376,4090
1689018796282,-376,4090
1689018796285,-376,4090
1689018796288,-376,4090
1689018796291,-376,4090
1689018796294,-376,4090
1689018796297,-376,4090
1689018796299,-376,4090
1689018796302,-376,4090
1689018796305,-376,4090
1689018796308,-376,4090
1689018796310,-376,4090
1689018796313,-376,4090
1689018796316,-376,4090
1689018796319,-376,4090
1689018796321,-376,4090
1689018796324,-376,4090
1689018796327,-376,4090
1689018796330,-376,4090
1689018796332,-376,4090
1689018796335,-376,4090
1689018796338,-376,4090
1689018796341,-376,4090
1689018796344,-376,4090
1689018796347,-376,4090
1689018796350,-376,4090
1689018796353,-376,4090
1689018796356,-376,4090
1689018796359,-376,4090
1689018796361,-376,4090
1689018796364,-376,4090
1689018796367,-376,4090
1689018796370,-376,4090
1689018796372,-376,4090
1689018796375,-376,4090
1689018796378,-376,4090
1689018796381,-376,4090
1689018796383,-376,4090
1689018796386,-376,4090
1689018796389,-376,4090
1689018796392,-376,4090
1689018796394,-376,4090
1689018796397,-376,4090
1689018796400,-376,4090
1689018796403,-376,4090
1689018796406,-376,4090
1689018796408,-376,4090
1689018796411,-376,4090
1689018796414,-376,4090
1689018796417,-376,4090
1689018796419,-376,4090
1689018796422,-376,4090
1689018796425,-376,4090
1689018796428,-376,4090
1689018796431,-376,4090
1689018796433,-376,4090
1689018796436,-376,4090
1689018796439,-376,4090
1689018796442,-376,4090
1689018796444,-376,4090
1689018796447,-376,4090
1689018796451,-376,4090
1689018796454,-376,4090
1689018796457,-376,4090
1689018796459,-376,4090
1689018796462,-376,4090
1689018796465,-376,4090
1689018796468,-376,4090
1689018796470,-376,4090
1689018796473,-376,4090
1689018796476,-376,4090
1689018796479,-376,4090
1689018796482,-376,4090
1689018796484,-376,4090
1689018796487,-376,4090
1689018796490,-376,4090
1689018796493,-376,4090
1689018796496,-376,4090
1689018796498,-376,4090
1689018796501,-376,4090
1689018796504,-376,4090
1689018796507,-376,4090
1689018796510,-376,4090
1689018796512,-376,4090
1689018796515,-376,4090
1689018796518,-376,4090
1689018796521,-376,4090
1689018796523,-376,4090
1689018796526,-376,4090
1689018796529,-376,4090
1689018796532,-376,4090
1689018796535,-376,4090
1689018796538,-376,4090
1689018796540,-376,4090
1689018796543,-376,4090
1689018796546,-376,4090
1689018796549,-376,4090
1689018796552,-376,4090
1689018796555,-376,4090
1689018796557,-376,4090
1689018796560,-376,4090
1689018796563,-376,4090
1689018796566,-376,4090
1689018796568,-376,4090
1689018796571,-376,4090
1689018796574,-376,4090
1689018796577,-376,4090
1689018796580,-376,4090
1689018796582,-376,4090
1689018796585,-376,4090
1689018796588,-376,4090
1689018796591,-376,4090
1689018796594,-376,4090
1689018796596,-376,4090
1689018796599,-376,4090
1689018796602,-376,4090
1689018796605,-376,4090
1689018796608,-376,4090
1689018796610,-376,4090
1689018796613,-376,4090
1689018796616,-376,4090
1689018796619,-376,4090
1689018796622,-376,4090
1689018796624,-376,4090
1689018796627,-376,4090
1689018796630,-376,4090
1689018796633,-376,4090
1689018796635,-376,4090
1689018796638,-376,4090
1689018796641,-376,4090
1689018796644,-376,4090
1689018796647,-376,4090
1689018796650,-376,4090
1689018796652,-376,4090
1689018796655,-376,4090
1689018796658,-376,4090
1689018796661,-376,4090
1689018796664,-376,4090
1689018796666,-376,4090
1689018796669,-376,4090
1689018796672,-376,4090
1689018796675,-376,4090
1689018796677,-376,4090
1689018796680,-376,4090
1689018796683,-376,4090
1689018796686,-376,4090
1689018796688,-376,4090
1689018796691,-376,4090
1689018796694,-376,4090
1689018796697,-376,4090
1689018796699,-376,4090
1689018796702,-376,4090
1689018796705,-376,4090
1689018796708,-376,4090
1689018796710,-376,4090
1689018796713,-376,4090
1689018796716,-376,4090
1689018796719,-376,4090
1689018796722,-376,4090
1689018796724,-376,4090
1689018796727,-376,4090
1689018796730,-376,4090
1689018796733,-376,4090
1689018796735,-376,4090
1689018796738,-376,4090
1689018796741,-376,4090
1689018796744,-376,4090
1689018796747,-376,4090
1689018796750,-376,4090
1689018796752,-376,4090
1689018796755,-376,4090
1689018796758,-376,4090
1689018796761,-376,4090
1689018796764,-376,4090
1689018796766,-376,4090
1689018796769,-376,4090
1689018796772,-376,4090
1689018796775,-376,4090
1689018796777,-376,4090
1689018796780,-376,4090
1689018796783,-376,4090
1689018796786,-376,4090
1689018796789,-376,4090
1689018796791,-376,4090
1689018796794,-376,4090
1689018796797,-376,4090
1689018796800,-376,4090
1689018796803,-376,4090
1689018796805,-376,4090
1689018796808,-376,4090
1689018796811,-376,4090
1689018796814,-376,4090
1689018796817,-376,4090
1689018796819,-376,4090
1689018796822,-376,4090
1689018796825,-376,4090
1689018796828,-376,4090
1689018796830,-376,4090
1689018796833,-376,4090
1689018796836,-376,4090
1689018796839,-376,4090
1689018796842,-376,4090
1689018796844,-376,4090
1689018796847,-376,4090
1689018796850,-376,4090
1689018796853,-376,4090
1689018796856,-376,4090
1689018796859,-376,4090
1689018796862,-376,4090
1689018796865,-376,4090
1689018796867,-376,4090
1689018796870,-376,4090
1689018796873,-376,4090
1689018796876,-376,4090
1689018796879,-376,4090
1689018796882,-376,4090
1689018796884,-376,4090
1689018796887,-376,4090
1689018796890,-376,4090
1689018796893,-376,4090
1689018796895,-376,4090
1689018796898,-376,4090
1689018796901,-376,4090
1689018796904,-376,4090
1689018796906,-376,4090
1689018796909,-376,4090
1689018796912,-376,4090
1689018796915,-376,4090
1689018796917,-376,4090
1689018796920,-376,4090
1689018796923,-376,4090
1689018796926,-376,4090
1689018796929,-376,4090
1689018796931,-376,4090
1689018796934,-376,4090
1689018796937,-376,4090
1689018796940,-376,4090
1689018796942,-376,4090
1689018796945,-376,4090
1689018796948,-376,4090
1689018796951,-376,4090
1689018796953,-376,4090
1689018796956,-376,4090
1689018796959,-376,4090
1689018796962,-376,4090
1689018796965,-376,4090
1689018796968,-376,4090
1689018796971,-376,4090
1689018796974,-376,4090
1689018796976,-376,4090
1689018796979,-376,4090
1689018796982,-376,4090
1689018796985,-376,4090
1689018796988,-376,4090
1689018796990,-376,4090
1689018796994,-376,4090
1689018796996,-376,4090
1689018796999,-376,4090
1689018797002,-376,4090
1689018797005,-376,4090
1689018797007,-376,4090
1689018797010,-376,4090
1689018797013,-376,4090
1689018797016,-376,4090
1689018797019,-376,4090
1689018797022,-376,4090
1689018797024,-376,4090
1689018797027,-376,4090
1689018797030,-376,4090
1689018797033,-376,4090
1689018797036,-376,4090
1689018797038,-376,4090
1689018797041,-376,4090
1689018797044,-376,4090
1689018797047,-376,4090
1689018797050,-376,4090
1689018797052,-376,4090
1689018797055,-376,4090
1689018797058,-376,4090
1689018797061,-376,4090
1689018797064,-376,4090
1689018797067,-376,4090
1689018797070,-376,4090
1689018797072,-376,4090
1689018797075,-376,4090
1689018797078,-376,4090
1689018797081,-376,4090
1689018797084,-376,4090
1689018797086,-376,4090
1689018797089,-376,4090
1689018797092,-376,4090
1689018797095,-376,4090
1689018797098,-376,4090
1689018797100,-376,4090
1689018797103,-376,4090
1689018797106,-376,4090
1689018797108,-376,4090
1689018797111,-376,4090
1689018797114,-376,4090
1689018797117,-376,4090
1689018797120,-376,4090
1689018797123,-376,4090
1689018797126,-376,4090
1689018797128,-376,4090
1689018797131,-376,4090
1689018797134,-376,4090
1689018797137,-376,4090
1689018797140,-376,4090
1689018797143,-376,4090
1689018797146,-376,4090
1689018797148,-376,4090
1689018797151,-376,4090
1689018797154,-376,4090
1689018797157,-376,4090
1689018797160,-376,4090
1689018797162,-376,4090
1689018797166,-376,4090
1689018797169,-376,4090
1689018797171,-376,4090
1689018797174,-376,4090
1689018797177,-376,4090
1689018797180,-376,4090
1689018797182,-376,4090
1689018797185,-376,4090
1689018797188,-376,4090
1689018797191,-376,4090
1689018797193,-376,4090
1689018797196,-376,4090
1689018797199,-376,4090
1689018797202,-376,4090
1689018797204,-376,4090
1689018797207,-376,4090
1689018797210,-376,4090
1689018797213,-376,4090
1689018797216,-376,4090
1689018797218,-376,4090
1689018797221,-376,4090
1689018797224,-376,4090
1689018797227,-376,4090
1689018797230,-376,4090
1689018797232,-376,4090
1689018797235,-376,4090
1689018797238,-376,4090
1689018797240,-376,4090
1689018797243,-376,4090
1689018797246,-376,4090
1689018797249,-376,4090
1689018797252,-376,4090
1689018797254,-376,4090
1689018797257,-376,4090
1689018797260,-376,4090
1689018797263,-376,4090
1689018797266,-376,4090
1689018797269,-376,4090
1689018797272,-376,4090
1689018797275,-376,4090
1689018797277,-376,4090
1689018797280,-376,4090
1689018797283,-376,4090
1689018797286,-376,4090
1689018797288,-376,4090
1689018797291,-376,4090
1689018797294,-376,4090
1689018797297,-376,4090
1689018797300,-376,4090
1689018797303,-376,4090
1689018797305,-376,4090
1689018797308,-376,4090
1689018797311,-376,4090
1689018797314,-376,4090
1689018797317,-376,4090
1689018797319,-376,4090
1689018797322,-376,4090
1689018797325,-376,4090
1689018797328,-376,4090
1689018797330,-376,4090
1689018797333,-376,4090
1689018797336,-376,4090
1689018797339,-376,4090
1689018797342,-376,4090
1689018797344,-376,4090
1689018797347,-376,4090
1689018797350,-376,4090
1689018797353,-376,4090
1689018797356,-376,4090
1689018797359,-376,4090
1689018797361,-376,4090
1689018797364,-376,4090
1689018797367,-376,4090
1689018797370,-376,4090
1689018797373,-376,4090
1689018797376,-376,4090
1689018797378,-376,4090
1689018797381,-376,4090
1689018797384,-376,4090
1689018797387,-376,4090
1689018797390,-376,4090
1689018797392,-376,4090
1689018797395,-376,4090
1689018797398,-376,4090
1689018797401,-376,4090
1689018797403,-376,4090
1689018797406,-376,4090
1689018797409,-376,4090
1689018797412,-376,4090
1689018797414,-376,4090
1689018797417,-376,4090
1689018797420,-376,4090
1689018797423,-376,4090
1689018797426,-376,4090
1689018797429,-376,4090
1689018797431,-376,4090
1689018797434,-376,4090
1689018797437,-376,4090
1689018797440,-376,4090
1689018797442,-376,4090
1689018797445,-376,4090
1689018797448,-376,4090
1689018797451,-376,4090
1689018797454,-376,4090
1689018797456,-376,4090
1689018797459,-376,4090
1689018797462,-376,4090
1689018797464,-376,4090
1689018797467,-376,4090
1689018797470,-376,4090
1689018797473,-376,4090
1689018797476,-376,4090
1689018797479,-376,4090
1689018797482,-376,4090
1689018797485,-376,4090
1689018797487,-376,4090
1689018797490,-376,4090
1689018797493,-376,4090
1689018797496,-376,4090
1689018797498,-376,4090
1689018797501,-376,4090
1689018797504,-376,4090
1689018797507,-376,4090
1689018797510,-376,4090
1689018797513,-376,4090
1689018797515,-376,4090
1689018797518,-376,4090
1689018797521,-376,4090
1689018797524,-376,4090
1689018797527,-376,4090
1689018797529,-376,4090
1689018797532,-376,4090
1689018797535,-376,4090
1689018797538,-376,4090
1689018797540,-376,4090
1689018797543,-376,4090
1689018797546,-376,4090
1689018797549,-376,4090
1689018797552,-376,4090
1689018797554,-376,4090
1689018797557,-376,4090
1689018797560,-376,4090
1689018797563,-376,4090
1689018797565,-376,4090
1689018797568,-376,4090
1689018797571,-376,4090
1689018797574,-376,4090
1689018797577,-376,4090
1689018797580,-376,4090
1689018797582,-376,4090
1689018797585,-376,4090
1689018797588,-376,4090
1689018797591,-376,4090
1689018797594,-376,4090
1689018797597,-376,4090
1689018797599,-376,4090
1689018797602,-376,4090
1689018797605,-376,4090
1689018797608,-376,4090
1689018797610,-376,4090
1689018797613,-376,4090
1689018797616,-376,4090
1689018797619,-376,4090
1689018797621,-376,4090
1689018797624,-376,4090
1689018797627,-376,4090
1689018797630,-376,4090
1689018797632,-376,4090
1689018797635,-376,4090
1689018797638,-376,4090
1689018797641,-376,4090
1689018797644,-376,4090
1689018797646,-376,4090
1689018797649,-376,4090
1689018797652,-376,4090
1689018797655,-376,4090
1689018797658,-376,4090
1689018797661,-376,4090
1689018797663,-376,4090
1689018797666,-376,4090
1689018797669,-376,4090
1689018797672,-376,4090
1689018797674,-376,4090
1689018797677,-376,4090
1689018797680,-376,4090
1689018797683,-376,4090
1689018797686,-376,4090
1689018797688,-376,4090
1689018797691,-376,4090
1689018797694,-376,4090
1689018797697,-376,4090
1689018797699,-376,4090
1689018797702,-376,4090
1689018797705,-376,4090
1689018797708,-376,4090
1689018797710,-376,4090
1689018797713,-376,4090
1689018797716,-376,4090
1689018797719,-376,4090
1689018797722,-376,4090
1689018797725,-376,4090
1689018797727,-376,4090
1689018797730,-376,4090
1689018797733,-376,4090
1689018797736,-376,4090
1689018797738,-376,4090
1689018797741,-376,4090
1689018797744,-376,4090
1689018797746,-376,4090
1689018797749,-376,4090
1689018797752,-376,4090
1689018797754,-376,4090
1689018797757,-376,4090
1689018797760,-376,4090
1689018797763,-376,4090
1689018797766,-376,4090
1689018797768,-376,4090
1689018797771,-376,4090
1689018797774,-376,4090
1689018797777,-376,4090
1689018797779,-376,4090
1689018797783,-376,4090
1689018797785,-376,4090
1689018797788,-376,4090
1689018797791,-376,4090
1689018797794,-376,4090
1689018797796,-376,4090
1689018797799,-376,4090
1689018797802,-376,4090
1689018797805,-376,4090
1689018797808,-376,4090
1689018797810,-376,4090
1689018797813,-376,4090
1689018797816,-376,4090
1689018797819,-376,4090
1689018797822,-376,4090
1689018797824,-376,4090
1689018797827,-376,4090
1689018797830,-376,4090
1689018797833,-376,4090
1689018797836,-376,4090
1689018797838,-376,4090
1689018797841,-376,4090
1689018797844,-376,4090
1689018797847,-376,4090
1689018797850,-376,4090
1689018797852,-376,4090
1689018797855,-376,4090
1689018797858,-376,4090
1689018797861,-376,4090
1689018797864,-376,4090
1689018797866,-376,4090
1689018797869,-376,4090
1689018797872,-376,4090
1689018797875,-376,4090
1689018797878,-376,4090
1689018797881,-376,4090
1689018797884,-376,4090
1689018797887,-376,4090
1689018797890,-376,4090
1689018797893,-376,4090
1689018797895,-376,4090
1689018797898,-376,4090
1689018797901,-376,4090
1689018797904,-376,4090
1689018797906,-376,4090
1689018797909,-376,4090
1689018797912,-376,4090
1689018797915,-376,4090
1689018797918,-376,4090
1689018797920,-376,4090
1689018797923,-376,4090
1689018797926,-376,4090
1689018797929,-376,4090
1689018797932,-376,4090
1689018797935,-376,4090
1689018797937,-376,4090
1689018797940,-376,4090
1689018797943,-376,4090
1689018797946,-376,4090
1689018797949,-376,4090
1689018797952,-376,4090
1689018797955,-376,4090
1689018797958,-376,4090
1689018797961,-376,4090
1689018797964,-376,4090
1689018797967,-376,4090
1689018797970,-376,4090
1689018797972,-376,4090
1689018797975,-376,4090
1689018797978,-376,4090
1689018797981,-376,4090
1689018797983,-376,4090
1689018797986,-376,4090
1689018797989,-376,4090
1689018797992,-376,4090
1689018797994,-376,4090
1689018797997,-376,4090
1689018798000,-376,4090
1689018798003,-376,4090
1689018798006,-376,4090
1689018798008,-376,4090
1689018798011,-376,4090
1689018798014,-376,4090
1689018798017,-376,4090
1689018798020,-376,4090
1689018798023,-376,4090
1689018798026,-376,4090
1689018798028,-376,4090
1689018798031,-376,4090
1689018798034,-376,4090
1689018798037,-376,4090
1689018798040,-376,4090
1689018798043,-376,4090
1689018798046,-376,4090
1689018798048,-376,4090
1689018798051,-376,4090
1689018798054,-376,4090
1689018798056,-376,4090
1689018798059,-376,4090
1689018798062,-376,4090
1689018798065,-376,4090
1689018798067,-376,4090
1689018798070,-376,4090
1689018798073,-376,4090
1689018798076,-376,4090
1689018798079,-376,4090
1689018798081,-376,4090
1689018798085,-376,4090
1689018798088,-376,4090
1689018798090,-376,4090
1689018798093,-376,4090
1689018798097,-376,4090
1689018798099,-376,4090
1689018798102,-376,4090
1689018798105,-376,4090
1689018798108,-376,4090
1689018798110,-376,4090
1689018798113,-376,4090
1689018798116,-376,4090
1689018798118,-376,4090
1689018798121,-376,4090
1689018798124,-376,4090
1689018798127,-376,4090
1689018798130,-376,4090
1689018798133,-376,4090
1689018798136,-376,4090
1689018798139,-376,4090
1689018798142,-376,4090
1689018798145,-376,4090
1689018798147,-376,4090
1689018798150,-376,4090
1689018798153,-376,4090
1689018798156,-376,4090
1689018798159,-376,4090
1689018798161,-376,4090
1689018798164,-376,4090
1689018798167,-376,4090
1689018798170,-376,4090
1689018798172,-376,4090
1689018798175,-376,4090
1689018798178,-376,4090
1689018798181,-376,4090
1689018798184,-376,4090
1689018798187,-376,4090
1689018798190,-376,4090
1689018798193,-376,4090
1689018798195,-376,4090
1689018798198,-376,4090
1689018798201,-376,4090
1689018798204,-376,4090
1689018798206,-376,4090
1689018798209,-376,4090
1689018798212,-376,4090
1689018798215,-376,4090
1689018798218,-376,4090
1689018798221,-376,4090
1689018798224,-376,4090
1689018798227,-376,4090
1689018798229,-376,4090
1689018798232,-376,4090
1689018798235,-376,4090
1689018798238,-376,4090
1689018798240,-376,4090
1689018798243,-376,4090
1689018798246,-376,4090
1689018798253,-376,4090
1689018798257,-376,4090
1689018798260,-376,4090
1689018798263,-376,4090
1689018798266,-376,4090
1689018798269,-376,4090
1689018798272,-376,4090
1689018798275,-376,4090
1689018798278,-376,4090
1689018798281,-376,4090
1689018798283,-376,4090
1689018798286,-376,4090
1689018798289,-376,4090
1689018798293,-376,4090
1689018798295,-376,4090
1689018798298,-376,4090
1689018798301,-376,4090
1689018798304,-376,4090
1689018798307,-376,4090
1689018798310,-376,4090
1689018798312,-376,4090
1689018798315,-376,4090
1689018798318,-376,4090
1689018798321,-376,4090
1689018798323,-376,4090
1689018798326,-376,4090
1689018798329,-376,4090
1689018798332,-376,4090
1689018798334,-376,4090
1689018798337,-376,4090
1689018798340,-376,4090
1689018798343,-376,4090
1689018798346,-376,4090
1689018798349,-376,4090
1689018798351,-376,4090
1689018798354,-376,4090
1689018798357,-376,4090
1689018798360,-376,4090
1689018798363,-376,4090
1689018798365,-376,4090
1689018798368,-376,4090
1689018798371,-376,4090
1689018798374,-376,4090
1689018798377,-376,4090
1689018798379,-376,4090
1689018798382,-376,4090
1689018798385,-376,4090
1689018798388,-376,4090
1689018798390,-376,4090
1689018798393,-376,4090
1689018798396,-376,4090
1689018798399,-376,4090
1689018798402,-376,4090
1689018798405,-376,4090
1689018798407,-376,4090
1689018798410,-376,4090
1689018798413,-376,4090
1689018798416,-376,4090
1689018798419,-376,4090
1689018798421,-376,4090
1689018798424,-376,4090
1689018798427,-376,4090
1689018798430,-376,4090
1689018798432,-376,4090
1689018798435,-376,4090
1689018798438,-376,4090
1689018798441,-376,4090
1689018798444,-376,4090
1689018798447,-376,4090
1689018798449,-376,4090
1689018798452,-376,4090
1689018798455,-376,4090
1689018798458,-376,4090
1689018798460,-376,4090
1689018798463,-376,4090
1689018798466,-376,4090
1689018798469,-376,4090
1689018798471,-376,4090
1689018798474,-376,4090
1689018798477,-376,4090
1689018798480,-376,4090
1689018798483,-376,4090
1689018798485,-376,4090
1689018798488,-376,4090
1689018798491,-376,4090
1689018798494,-376,4090
1689018798497,-376,4090
1689018798500,-376,4090
1689018798503,-376,4090
1689018798506,-376,4090
1689018798508,-376,4090
1689018798511,-376,4090
1689018798514,-376,4090
1689018798517,-376,4090
1689018798520,-376,4090
1689018798522,-376,4090
1689018798525,-376,4090
1689018798528,-376,4090
1689018798530,-376,4090
1689018798533,-376,4090
1689018798536,-376,4090
1689018798539,-376,4090
1689018798542,-376,4090
1689018798544,-376,4090
1689018798547,-376,4090
1689018798550,-376,4090
1689018798553,-376,4090
1689018798556,-376,4090
1689018798558,-376,4090
1689018798561,-376,4090
1689018798564,-376,4090
1689018798567,-376,4090
1689018798570,-376,4090
1689018798572,-376,4090
1689018798575,-376,4090
1689018798578,-376,4090
1689018798581,-376,4090
1689018798583,-376,4090
1689018798586,-376,4090
1689018798589,-376,4090
1689018798591,-376,4090
1689018798594,-376,4090
1689018798597,-376,4090
1689018798600,-376,4090
1689018798603,-376,4090
1689018798606,-376,4090
1689018798609,-376,4090
1689018798611,-376,4090
1689018798614,-376,4090
1689018798617,-376,4090
1689018798620,-376,4090
1689018798623,-376,4090
1689018798625,-376,4090
1689018798628,-376,4090
1689018798631,-376,4090
1689018798634,-376,4090
1689018798636,-376,4090
1689018798639,-376,4090
1689018798642,-376,4090
1689018798645,-376,4090
1689018798647,-376,4090
1689018798650,-376,4090
1689018798653,-376,4090
1689018798656,-376,4090
1689018798658,-376,4090
1689018798661,-376,4090
1689018798664,-376,4090
1689018798667,-376,4090
1689018798669,-376,4090
1689018798672,-376,4090
1689018798675,-376,4090
1689018798678,-376,4090
1689018798681,-376,4090
1689018798683,-376,4090
1689018798686,-376,4090
1689018798689,-376,4090
1689018798692,-376,4090
1689018798694,-376,4090
1689018798697,-376,4090
1689018798700,-376,4090
1689018798703,-376,4090
1689018798706,-376,4090
1689018798709,-376,4090
1689018798711,-376,4090
1689018798714,-376,4090
1689018798717,-376,4090
1689018798720,-376,4090
1689018798722,-376,4090
1689018798725,-376,4090
1689018798728,-376,4090
1689018798731,-376,4090
1689018798734,-376,4090
1689018798736,-376,4090
1689018798739,-376,4090
1689018798742,-376,4090
1689018798745,-376,4090
1689018798747,-376,4090
1689018798750,-376,4090
1689018798753,-376,4090
1689018798755,-376,4090
1689018798758,-376,4090
1689018798761,-376,4090
1689018798764,-376,4090
1689018798767,-376,4090
1689018798769,-376,4090
1689018798772,-376,4090
1689018798775,-376,4090
1689018798778,-376,4090
1689018798780,-376,4090
1689018798783,-376,4090
1689018798786,-376,4090
1689018798789,-376,4090
1689018798791,-376,4090
1689018798795,-376,4090
1689018798797,-376,4090
1689018798800,-376,4090
1689018798803,-376,4090
1689018798806,-376,4090
1689018798809,-376,4090
1689018798812,-376,4090
1689018798815,-376,4090
1689018798818,-376,4090
1689018798820,-376,4090
1689018798823,-376,4090
1689018798826,-376,4090
1689018798829,-376,4090
1689018798831,-376,4090
1689018798834,-376,4090
1689018798837,-376,4090
1689018798840,-376,4090
1689018798842,-376,4090
1689018798845,-376,4090
1689018798848,-376,4090
1689018798851,-376,4090
1689018798853,-376,4090
1689018798856,-376,4090
1689018798859,-376,4090
1689018798862,-376,4090
1689018798864,-376,4090
1689018798867,-376,4090
1689018798870,-376,4090
1689018798873,-376,4090
1689018798876,-376,4090
1689018798878,-376,4090
1689018798881,-376,4090
1689018798884,-376,4090
1689018798887,-376,4090
1689018798889,-376,4090
1689018798892,-376,4090
1689018798895,-376,4090
1689018798898,-376,4090
1689018798901,-376,4090
1689018798903,-376,4090
1689018798906,-376,4090
1689018798909,-376,4090
1689018798912,-376,4090
1689018798915,-376,4090
1689018798918,-376,4090
1689018798920,-376,4090
1689018798923,-376,4090
1689018798926,-376,4090
1689018798928,-376,4090
1689018798932,-376,4090
1689018798934,-376,4090
1689018798937,-376,4090
1689018798942,-376,4090
1689018798944,-376,4090
1689018798947,-376,4090
1689018798950,-376,4090
1689018798953,-376,4090
1689018798955,-376,4090
1689018798958,-376,4090
1689018798961,-376,4090
1689018798964,-376,4090
1689018798967,-376,4090
1689018798970,-376,4090
1689018798972,-376,4090
1689018798975,-376,4090
1689018798978,-376,4090
1689018798981,-376,4090
1689018798983,-376,4090
1689018798986,-376,4090
1689018798989,-376,4090
1689018798991,-376,4090
1689018798994,-376,4090
1689018798997,-376,4090
1689018799000,-376,4090
1689018799003,-376,4090
1689018799006,-376,4090
1689018799009,-376,4090
1689018799012,-376,4090
1689018799015,-376,4090
1689018799017,-376,4090
1689018799020,-376,4090
1689018799023,-376,4090
1689018799026,-376,4090
1689018799028,-376,4090
1689018799031,-376,4090
1689018799034,-376,4090
1689018799037,-376,4090
1689018799039,-376,4090
1689018799042,-376,4090
1689018799045,-376,4090
1689018799048,-376,4090
1689018799051,-376,4090
1689018799054,-376,4090
1689018799056,-376,4090
1689018799059,-376,4090
1689018799062,-376,4090
1689018799065,-376,4090
1689018799068,-376,4090
1689018799070,-376,4090
1689018799073,-376,4090
1689018799076,-376,4090
1689018799079,-376,4090
1689018799082,-376,4090
1689018799085,-376,4090
1689018799088,-376,4090
1689018799091,-376,4090
1689018799093,-376,4090
1689018799096,-376,4090
1689018799099,-376,4090
1689018799102,-376,4090
1689018799105,-376,4090
1689018799108,-376,4090
1689018799111,-376,4090
1689018799114,-376,4090
1689018799116,-376,4090
1689018799119,-376,4090
1689018799122,-376,4090
1689018799125,-376,4090
1689018799128,-376,4090
1689018799131,-376,4090
1689018799134,-376,4090
1689018799137,-376,4090
1689018799140,-376,4090
1689018799143,-376,4090
1689018799146,-376,4090
1689018799148,-376,4090
1689018799151,-376,4090
1689018799154,-376,4090
1689018799157,-376,4090
1689018799160,-376,4090
1689018799163,-376,4090
1689018799165,-376,4090
1689018799168,-376,4090
1689018799171,-376,4090
1689018799174,-376,4090
1689018799176,-376,4090
1689018799179,-376,4090
1689018799182,-376,4090
1689018799185,-376,4090
1689018799187,-376,4090
1689018799190,-376,4090
1689018799193,-376,4090
1689018799196,-376,4090
1689018799198,-376,4090
1689018799201,-376,4090
1689018799204,-376,4090
1689018799207,-376,4090
1689018799210,-376,4090
1689018799213,-376,4090
1689018799216,-376,4090
1689018799219,-376,4090
1689018799222,-376,4090
1689018799225,-376,4090
1689018799228,-376,4090
1689018799238,-376,4090
1689018799242,-376,4090
1689018799245,-376,4090
1689018799248,-376,4090
1689018799251,-376,4090
1689018799254,-376,4090
1689018799256,-376,4090
1689018799259,-376,4090
1689018799262,-376,4090
1689018799265,-376,4090
1689018799268,-376,4090
1689018799271,-376,4090
1689018799273,-376,4090
1689018799276,-376,4090
1689018799279,-376,4090
1689018799282,-376,4090
1689018799285,-376,4090
1689018799288,-376,4090
1689018799290,-376,4090
1689018799293,-376,4090
1689018799296,-376,4090
1689018799299,-376,4090
1689018799301,-376,4090
1689018799304,-376,4090
1689018799307,-376,4090
1689018799310,-376,4090
1689018799313,-376,4090
1689018799315,-376,4090
1689018799318,-376,4090
1689018799321,-376,4090
1689018799324,-376,4090
1689018799327,-376,4090
1689018799330,-376,4090
1689018799333,-376,4090
1689018799335,-376,4090
1689018799338,-376,4090
1689018799341,-376,4090
1689018799344,-376,4090
1689018799347,-376,4090
1689018799350,-376,4090
1689018799352,-376,4090
1689018799355,-376,4090
1689018799358,-376,4090
1689018799361,-376,4090
1689018799364,-376,4090
1689018799367,-376,4090
1689018799369,-376,4090
1689018799372,-376,4090
1689018799375,-376,4090
1689018799378,-376,4090
1689018799381,-376,4090
1689018799383,-376,4090
1689018799386,-376,4090
1689018799389,-376,4090
1689018799392,-376,4090
1689018799395,-376,4090
1689018799398,-376,4090
1689018799400,-376,4090
1689018799403,-376,4090
1689018799406,-376,4090
1689018799409,-376,4090
1689018799411,-376,4090
1689018799414,-376,4090
1689018799417,-376,4090
1689018799420,-376,4090
1689018799423,-376,4090
1689018799426,-376,4090
1689018799429,-376,4090
1689018799432,-376,4090
1689018799434,-376,4090
1689018799437,-376,4090
1689018799440,-376,4090
1689018799443,-376,4090
1689018799446,-376,4090
1689018799448,-376,4090
1689018799451,-376,4090
1689018799454,-376,4090
1689018799457,-376,4090
1689018799460,-376,4090
1689018799463,-376,4090
1689018799466,-376,4090
1689018799468,-376,4090
1689018799471,-376,4090
1689018799474,-376,4090
1689018799477,-376,4090
1689018799480,-376,4090
1689018799482,-376,4090
1689018799485,-376,4090
1689018799488,-376,4090
1689018799491,-376,4090
1689018799494,-376,4090
1689018799497,-376,4090
1689018799500,-376,4090
1689018799502,-376,4090
1689018799505,-376,4090
1689018799508,-376,4090
1689018799511,-376,4090
1689018799514,-376,4090
1689018799516,-376,4090
1689018799519,-376,4090
1689018799522,-376,4090
1689018799525,-376,4090
1689018799528,-376,4090
1689018799531,-376,4090
1689018799534,-376,4090
1689018799536,-376,4090
1689018799539,-376,4090
1689018799542,-376,4090
1689018799545,-376,4090
1689018799548,-376,4090
1689018799550,-376,4090
1689018799553,-376,4090
1689018799556,-376,4090
1689018799559,-376,4090
1689018799562,-376,4090
1689018799565,-376,4090
1689018799567,-376,4090
1689018799570,-376,4090
1689018799573,-376,4090
1689018799576,-376,4090
1689018799579,-376,4090
1689018799582,-376,4090
1689018799584,-376,4090
1689018799587,-376,4090
1689018799590,-376,4090
1689018799593,-376,4090
1689018799596,-376,4090
1689018799599,-376,4090
1689018799602,-376,4090
1689018799604,-376,4090
1689018799607,-376,4090
1689018799610,-376,4090
1689018799613,-376,4090
1689018799616,-376,4090
1689018799618,-376,4090
1689018799621,-376,4090
1689018799624,-376,4090
1689018799627,-376,4090
1689018799630,-376,4090
1689018799633,-376,4090
1689018799635,-376,4090
1689018799638,-376,4090
1689018799641,-376,4090
1689018799644,-376,4090
1689018799647,-376,4090
1689018799649,-376,4090
1689018799652,-376,4090
1689018799655,-376,4090
1689018799658,-376,4090
1689018799661,-376,4090
1689018799663,-376,4090
1689018799666,-376,4090
1689018799669,-376,4090
1689018799672,-376,4090
1689018799675,-376,4090
1689018799678,-376,4090
1689018799680,-376,4090
1689018799683,-376,4090
1689018799686,-376,4090
1689018799689,-376,4090
1689018799692,-376,4090
1689018799695,-376,4090
1689018799698,-376,4090
1689018799700,-376,4090
1689018799703,-376,4090
1689018799706,-376,4090
1689018799709,-376,4090
1689018799712,-376,4090
1689018799714,-376,4090
1689018799717,-376,4090
1689018799720,-376,4090
1689018799723,-376,4090
1689018799726,-376,4090
1689018799729,-376,4090
1689018799731,-376,4090
1689018799734,-376,4090
1689018799737,-376,4090
1689018799740,-376,4090
1689018799743,-376,4090
1689018799745,-376,4090
1689018799748,-376,4090
1689018799751,-376,4090
1689018799754,-376,4090
1689018799757,-376,4090
1689018799760,-376,4090
1689018799762,-376,4090
1689018799765,-376,4090
1689018799768,-376,4090
1689018799771,-376,4090
1689018799774,-376,4090
1689018799777,-376,4090
1689018799779,-376,4090
1689018799782,-376,4090
1689018799785,-376,4090
1689018799788,-376,4090
1689018799791,-376,4090
1689018799794,-376,4090
1689018799796,-376,4090
1689018799799,-376,4090
1689018799802,-376,4090
1689018799805,-376,4090
1689018799808,-376,4090
1689018799811,-376,4090
1689018799813,-376,4090
1689018799816,-376,4090
1689018799819,-376,4090
1689018799822,-376,4090
1689018799825,-376,4090
1689018799828,-376,4090
1689018799831,-376,4090
1689018799834,-376,4090
1689018799836,-376,4090
1689018799839,-376,4090
1689018799842,-376,4090
1689018799845,-376,4090
1689018799848,-376,4090
1689018799851,-376,4090
1689018799853,-376,4090
1689018799856,-376,4090
1689018799859,-376,4090
1689018799862,-376,4090
1689018799865,-376,4090
1689018799868,-376,4090
1689018799870,-376,4090
1689018799873,-376,4090
1689018799876,-376,4090
1689018799879,-376,4090
1689018799882,-376,4090
1689018799884,-376,4090
1689018799887,-376,4090
1689018799890,-376,4090
1689018799893,-376,4090
1689018799896,-376,4090
1689018799899,-376,4090
1689018799902,-376,4090
1689018799904,-376,4090
1689018799907,-376,4090
1689018799910,-376,4090
1689018799913,-376,4090
1689018799916,-376,4090
1689018799918,-376,4090
1689018799921,-376,4090
1689018799924,-376,4090
1689018799927,-376,4090
1689018799930,-376,4090
1689018799933,-376,4090
1689018799936,-376,4090
1689018799939,-376,4090
1689018799942,-376,4090
1689018799944,-376,4090
1689018799947,-376,4090
1689018799950,-376,4090
1689018799953,-376,4090
1689018799956,-376,4090
1689018799959,-376,4090
1689018799962,-376,4090
1689018799964,-376,4090
1689018799967,-376,4090
1689018799970,-376,4090
1689018799973,-376,4090
1689018799975,-376,4090
1689018799978,-376,4090
1689018799981,-376,4090
1689018799984,-376,4090
1689018799987,-376,4090
1689018799990,-376,4090
1689018799992,-376,4090
1689018799995,-376,4090
1689018799998,-376,4090
1689018800001,-376,4090
1689018800004,-376,4090
1689018800007,-376,4090
1689018800009,-376,4090
1689018800012,-376,4090
1689018800015,-376,4090
1689018800018,-376,4090
1689018800021,-376,4090
1689018800024,-376,4090
1689018800027,-376,4090
1689018800030,-376,4090
1689018800033,-376,4090
1689018800036,-376,4090
1689018800038,-376,4090
1689018800041,-376,4090
1689018800044,-376,4090
1689018800047,-376,4090
1689018800050,-376,4090
1689018800052,-376,4090
1689018800055,-376,4090
1689018800058,-376,4090
1689018800061,-376,4090
1689018800064,-376,4090
1689018800066,-376,4090
1689018800069,-376,4090
1689018800072,-376,4090
1689018800075,-376,4090
1689018800078,-376,4090
1689018800080,-376,4090
1689018800083,-376,4090
1689018800086,-376,4090
1689018800089,-376,4090
1689018800092,-376,4090
1689018800095,-376,4090
1689018800098,-376,4090
1689018800100,-376,4090
1689018800103,-376,4090
1689018800106,-376,4090
1689018800109,-376,4090
1689018800112,-376,4090
1689018800114,-376,4090
1689018800117,-376,4090
1689018800120,-376,4090
1689018800123,-376,4090
1689018800126,-376,4090
1689018800129,-376,4090
1689018800132,-376,4090
1689018800135,-376,4090
1689018800137,-376,4090
1689018800140,-376,4090
1689018800143,-376,4090
1689018800146,-376,4090
1689018800149,-376,4090
1689018800152,-376,4090
1689018800155,-376,4090
1689018800157,-376,4090
1689018800160,-376,4090
1689018800163,-376,4090
1689018800166,-376,4090
1689018800169,-376,4090
1689018800171,-376,4090
1689018800174,-376,4090
1689018800177,-376,4090
1689018800180,-376,4090
1689018800182,-376,4090
1689018800185,-376,4090
1689018800188,-376,4090
1689018800191,-376,4090
1689018800194,-376,4090
1689018800196,-376,4090
1689018800199,-376,4090
1689018800202,-376,4090
1689018800205,-376,4090
1689018800208,-376,4090
1689018800211,-376,4090
1689018800213,-376,4090
1689018800216,-376,4090
1689018800219,-376,4090
1689018800222,-376,4090
1689018800225,-376,4090
1689018800228,-376,4090
1689018800230,-376,4090
1689018800233,-376,4090
1689018800236,-376,4090
1689018800239,-376,4090
1689018800242,-376,4090
1689018800245,-376,4090
1689018800248,-376,4090
1689018800251,-376,4090
1689018800253,-376,4090
1689018800256,-376,4090
1689018800261,-376,4090
1689018800263,-376,4090
1689018800267,-376,4090
1689018800271,-376,4090
1689018800274,-376,4090
1689018800277,-376,4090
1689018800280,-376,4090
1689018800282,-376,4090
1689018800285,-376,4090
1689018800288,-376,4090
1689018800291,-376,4090
1689018800294,-376,4090
1689018800296,-376,4090
1689018800299,-376,4090
1689018800302,-376,4090
1689018800305,-376,4090
1689018800308,-376,4090
1689018800310,-376,4090
1689018800313,-376,4090
1689018800316,-376,4090
1689018800319,-376,4090
1689018800322,-376,4090
1689018800324,-376,4090
1689018800327,-376,4090
1689018800330,-376,4090
1689018800333,-376,4090
1689018800336,-376,4090
1689018800338,-376,4090
1689018800341,-376,4090
1689018800344,-376,4090
1689018800347,-376,4090
1689018800350,-376,4090
1689018800353,-376,4090
1689018800355,-376,4090
1689018800358,-376,4090
1689018800361,-376,4090
1689018800364,-376,4090
1689018800367,-376,4090
1689018800370,-376,4090
1689018800372,-376,4090
1689018800375,-376,4090
1689018800378,-376,4090
1689018800381,-376,4090
1689018800384,-376,4090
1689018800387,-376,4090
1689018800390,-376,4090
1689018800392,-376,4090
1689018800395,-376,4090
1689018800398,-376,4090
1689018800401,-376,4090
1689018800403,-376,4090
1689018800406,-376,4090
1689018800409,-376,4090
1689018800412,-376,4090
1689018800415,-376,4090
1689018800418,-376,4090
1689018800420,-376,4090
1689018800423,-376,4090
1689018800426,-376,4090
1689018800429,-376,4090
1689018800432,-376,4090
1689018800435,-376,4090
1689018800438,-376,4090
1689018800441,-376,4090
1689018800443,-376,4090
1689018800446,-376,4090
1689018800449,-376,4090
1689018800452,-376,4090
1689018800455,-376,4090
1689018800458,-376,4090
1689018800460,-376,4090
1689018800463,-376,4090
1689018800466,-376,4090
1689018800469,-376,4090
1689018800471,-376,4090
1689018800474,-376,4090
1689018800477,-376,4090
1689018800480,-376,4090
1689018800483,-376,4090
1689018800486,-376,4090
1689018800488,-376,4090
1689018800491,-376,4090
1689018800494,-376,4090
1689018800497,-376,4090
1689018800500,-376,4090
1689018800507,-376,4090
1689018800510,-376,4090
1689018800513,-376,4090
1689018800516,-376,4090
1689018800519,-376,4090
1689018800521,-376,4090
1689018800524,-376,4090
1689018800527,-376,4090
1689018800530,-376,4090
1689018800533,-376,4090
1689018800535,-376,4090
1689018800538,-376,4090
1689018800541,-376,4090
1689018800544,-376,4090
1689018800547,-376,4090
1689018800550,-376,4090
1689018800553,-376,4090
1689018800556,-376,4090
1689018800559,-376,4090
1689018800562,-376,4090
1689018800565,-376,4090
1689018800567,-376,4090
1689018800570,-376,4090
1689018800573,-376,4090
1689018800576,-376,4090
1689018800579,-376,4090
1689018800582,-376,4090
1689018800584,-376,4090
1689018800587,-376,4090
1689018800590,-376,4090
1689018800593,-376,4090
1689018800596,-376,4090
1689018800598,-376,4090
1689018800601,-376,4090
1689018800604,-376,4090
1689018800607,-376,4090
1689018800610,-376,4090
1689018800613,-376,4090
1689018800615,-376,4090
1689018800618,-376,4090
1689018800621,-376,4090
1689018800624,-376,4090
1689018800627,-376,4090
1689018800629,-376,4090
1689018800632,-376,4090
1689018800635,-376,4090
1689018800638,-376,4090
1689018800641,-376,4090
1689018800643,-376,4090
1689018800647,-376,4090
1689018800649,-376,4090
1689018800652,-376,4090
1689018800655,-376,4090
1689018800658,-376,4090
1689018800661,-376,4090
1689018800664,-376,4090
1689018800666,-376,4090
1689018800669,-376,4090
1689018800672,-376,4090
1689018800675,-376,4090
1689018800678,-376,4090
1689018800681,-376,4090
1689018800683,-376,4090
1689018800686,-376,4090
1689018800689,-376,4090
1689018800692,-376,4090
1689018800695,-376,4090
1689018800698,-376,4090
1689018800700,-376,4090
1689018800703,-376,4090
1689018800706,-376,4090
1689018800709,-376,4090
1689018800712,-376,4090
1689018800715,-376,4090
1689018800718,-376,4090
1689018800720,-376,4090
1689018800723,-376,4090
1689018800726,-376,4090
1689018800729,-376,4090
1689018800731,-376,4090
1689018800734,-376,4090
1689018800737,-376,4090
1689018800740,-376,4090
1689018800743,-376,4090
1689018800746,-376,4090
1689018800749,-376,4090
1689018800751,-376,4090
1689018800754,-376,4090
1689018800757,-376,4090
1689018800760,-376,4090
1689018800763,-376,4090
1689018800766,-376,4090
1689018800768,-376,4090
1689018800771,-376,4090
1689018800774,-376,4090
1689018800777,-376,4090
1689018800780,-376,4090
1689018800783,-376,4090
1689018800785,-376,4090
1689018800788,-376,4090
1689018800791,-376,4090
1689018800794,-376,4090
1689018800797,-376,4090
1689018800800,-376,4090
1689018800802,-376,4090
1689018800805,-376,4090
1689018800808,-376,4090
1689018800811,-376,4090
1689018800814,-376,4090
1689018800817,-376,4090
1689018800819,-376,4090
1689018800822,-376,4090
1689018800825,-376,4090
1689018800828,-376,4090
1689018800831,-376,4090
1689018800834,-376,4090
1689018800836,-376,4090
1689018800839,-376,4090
1689018800842,-376,4090
1689018800845,-376,4090
1689018800848,-376,4090
1689018800851,-376,4090
1689018800854,-376,4090
1689018800856,-376,4090
1689018800859,-376,4090
1689018800862,-376,4090
1689018800865,-376,4090
1689018800868,-376,4090
1689018800870,-376,4090
1689018800873,-376,4090
1689018800876,-376,4090
1689018800879,-376,4090
1689018800882,-376,4090
1689018800885,-376,4090
1689018800888,-376,4090
1689018800890,-376,4090
1689018800893,-376,4090
1689018800896,-376,4090
1689018800899,-376,4090
1689018800902,-376,4090
1689018800905,-376,4090
1689018800907,-376,4090
1689018800910,-376,4090
1689018800913,-376,4090
1689018800916,-376,4090
1689018800919,-376,4090
1689018800922,-376,4090
1689018800924,-376,4090
1689018800927,-376,4090
1689018800930,-376,4090
1689018800933,-376,4090
1689018800935,-376,4090
1689018800938,-376,4090
1689018800941,-376,4090
1689018800944,-376,4090
1689018800947,-376,4090
1689018800950,-376,4090
1689018800952,-376,4090
1689018800956,-376,4090
1689018800960,-376,4090
1689018800963,-376,4090
1689018800966,-376,4090
1689018800968,-376,4090
1689018800971,-376,4090
1689018800974,-376,4090
1689018800977,-376,4090
1689018800980,-376,4090
1689018800982,-376,4090
1689018800985,-376,4090
1689018800988,-376,4090
1689018800991,-376,4090
1689018800994,-376,4090
1689018800996,-376,4090
1689018800999,-376,4090
1689018801002,-376,4090
1689018801005,-376,4090
1689018801008,-376,4090
1689018801011,-376,4090
1689018801013,-376,4090
1689018801016,-376,4090
1689018801019,-376,4090
1689018801022,-376,4090
1689018801025,-376,4090
1689018801028,-376,4090
1689018801030,-376,4090
1689018801033,-376,4090
1689018801036,-376,4090
1689018801039,-376,4090
1689018801042,-376,4090
1689018801044,-376,4090
1689018801047,-376,4090
1689018801050,-376,4090
1689018801053,-376,4090
1689018801056,-376,4090
1689018801059,-376,4090
1689018801062,-376,4090
1689018801065,-376,4090
1689018801067,-376,4090
1689018801070,-376,4090
1689018801073,-376,4090
1689018801076,-376,4090
1689018801079,-376,4090
1689018801082,-376,4090
1689018801084,-376,4090
1689018801087,-376,4090
1689018801090,-376,4090
1689018801093,-376,4090
1689018801096,-376,4090
1689018801099,-376,4090
1689018801102,-376,4090
1689018801105,-376,4090
1689018801108,-376,4090
1689018801110,-376,4090
1689018801113,-376,4090
1689018801116,-376,4090
1689018801119,-376,4090
1689018801121,-376,4090
1689018801124,-376,4090
1689018801127,-376,4090
1689018801130,-376,4090
1689018801133,-376,4090
1689018801136,-376,4090
1689018801139,-376,4090
1689018801142,-376,4090
1689018801144,-376,4090
1689018801147,-376,4090
1689018801150,-376,4090
1689018801153,-376,4090
1689018801155,-376,4090
1689018801158,-376,4090
1689018801161,-376,4090
1689018801164,-376,4090
1689018801167,-376,4090
1689018801170,-376,4090
1689018801173,-376,4090
1689018801176,-376,4090
1689018801179,-376,4090
1689018801181,-376,4090
1689018801184,-376,4090
1689018801187,-376,4090
1689018801190,-376,4090
1689018801193,-376,4090
1689018801195,-376,4090
1689018801198,-376,4090
1689018801201,-376,4090
1689018801204,-376,4090
1689018801207,-376,4090
1689018801210,-376,4090
1689018801213,-376,4090
1689018801216,-376,4090
1689018801218,-376,4090
1689018801221,-376,4090
1689018801224,-376,4090
1689018801227,-376,4090
1689018801230,-376,4090
1689018801232,-376,4090
1689018801235,-376,4090
1689018801238,-376,4090
1689018801241,-376,4090
1689018801243,-376,4090
1689018801246,-376,4090
1689018801249,-376,4090
1689018801252,-376,4090
1689018801255,-376,4090
1689018801258,-376,4090
1689018801261,-376,4090
1689018801263,-376,4090
1689018801266,-376,4090
1689018801269,-376,4090
1689018801272,-376,4090
1689018801275,-376,4090
1689018801278,-376,4090
1689018801281,-376,4090
1689018801284,-376,4090
1689018801286,-376,4090
1689018801289,-376,4090
1689018801292,-376,4090
1689018801295,-376,4090
1689018801298,-376,4090
1689018801301,-376,4090
1689018801303,-376,4090
1689018801306,-376,4090
1689018801309,-376,4090
1689018801312,-376,4090
1689018801315,-376,4090
1689018801318,-376,4090
1689018801320,-376,4090
1689018801323,-376,4090
1689018801326,-376,4090
1689018801329,-376,4090
1689018801332,-376,4090
1689018801334,-376,4090
1689018801337,-376,4090
1689018801340,-376,4090
1689018801343,-376,4090
1689018801346,-376,4090
1689018801348,-376,4090
1689018801351,-376,4090
1689018801354,-376,4090
1689018801357,-376,4090
1689018801360,-376,4090
1689018801363,-376,4090
1689018801366,-376,4090
1689018801369,-376,4090
1689018801371,-376,4090
1689018801374,-376,4090
1689018801377,-376,4090
1689018801379,-376,4090
1689018801382,-376,4090
1689018801385,-376,4090
1689018801388,-376,4090
1689018801390,-376,4090
1689018801393,-376,4090
1689018801396,-376,4090
1689018801399,-376,4090
1689018801402,-376,4090
1689018801404,-376,4090
1689018801407,-376,4090
1689018801410,-376,4090
1689018801413,-376,4090
1689018801415,-376,4090
1689018801418,-376,4090
1689018801421,-376,4090
1689018801424,-376,4090
1689018801427,-376,4090
1689018801430,-376,4090
1689018801432,-376,4090
1689018801435,-376,4090
1689018801438,-376,4090
1689018801441,-376,4090
1689018801443,-376,4090
1689018801446,-376,4090
1689018801449,-376,4090
1689018801452,-376,4090
1689018801454,-376,4090
1689018801457,-376,4090
1689018801460,-376,4090
1689018801463,-376,4090
1689018801466,-376,4090
1689018801469,-376,4090
1689018801471,-376,4090
1689018801474,-376,4090
1689018801477,-376,4090
1689018801479,-376,4090
1689018801482,-376,4090
1689018801485,-376,4090
1689018801488,-376,4090
1689018801491,-376,4090
1689018801493,-376,4090
1689018801496,-376,4090
1689018801499,-376,4090
1689018801502,-376,4090
1689018801504,-376,4090
1689018801507,-376,4090
1689018801510,-376,4090
1689018801513,-376,4090
1689018801516,-376,4090
1689018801519,-376,4090
1689018801521,-376,4090
1689018801524,-376,4090
1689018801527,-376,4090
1689018801530,-376,4090
1689018801532,-376,4090
1689018801535,-376,4090
1689018801539,-376,4090
1689018801542,-376,4090
1689018801544,-376,4090
1689018801548,-376,4090
1689018801551,-376,4090
1689018801554,-376,4090
1689018801557,-376,4090
1689018801559,-376,4090
1689018801562,-376,4090
1689018801565,-376,4090
1689018801568,-376,4090
1689018801570,-376,4090
1689018801573,-376,4090
1689018801576,-376,4090
1689018801579,-376,4090
1689018801582,-376,4090
1689018801584,-376,4090
1689018801587,-376,4090
1689018801590,-376,4090
1689018801593,-376,4090
1689018801596,-681,4090
1689018801599,-681,4090
1689018801601,-681,4090
1689018801604,-681,4090
1689018801607,-681,4090
1689018801610,-681,4090
1689018801613,-681,4090
1689018801615,-681,4090
1689018801618,-681,4090
1689018801621,-681,4090
1689018801630,-681,4090
1689018801633,-681,4090
1689018801636,-681,4090
1689018801639,-681,4090
1689018801641,-681,4090
1689018801644,-681,4090
1689018801647,-681,4090
1689018801650,-681,4090
1689018801653,-681,4090
1689018801656,-681,4090
1689018801659,-681,4090
1689018801661,-681,4090
1689018801664,-681,4090
1689018801667,-681,4090
1689018801670,-681,4090
1689018801673,-681,4090
1689018801676,-681,4090
1689018801679,-681,4090
1689018801681,-681,4090
1689018801684,-681,4090
1689018801687,-681,4090
1689018801690,-681,4090
1689018801693,-681,4090
1689018801695,-681,4090
1689018801698,-681,4090
1689018801701,-681,4090
1689018801704,-681,4090
1689018801707,-681,4090
1689018801710,-681,4090
1689018801712,-681,4090
1689018801715,-681,4090
1689018801718,-681,4090
1689018801721,-681,4090
1689018801723,-681,4090
1689018801726,-681,4090
1689018801729,-681,4090
1689018801732,-681,4090
1689018801735,-681,4090
1689018801737,-681,4090
1689018801740,-681,4090
1689018801743,-681,4090
1689018801746,-681,4090
1689018801749,-681,4090
1689018801752,-681,4090
1689018801754,-681,4090
1689018801757,-681,4090
1689018801760,-681,4090
1689018801763,-681,4090
1689018801766,-681,4090
1689018801768,-681,4090
1689018801772,-681,4090
1689018801774,-681,4090
1689018801777,-681,4090
1689018801780,-681,4090
1689018801783,-681,4090
1689018801786,-681,4090
1689018801788,-681,4090
1689018801791,-681,4090
1689018801794,-681,4090
1689018801797,-681,4090
1689018801800,-681,4090
1689018801802,-681,4090
1689018801805,-681,4090
1689018801808,-681,4090
1689018801811,-681,4090
1689018801814,-681,4090
1689018801819,-681,4090
1689018801825,-681,4034
1689018801828,-681,4034
1689018801831,-681,4034
1689018801834,-681,4034
1689018801836,-681,4034
1689018801839,-681,4034
1689018801842,-681,4034
1689018801845,-681,4034
1689018801847,-681,4034
1689018801850,-681,4034
1689018801853,-681,4034
1689018801856,-681,4034
1689018801859,-681,4034
1689018801861,-681,4034
1689018801864,-681,4034
1689018801867,-681,4034
1689018801870,-681,4034
1689018801872,-681,4034
1689018801875,-681,4034
1689018801878,-681,4034
1689018801881,-681,4034
1689018801883,-681,4034
1689018801886,-681,4034
1689018801889,-681,4034
1689018801892,-681,4034
1689018801894,-681,4034
1689018801897,-681,4034
1689018801900,-681,4034
1689018801903,-681,4034
1689018801906,-681,4034
1689018801908,-681,4034
1689018801911,-681,4034
1689018801914,-681,4034
1689018801917,-681,4034
1689018801919,-681,4034
1689018801922,-681,4034
1689018801925,-681,4034
1689018801928,-681,4034
1689018801930,-681,4034
1689018801933,-681,4034
1689018801936,-681,4034
1689018801939,-681,4034
1689018801941,-681,4034
1689018801944,-681,4034
1689018801947,-681,4034
1689018801950,-681,4034
1689018801953,-681,4034
1689018801956,-681,4034
1689018801959,-681,4034
1689018801962,-681,4034
1689018801965,-681,4034
1689018801968,-681,4034
1689018801970,-681,4034
1689018801973,-681,4034
1689018801976,-681,4034
1689018801979,-681,4034
1689018801982,-681,4034
1689018801985,-681,4034
1689018801987,-681,4034
1689018801990,-681,4034
1689018801993,-681,4034
1689018801996,-681,4034
1689018801999,-681,4034
1689018802001,-681,4034
1689018802004,-681,4034
1689018802007,-681,4034
1689018802010,-681,4034
1689018802013,-681,4034
1689018802015,-681,4034
1689018802018,-681,4034
1689018802021,-681,4034
1689018802024,-681,4034
1689018802027,-681,4034
1689018802030,-681,4034
1689018802032,-681,4034
1689018802035,-681,4034
1689018802038,-681,4034
1689018802041,-681,4034
1689018802043,-681,4034
1689018802046,-681,4034
1689018802049,-681,4034
1689018802052,-681,4034
1689018802054,-681,4034
1689018802057,-681,4034
1689018802060,-681,4034
1689018802063,-681,4034
1689018802066,-681,4034
1689018802069,-681,4034
1689018802072,-681,4034
1689018802075,-681,4034
1689018802078,-681,4034
1689018802081,-681,4034
1689018802083,-681,4034
1689018802086,-681,4034
1689018802089,-681,4034
1689018802092,-681,4034
1689018802095,-681,4034
1689018802098,-681,4034
1689018802101,-681,4034
1689018802103,-681,4034
1689018802106,-681,4034
1689018802109,-681,4034
1689018802112,-681,4034
1689018802115,-681,4034
1689018802118,-681,4034
1689018802120,-681,4034
1689018802123,-681,4034
1689018802126,-681,4034
1689018802129,-681,4034
1689018802132,-681,4034
1689018802135,-681,4034
1689018802138,-681,4034
1689018802140,-681,4034
1689018802143,-681,4034
1689018802146,-681,4034
1689018802149,-681,4034
1689018802152,-681,4034
1689018802155,-681,4034
1689018802158,-681,4034
1689018802160,-681,4034
1689018802163,-681,4034
1689018802166,-681,4034
1689018802169,-681,4034
1689018802171,-681,4034
1689018802174,-681,4034
1689018802177,-681,4034
1689018802180,-681,4034
1689018802183,-681,4034
1689018802186,-681,4034
1689018802188,-681,4034
1689018802191,-681,4034
1689018802194,-681,4034
1689018802197,-681,4034
1689018802199,-681,4034
1689018802202,-681,4034
1689018802205,-681,4034
1689018802208,-681,4034
1689018802211,-681,4034
1689018802213,-681,4034
1689018802216,-681,4034
1689018802219,-681,4034
1689018802222,-681,4034
1689018802225,-681,4034
1689018802227,-681,4034
1689018802230,-681,4034
1689018802233,-681,4034
1689018802236,-681,4034
1689018802239,-681,4034
1689018802241,-681,4034
1689018802244,-681,4034
1689018802247,-681,4034
1689018802250,-681,4034
1689018802253,-681,4034
1689018802255,-681,4034
1689018802258,-681,4034
1689018802261,-681,4034
1689018802264,-681,4034
1689018802267,-681,4034
1689018802270,-681,4034
1689018802272,-681,4034
1689018802275,-681,4034
1689018802278,-681,4034
1689018802281,-681,4034
1689018802284,-681,4034
1689018802287,-681,4034
1689018802290,-681,4034
1689018802293,-681,4034
1689018802295,-681,4034
1689018802298,-681,4034
1689018802301,-681,4034
1689018802304,-681,4034
1689018802307,-681,4034
1689018802309,-681,4034
1689018802312,-681,4034
1689018802315,-681,4034
1689018802318,-681,4034
1689018802321,-681,4034
1689018802323,-681,4034
1689018802326,-681,4034
1689018802329,-681,4034
1689018802332,-681,4034
1689018802334,-681,4034
1689018802337,-681,4034
1689018802340,-681,4034
1689018802343,-681,4034
1689018802346,-681,4034
1689018802348,-681,4034
1689018802351,-681,4034
1689018802354,-681,4034
1689018802357,-681,4034
1689018802360,-681,4034
1689018802363,-681,4034
1689018802366,-681,4034
1689018802368,-681,4034
1689018802371,-681,4034
1689018802374,-681,4034
1689018802377,-681,4034
1689018802380,-681,4034
1689018802382,-681,4034
1689018802385,-681,4034
1689018802388,-681,4034
1689018802391,-681,4034
1689018802394,-681,4034
1689018802397,-681,4034
1689018802400,-681,4034
1689018802403,-681,4034
1689018802405,-681,4034
1689018802408,-681,4034
1689018802411,-681,4034
1689018802414,-681,4034
1689018802417,-681,4034
1689018802420,-681,4034
1689018802422,-681,4034
1689018802425,-681,4034
1689018802428,-681,4034
1689018802431,-681,4034
1689018802434,-681,4034
1689018802436,-681,4034
1689018802439,-681,4034
1689018802442,-681,4034
1689018802445,-681,4034
1689018802448,-681,4034
1689018802450,-681,4034
1689018802453,-681,4034
1689018802456,-681,4034
1689018802459,-681,4034
1689018802462,-681,4034
1689018802465,-681,4034
1689018802468,-681,4034
1689018802471,-681,4034
1689018802473,-681,4034
1689018802476,-681,4034
1689018802479,-681,4034
1689018802482,-681,4034
1689018802485,-681,4034
1689018802488,-681,4034
1689018802490,-681,4034
1689018802493,-681,4034
1689018802496,-681,4034
1689018802499,-681,4034
1689018802502,-681,4034
1689018802505,-681,4034
1689018802507,-681,4034
1689018802510,-681,4034
1689018802513,-681,4034
1689018802516,-681,4034
1689018802519,-681,4034
1689018802522,-681,4034
1689018802525,-681,4034
1689018802528,-681,4034
1689018802531,-681,4034
1689018802533,-681,4034
1689018802536,-681,4034
1689018802539,-681,4034
1689018802542,-681,4034
1689018802544,-681,4034
1689018802547,-681,4034
1689018802550,-681,4034
1689018802553,-681,4034
1689018802556,-681,4034
1689018802559,-681,4034
1689018802561,-681,4034
1689018802564,-681,4034
1689018802567,-681,4034
1689018802570,-681,4034
1689018802572,-681,4034
1689018802575,-681,4034
1689018802578,-681,4034
1689018802581,-681,4034
1689018802584,-681,4034
1689018802587,-681,4034
1689018802589,-681,4034
1689018802592,-681,4034
1689018802595,-681,4034
1689018802598,-681,4034
1689018802601,-681,4034
1689018802603,-681,4034
1689018802606,-681,4034
1689018802609,-681,4034
1689018802612,-681,4034
1689018802615,-681,4034
1689018802618,-681,4034
1689018802620,-681,4034
1689018802623,-681,4034
1689018802626,-681,4034
1689018802629,-681,4034
1689018802632,-681,4034
1689018802634,-681,4034
1689018802637,-681,4034
1689018802640,-681,4034
1689018802643,-681,4034
1689018802646,-681,4034
1689018802648,-681,4034
1689018802651,-681,4034
1689018802654,-681,4034
1689018802657,-681,4034
1689018802660,-681,4034
1689018802663,-681,4034
1689018802666,-681,4034
1689018802668,-681,4034
1689018802671,-681,4034
1689018802674,-681,4034
1689018802677,-681,4034
1689018802680,-681,4034
1689018802683,-681,4034
1689018802685,-681,4034
1689018802688,-681,4034
1689018802691,-681,4034
1689018802694,-681,4034
1689018802697,-681,4034
1689018802699,-681,4034
1689018802702,-681,4034
1689018802705,-681,4034
1689018802708,-681,4034
1689018802711,-681,4034
1689018802713,-681,4034
1689018802716,-681,4034
1689018802719,-681,4034
1689018802722,-681,4034
1689018802725,-681,4034
1689018802727,-681,4034
1689018802730,-681,4034
1689018802733,-681,4034
1689018802736,-681,4034
1689018802739,-681,4034
1689018802741,-681,4034
1689018802744,-681,4034
1689018802747,-681,4034
1689018802750,-681,4034
1689018802753,-681,4034
1689018802756,-681,4034
1689018802762,-681,4034
1689018802765,-681,4034
1689018802768,-681,4034
1689018802771,-681,4034
1689018802774,-681,4034
1689018802777,-681,4034
1689018802780,-681,4034
1689018802783,-681,4034
1689018802786,-681,4034
1689018802788,-681,4034
1689018802791,-681,4034
1689018802794,-681,4034
1689018802797,-681,4034
1689018802799,-681,4034
1689018802802,-681,4034
1689018802805,-681,4034
1689018802808,-681,4034
1689018802811,-681,4034
1689018802813,-681,4034
1689018802816,-681,4034
1689018802819,-681,4034
1689018802822,-681,4034
1689018802825,-681,4034
1689018802827,-681,4034
1689018802830,-681,4034
1689018802833,-681,4034
1689018802836,-681,4034
1689018802839,-681,4034
1689018802842,-681,4034
1689018802844,-681,4034
1689018802847,-681,4034
1689018802850,-681,4034
1689018802853,-681,4034
1689018802856,-681,4034
1689018802859,-681,4034
1689018802862,-681,4034
1689018802864,-681,4034
1689018802867,-681,4034
1689018802870,-681,4034
1689018802873,-681,4034
1689018802876,-681,4034
1689018802879,-681,4034
1689018802881,-681,4034
1689018802884,-681,4034
1689018802887,-681,4034
1689018802890,-681,4034
1689018802893,-681,4034
1689018802896,-681,4034
1689018802898,-681,4034
1689018802901,-681,4034
1689018802904,-681,4034
1689018802907,-681,4034
1689018802910,-681,4034
1689018802912,-681,4034
1689018802915,-681,4034
1689018802918,-681,4034
1689018802921,-681,4034
1689018802924,-681,4034
1689018802927,-681,4034
1689018802929,-681,4034
1689018802932,-681,4034
1689018802935,-681,4034
1689018802938,-681,4034
1689018802940,-681,4034
1689018802943,-681,4034
1689018802946,-681,4034
1689018802949,-681,4034
1689018802952,-681,4034
1689018802955,-681,4034
1689018802957,-681,4034
1689018802960,-681,4034
1689018802963,-681,4034
1689018802966,-681,4034
1689018802969,-681,4034
1689018802971,-681,4034
1689018802974,-681,4034
1689018802977,-681,4034
1689018802980,-681,4034
1689018802983,-681,4034
1689018802986,-681,4034
1689018802989,-681,4034
1689018802991,-681,4034
1689018802994,-681,4034
1689018802997,-681,4034
1689018803000,-681,4034
1689018803003,-681,4034
1689018803006,-681,4034
1689018803009,-681,4034
1689018803012,-681,4034
1689018803015,-681,4034
1689018803018,-681,4034
1689018803021,-681,4034
1689018803024,-681,4034
1689018803027,-681,4034
1689018803030,-681,4034
1689018803032,-681,4034
1689018803036,-681,4034
1689018803038,-681,4034
1689018803041,-681,4034
1689018803044,-681,4034
1689018803047,-681,4034
1689018803050,-681,4034
1689018803053,-681,4034
1689018803055,-681,4034
1689018803058,-681,4034
1689018803061,-681,4034
1689018803064,-681,4034
1689018803067,-681,4034
1689018803070,-681,4034
1689018803073,-681,4034
1689018803076,-681,4034
1689018803079,-681,4034
1689018803082,-681,4034
1689018803085,-681,4034
1689018803088,-681,4034
1689018803090,-681,4034
1689018803093,-681,4034
1689018803096,-681,4034
1689018803099,-681,4034
1689018803102,-681,4034
1689018803105,-681,4034
1689018803108,-681,4034
1689018803111,-681,4034
1689018803114,-681,4034
1689018803117,-681,4034
1689018803119,-681,4034
1689018803122,-681,4034
1689018803125,-681,4034
1689018803128,-681,4034
1689018803131,-681,4034
1689018803134,-681,4034
1689018803137,-681,4034
1689018803140,-681,4034
1689018803143,-681,4034
1689018803146,-681,4034
1689018803148,-681,4034
1689018803151,-681,4034
1689018803154,-681,4034
1689018803157,-681,4034
1689018803160,-681,4034
1689018803162,-681,4034
1689018803165,-681,4034
1689018803168,-681,4034
1689018803171,-681,4034
1689018803174,-681,4034
1689018803177,-681,4034
1689018803180,-681,4034
1689018803183,-681,4034
1689018803186,-681,4034
1689018803189,-681,4034
1689018803191,-681,4034
1689018803194,-681,4034
1689018803197,-681,4034
1689018803200,-681,4034
1689018803203,-681,4034
1689018803205,-681,4034
1689018803208,-681,4034
1689018803211,-681,4034
1689018803214,-681,4034
1689018803217,-681,4034
1689018803219,-681,4034
1689018803222,-681,4034
1689018803225,-681,4034
1689018803228,-681,4034
1689018803231,-681,4034
1689018803234,-681,4034
1689018803237,-681,4034
1689018803239,-681,4034
1689018803242,-681,4034
1689018803245,-681,4034
1689018803248,-681,4034
1689018803251,-681,4034
1689018803254,-681,4034
1689018803256,-681,4034
1689018803259,-681,4034
1689018803262,-681,4034
1689018803265,-681,4034
1689018803268,-681,4034
1689018803270,-681,4034
1689018803273,-681,4034
1689018803276,-681,4034
1689018803279,-681,4034
1689018803281,-681,4034
1689018803284,-681,4034
1689018803287,-681,4034
1689018803290,-681,4034
1689018803293,-681,4034
1689018803296,-681,4034
1689018803298,-681,4034
1689018803301,-681,4034
1689018803304,-681,4034
1689018803307,-681,4034
1689018803310,-681,4034
1689018803312,-681,4034
1689018803315,-681,4034
1689018803318,-681,4034
1689018803321,-681,4034
1689018803324,-681,4034
1689018803327,-681,4034
1689018803329,-681,4034
1689018803332,-681,4034
1689018803335,-681,4034
1689018803338,-681,4034
1689018803341,-681,4034
1689018803343,-681,4034
1689018803346,-681,4034
1689018803349,-681,4034
1689018803352,-681,4034
1689018803354,-681,4034
1689018803357,-681,4034
1689018803360,-681,4034
1689018803363,-681,4034
1689018803366,-681,4034
1689018803368,-681,4034
1689018803371,-681,4034
1689018803374,-681,4034
1689018803377,-681,4034
1689018803380,-681,4034
1689018803382,-681,4034
1689018803385,-681,4034
1689018803388,-681,4034
1689018803391,-681,4034
1689018803394,-681,4034
1689018803396,-681,4034
1689018803399,-681,4034
1689018803402,-681,4034
1689018803405,-681,4034
1689018803408,-681,4034
1689018803411,-681,4034
1689018803413,-681,4034
1689018803416,-681,4034
1689018803419,-681,4034
1689018803422,-681,4034
1689018803425,-681,4034
1689018803427,-681,4034
1689018803430,-681,4034
1689018803433,-681,4034
1689018803436,-681,4034
1689018803438,-681,4034
1689018803441,-681,4034
1689018803444,-681,4034
1689018803447,-681,4034
1689018803449,-681,4034
1689018803452,-681,4034
1689018803455,-681,4034
1689018803458,-681,4034
1689018803461,-681,4034
1689018803463,-681,4034
1689018803466,-681,4034
1689018803469,-681,4034
1689018803472,-681,4034
1689018803475,-681,4034
1689018803477,-681,4034
1689018803480,-681,4034
1689018803483,-681,4034
1689018803486,-681,4034
1689018803489,-681,4034
1689018803491,-681,4034
1689018803494,-681,4034
1689018803497,-681,4034
1689018803500,-681,4034
1689018803503,-681,4034
1689018803505,-681,4034
1689018803508,-681,4034
1689018803512,-681,4034
1689018803514,-681,4034
1689018803517,-681,4034
1689018803520,-681,4034
1689018803523,-681,4034
1689018803526,-681,4034
1689018803529,-681,4034
1689018803532,-681,4034
1689018803535,-681,4034
1689018803538,-681,4034
1689018803541,-681,4034
1689018803543,-681,4034
1689018803546,-681,4034
1689018803549,-681,4034
1689018803552,-681,4034
1689018803554,-681,4034
1689018803557,-681,4034
1689018803560,-681,4034
1689018803563,-681,4034
1689018803566,-681,4034
1689018803568,-681,4034
1689018803571,-681,4034
1689018803574,-681,4034
1689018803577,-681,4034
1689018803580,-681,4034
1689018803583,-681,4034
1689018803585,-681,4034
1689018803588,-681,4034
1689018803591,-681,4034
1689018803594,-681,4034
1689018803597,-681,4034
1689018803600,-681,4034
1689018803603,-681,4034
1689018803605,-681,4034
1689018803608,-681,4034
1689018803611,-681,4034
1689018803614,-681,4034
1689018803617,-681,4034
1689018803620,-681,4034
1689018803623,-681,4034
1689018803626,-681,4034
1689018803629,-681,4034
1689018803631,-681,4034
1689018803634,-681,4034
1689018803637,-681,4034
1689018803640,-681,4034
1689018803643,-681,4034
1689018803645,-681,4034
1689018803648,-681,4034
1689018803651,-681,4034
1689018803654,-681,4034
1689018803657,-681,4034
1689018803659,-681,4034
1689018803662,-681,4034
1689018803666,-681,4034
1689018803668,-681,4034
1689018803671,-681,4034
1689018803674,-681,4034
1689018803677,-681,4034
1689018803680,-681,4034
1689018803682,-681,4034
1689018803685,-681,4034
1689018803688,-681,4034
1689018803691,-681,4034
1689018803694,-681,4034
1689018803697,-681,4034
1689018803700,-681,4034
1689018803702,-681,4034
1689018803705,-681,4034
1689018803708,-681,4034
1689018803711,-681,4034
1689018803714,-681,4034
1689018803716,-681,4034
1689018803719,-681,4034
1689018803722,-681,4034
1689018803725,-681,4034
1689018803728,-681,4034
1689018803731,-681,4034
1689018803733,-681,4034
1689018803736,-681,4034
1689018803739,-681,4034
1689018803742,-681,4034
1689018803745,-681,4034
1689018803747,-681,4034
1689018803750,-681,4034
1689018803753,-681,4034
1689018803756,-681,4034
1689018803759,-681,4034
1689018803762,-681,4034
1689018803764,-681,4034
1689018803767,-681,4034
1689018803770,-681,4034
1689018803773,-681,4034
1689018803776,-681,4034
1689018803779,-681,4034
1689018803781,-681,4034
1689018803784,-681,4034
1689018803787,-681,4034
1689018803790,-681,4034
1689018803793,-681,4034
1689018803795,-681,4034
1689018803798,-681,4034
1689018803801,-681,4034
1689018803804,-681,4034
1689018803807,-681,4034
1689018803810,-681,4034
1689018803813,-681,4034
1689018803815,-681,4034
1689018803818,-681,4034
1689018803821,-681,4034
1689018803824,-681,4034
1689018803827,-681,4034
1689018803829,-681,4034
1689018803832,-681,4034
1689018803835,-681,4034
1689018803838,-681,4034
1689018803841,-681,4034
1689018803844,-681,4034
1689018803846,-681,4034
1689018803849,-681,4034
1689018803852,-681,4034
1689018803855,-681,4034
1689018803858,-681,4034
1689018803860,-681,4034
1689018803863,-681,4034
1689018803866,-681,4034
1689018803869,-681,4034
1689018803872,-681,4034
1689018803874,-681,4034
1689018803877,-681,4034
1689018803880,-681,4034
1689018803883,-681,4034
1689018803886,-681,4034
1689018803888,-681,4034
1689018803891,-681,4034
1689018803894,-681,4034
1689018803897,-681,4034
1689018803900,-681,4034
1689018803903,-681,4034
1689018803906,-681,4034
1689018803908,-681,4034
1689018803911,-681,4034
1689018803914,-681,4034
1689018803917,-681,4034
1689018803920,-681,4034
1689018803923,-681,4034
1689018803926,-681,4034
1689018803928,-681,4034
1689018803931,-681,4034
1689018803934,-681,4034
1689018803937,-681,4034
1689018803940,-681,4034
1689018803943,-681,4034
1689018803946,-681,4034
1689018803948,-681,4034
1689018803951,-681,4034
1689018803954,-681,4034
1689018803957,-681,4034
1689018803960,-681,4034
1689018803963,-681,4034
1689018803966,-681,4034
1689018803969,-681,4034
1689018803971,-681,4034
1689018803975,-681,4034
1689018803978,-681,4034
1689018803982,-681,4034
1689018803984,-681,4034
1689018803987,-681,4034
1689018803990,-681,4034
1689018803993,-681,4034
1689018803996,-681,4034
1689018803998,-681,4034
1689018804002,-681,4034
1689018804004,-681,4034
1689018804007,-681,4034
1689018804010,-681,4034
1689018804013,-681,4034
1689018804016,-681,4034
1689018804019,-681,4034
1689018804021,-681,4034
1689018804025,-681,4034
1689018804027,-681,4034
1689018804030,-681,4034
1689018804033,-681,4034
1689018804036,-681,4034
1689018804038,-681,4034
1689018804041,-681,4034
1689018804044,-681,4034
1689018804046,-681,4034
1689018804049,-681,4034
1689018804052,-681,4034
1689018804055,-681,4034
1689018804058,-681,4034
1689018804060,-681,4034
1689018804063,-681,4034
1689018804066,-681,4034
1689018804069,-681,4034
1689018804071,-681,4034
1689018804074,-681,4034
1689018804077,-681,4034
1689018804080,-681,4034
1689018804083,-681,4034
1689018804086,-681,4034
1689018804088,-681,4034
1689018804091,-681,4034
1689018804094,-681,4034
1689018804097,-681,4034
1689018804099,-681,4034
1689018804102,-681,4034
1689018804106,-681,4034
1689018804108,-681,4034
1689018804111,-681,4034
1689018804114,-681,4034
1689018804117,-681,4034
1689018804120,-681,4034
1689018804123,-681,4034
1689018804126,-681,4034
1689018804129,-681,4034
1689018804132,-681,4034
1689018804135,-681,4034
1689018804138,-681,4034
1689018804140,-681,4034
1689018804143,-681,4034
1689018804146,-681,4034
1689018804149,-681,4034
1689018804152,-681,4034
1689018804155,-681,4034
1689018804157,-681,4034
1689018804160,-681,4034
1689018804163,-681,4034
1689018804166,-681,4034
1689018804169,-681,4034
1689018804171,-681,4034
1689018804174,-681,4034
1689018804177,-681,4034
1689018804180,-681,4034
1689018804182,-681,4034
1689018804185,-681,4034
1689018804188,-681,4034
1689018804191,-681,4034
1689018804193,-681,4034
1689018804196,-681,4034
1689018804199,-681,4034
1689018804202,-681,4034
1689018804204,-681,4034
1689018804207,-681,4034
1689018804210,-681,4034
1689018804213,-681,4034
1689018804216,-681,4034
1689018804218,-681,4034
1689018804221,-681,4034
1689018804224,-681,4034
1689018804227,-681,4034
1689018804230,-681,4034
1689018804233,-681,4034
1689018804236,-681,4034
1689018804238,-681,4034
1689018804241,-681,4034
1689018804244,-681,4034
1689018804247,-681,4034
1689018804249,-681,4034
1689018804252,-681,4034
1689018804255,-681,4034
1689018804258,-681,4034
1689018804261,-681,4034
1689018804263,-681,4034
1689018804266,-681,4034
1689018804269,-681,4034
1689018804272,-681,4034
1689018804275,-681,4034
1689018804278,-681,4034
1689018804280,-681,4034
1689018804283,-681,4034
1689018804286,-681,4034
1689018804289,-681,4034
1689018804292,-681,4034
1689018804295,-681,4034
1689018804297,-681,4034
1689018804300,-681,4034
1689018804303,-681,4034
1689018804306,-681,4034
1689018804308,-681,4034
1689018804311,-681,4034
1689018804314,-681,4034
1689018804317,-681,4034
1689018804319,-681,4034
1689018804322,-681,4034
1689018804325,-681,4034
1689018804328,-681,4034
1689018804331,-681,4034
1689018804333,-681,4034
1689018804336,-681,4034
1689018804339,-681,4034
1689018804342,-681,4034
1689018804344,-681,4034
1689018804347,-681,4034
1689018804350,-681,4034
1689018804353,-681,4034
1689018804356,-681,4034
1689018804359,-681,4034
1689018804361,-681,4034
1689018804364,-681,4034
1689018804367,-681,4034
1689018804370,-681,4034
1689018804372,-681,4034
1689018804375,-681,4034
1689018804378,-681,4034
1689018804381,-681,4034
1689018804384,-681,4034
1689018804387,-681,4034
1689018804389,-681,4034
1689018804392,-681,4034
1689018804395,-681,4034
1689018804398,-681,4034
1689018804400,-681,4034
1689018804403,-681,4034
1689018804406,-681,4034
1689018804409,-681,4034
1689018804411,-681,4034
1689018804414,-681,4034
1689018804417,-681,4034
1689018804420,-681,4034
1689018804423,-681,4034
1689018804426,-681,4034
1689018804428,-681,4034
1689018804432,-681,4034
1689018804435,-681,4034
1689018804438,-681,4034
1689018804440,-681,4034
1689018804443,-681,4034
1689018804446,-681,4034
1689018804449,-681,4034
1689018804451,-681,4034
1689018804454,-681,4034
1689018804457,-681,4034
1689018804460,-681,4034
1689018804463,-681,4034
1689018804465,-681,4034
1689018804468,-681,4034
1689018804471,-681,4034
1689018804474,-681,4034
1689018804476,-681,4034
1689018804479,-681,4034
1689018804482,-681,4034
1689018804485,-681,4034
1689018804488,-681,4034
1689018804491,-681,4034
1689018804494,-681,4034
1689018804496,-681,4034
1689018804499,-681,4034
1689018804502,-681,4034
1689018804505,-681,4034
1689018804507,-681,4034
1689018804510,-681,4034
1689018804513,-681,4034
1689018804516,-681,4034
1689018804519,-681,4034
1689018804521,-681,4034
1689018804524,-681,4034
1689018804527,-681,4034
1689018804530,-681,4034
1689018804532,-681,4034
1689018804535,-681,4034
1689018804538,-681,4034
1689018804541,-681,4034
1689018804544,-681,4034
1689018804546,-681,4034
1689018804549,-681,4034
1689018804552,-681,4034
1689018804555,-681,4034
1689018804557,-681,4034
1689018804560,-681,4034
1689018804563,-681,4034
1689018804566,-681,4034
1689018804568,-681,4034
1689018804571,-681,4034
1689018804574,-681,4034
1689018804577,-681,4034
1689018804580,-681,4034
1689018804582,-681,4034
1689018804585,-681,4034
1689018804588,-681,4034
1689018804591,-681,4034
1689018804594,-681,4034
1689018804596,-681,4034
1689018804599,-681,4034
1689018804602,-681,4034
1689018804605,-681,4034
1689018804607,-681,4034
1689018804610,-681,4034
1689018804613,-681,4034
1689018804616,-681,4034
1689018804618,-681,4034
1689018804621,-681,4034
1689018804624,-681,4034
1689018804627,-681,4034
1689018804630,-681,4034
1689018804632,-681,4034
1689018804635,-681,4034
1689018804639,-681,4034
1689018804642,-681,4034
1689018804644,-681,4034
1689018804647,-681,4034
1689018804650,-681,4034
1689018804653,-681,4034
1689018804655,-681,4034
1689018804658,-681,4034
1689018804661,-681,4034
1689018804664,-681,4034
1689018804667,-681,4034
1689018804669,-681,4034
1689018804672,-681,4034
1689018804675,-681,4034
1689018804678,-681,4034
1689018804680,-681,4034
1689018804683,-681,4034
1689018804686,-681,4034
1689018804689,-681,4034
1689018804692,-681,4034
1689018804695,-681,4034
1689018804698,-681,4034
1689018804700,-681,4034
1689018804703,-681,4034
1689018804706,-681,4034
1689018804709,-681,4034
1689018804712,-681,4034
1689018804714,-681,4034
1689018804717,-681,4034
1689018804720,-681,4034
1689018804723,-681,4034
1689018804726,-681,4034
1689018804728,-681,4034
1689018804731,-681,4034
1689018804734,-681,4034
1689018804737,-681,4034
1689018804740,-681,4034
1689018804743,-681,4034
1689018804745,-681,4034
1689018804748,-681,4034
1689018804751,-681,4034
1689018804754,-681,4034
1689018804757,-681,4034
1689018804759,-681,4034
1689018804762,-681,4034
1689018804765,-681,4034
1689018804768,-681,4034
1689018804771,-681,4034
1689018804774,-681,4034
1689018804776,-681,4034
1689018804779,-681,4034
1689018804782,-681,4034
1689018804785,-681,4034
1689018804787,-681,4034
1689018804790,-681,4034
1689018804793,-681,4034
1689018804796,-681,4034
1689018804799,-681,4034
1689018804802,-681,4034
1689018804804,-681,4034
1689018804807,-681,4034
1689018804810,-681,4034
1689018804813,-681,4034
1689018804816,-681,4034
1689018804818,-681,4034
1689018804821,-681,4034
1689018804824,-681,4034
1689018804827,-681,4034
1689018804830,-681,4034
1689018804832,-681,4034
1689018804835,-681,4034
1689018804838,-681,4034
1689018804841,-681,4034
1689018804844,-681,4034
1689018804847,-681,4034
1689018804850,-681,4034
1689018804852,-681,4034
1689018804855,-681,4034
1689018804858,-681,4034
1689018804861,-681,4034
1689018804864,-681,4034
1689018804866,-681,4034
1689018804869,-681,4034
1689018804872,-681,4034
1689018804875,-681,4034
1689018804878,-681,4034
1689018804880,-681,4034
1689018804883,-681,4034
1689018804886,-681,4034
1689018804889,-681,4034
1689018804892,-681,4034
1689018804895,-681,4034
1689018804897,-681,4034
1689018804900,-681,4034
1689018804903,-681,4034
1689018804906,-681,4034
1689018804908,-681,4034
1689018804911,-681,4034
1689018804914,-681,4034
1689018804917,-681,4034
1689018804920,-681,4034
1689018804922,-681,4034
1689018804925,-681,4034
1689018804928,-681,4034
1689018804931,-681,4034
1689018804933,-681,4034
1689018804936,-681,4034
1689018804939,-681,4034
1689018804942,-681,4034
1689018804945,-681,4034
1689018804948,-681,4034
1689018804950,-681,4034
1689018804953,-681,4034
1689018804956,-681,4034
1689018804959,-681,4034
1689018804962,-681,4034
1689018804965,-681,4034
1689018804967,-681,4034
1689018804970,-681,4034
1689018804973,-681,4034
1689018804975,-681,4034
1689018804978,-681,4034
1689018804981,-681,4034
1689018804984,-681,4034
1689018804986,-681,4034
1689018804989,-681,4034
1689018804992,-681,4034
1689018804995,-681,4034
1689018804998,-681,4034
1689018805001,-681,4034
1689018805004,-681,4034
1689018805007,-681,4034
1689018805009,-681,4034
1689018805012,-681,4034
1689018805015,-681,4034
1689018805018,-681,4034
1689018805021,-681,4034
1689018805024,-681,4034
1689018805027,-681,4034
1689018805029,-681,4034
1689018805032,-681,4034
1689018805035,-681,4034
1689018805043,-681,4034
1689018805046,-681,4034
1689018805049,-681,4034
1689018805052,-681,4034
1689018805055,-681,4034
1689018805058,-681,4034
1689018805061,-681,4034
1689018805063,-681,4034
1689018805066,-681,4034
1689018805069,-681,4034
1689018805072,-681,4034
1689018805074,-681,4034
1689018805077,-681,4034
1689018805080,-681,4034
1689018805083,-681,4034
1689018805086,-681,4034
1689018805088,-681,4034
1689018805092,-681,4034
1689018805094,-681,4034
1689018805097,-681,4034
1689018805100,-681,4034
1689018805103,-681,4034
1689018805106,-681,4034
1689018805108,-681,4034
1689018805111,-681,4034
1689018805114,-681,4034
1689018805117,-681,4034
1689018805120,-681,4034
1689018805123,-681,4034
1689018805125,-681,4034
1689018805128,-681,4034
1689018805131,-681,4034
1689018805134,-681,4034
1689018805137,-681,4034
1689018805140,-681,4034
1689018805143,-681,4034
1689018805146,-681,4034
1689018805149,-681,4034
1689018805152,-681,4034
1689018805154,-681,4034
1689018805157,-681,4034
1689018805160,-681,4034
1689018805163,-681,4034
1689018805166,-681,4034
1689018805168,-681,4034
1689018805171,-681,4034
1689018805174,-681,4034
1689018805177,-681,4034
1689018805179,-681,4034
1689018805182,-681,4034
1689018805185,-681,4034
1689018805188,-681,4034
1689018805190,-681,4034
1689018805193,-681,4034
1689018805196,-681,4034
1689018805199,-681,4034
1689018805201,-681,4034
1689018805204,-681,4034
1689018805207,-681,4034
1689018805210,-681,4034
1689018805212,-681,4034
1689018805215,-681,4034
1689018805218,-681,4034
1689018805221,-681,4034
1689018805223,-681,4034
1689018805226,-681,4034
1689018805229,-681,4034
1689018805232,-681,4034
1689018805235,-681,4034
1689018805237,-681,4034
1689018805240,-681,4034
1689018805243,-681,4034
1689018805246,-681,4034
1689018805249,-681,4034
1689018805252,-681,4034
1689018805254,-681,4034
1689018805257,-681,4034
1689018805260,-681,4034
1689018805263,-681,4034
1689018805266,-681,4034
1689018805268,-681,4034
1689018805271,-681,4034
1689018805274,-681,4034
1689018805277,-681,4034
1689018805280,-681,4034
1689018805282,-681,4034
1689018805285,-681,4034
1689018805288,-681,4034
1689018805291,-681,4034
1689018805294,-681,4034
1689018805296,-681,4034
1689018805299,-681,4034
1689018805302,-681,4034
1689018805305,-681,4034
1689018805307,-681,4034
1689018805310,-681,4034
1689018805313,-681,4034
1689018805316,-681,4034
1689018805318,-681,4034
1689018805321,-681,4034
1689018805324,-681,4034
1689018805327,-681,4034
1689018805330,-681,4034
1689018805332,-681,4034
1689018805335,-681,4034
1689018805338,-681,4034
1689018805341,-681,4034
1689018805344,-681,4034
1689018805346,-681,4034
1689018805349,-681,4034
1689018805352,-681,4034
1689018805355,-681,4034
1689018805358,-681,4034
1689018805361,-681,4034
1689018805364,-681,4034
1689018805366,-681,4034
1689018805369,-681,4034
1689018805372,-681,4034
1689018805375,-681,4034
1689018805378,-681,4034
1689018805380,-681,4034
1689018805383,-681,4034
1689018805386,-681,4034
1689018805389,-681,4034
1689018805392,-681,4034
1689018805394,-681,4034
1689018805397,-681,4034
1689018805400,-681,4034
1689018805403,-681,4034
1689018805406,-681,4034
1689018805408,-681,4034
1689018805411,-681,4034
1689018805414,-681,4034
1689018805417,-681,4034
1689018805419,-681,4034
1689018805422,-681,4034
1689018805425,-681,4034
1689018805428,-681,4034
1689018805431,-681,4034
1689018805434,-681,4034
1689018805437,-681,4034
1689018805439,-681,4034
1689018805442,-681,4034
1689018805445,-681,4034
1689018805448,-681,4034
1689018805451,-681,4034
1689018805453,-681,4034
1689018805456,-681,4034
1689018805459,-681,4034
1689018805462,-681,4034
1689018805465,-681,4034
1689018805468,-681,4034
1689018805470,-681,4034
1689018805473,-681,4034
1689018805476,-681,4034
1689018805479,-681,4034
1689018805482,-681,4034
1689018805484,-681,4034
1689018805487,-681,4034
1689018805490,-681,4034
1689018805493,-681,4034
1689018805496,-681,4034
1689018805499,-681,4034
1689018805502,-681,4034
1689018805505,-681,4034
1689018805507,-681,4034
1689018805510,-681,4034
1689018805513,-681,4034
1689018805516,-681,4034
1689018805519,-681,4034
1689018805521,-681,4034
1689018805524,-681,4034
1689018805527,-681,4034
1689018805530,-681,4034
1689018805533,-681,4034
1689018805535,-681,4034
1689018805538,-681,4034
1689018805541,-681,4034
1689018805544,-681,4034
1689018805546,-681,4034
1689018805549,-681,4034
1689018805552,-681,4034
1689018805555,-681,4034
1689018805558,-681,4034
1689018805561,-681,4034
1689018805564,-681,4034
1689018805566,-681,4034
1689018805569,-681,4034
1689018805572,-681,4034
1689018805575,-681,4034
1689018805577,-681,4034
1689018805580,-681,4034
1689018805583,-681,4034
1689018805586,-681,4034
1689018805589,-681,4034
1689018805592,-681,4034
1689018805594,-681,4034
1689018805597,-681,4034
1689018805600,-681,4034
1689018805603,-681,4034
1689018805606,-681,4034
1689018805608,-681,4034
1689018805611,-681,4034
1689018805614,-681,4034
1689018805617,-681,4034
1689018805620,-681,4034
1689018805623,-681,4034
1689018805625,-681,4034
1689018805628,-681,4034
1689018805631,-681,4034
1689018805634,-681,4034
1689018805636,-681,4034
1689018805639,-681,4034
1689018805642,-681,4034
1689018805645,-681,4034
1689018805648,-681,4034
1689018805651,-681,4034
1689018805654,-681,4034
1689018805656,-681,4034
1689018805659,-681,4034
1689018805662,-681,4034
1689018805665,-681,4034
1689018805667,-681,4034
1689018805670,-681,4034
1689018805673,-681,4034
1689018805676,-681,4034
1689018805679,-681,4034
1689018805681,-681,4034
1689018805684,-681,4034
1689018805687,-681,4034
1689018805690,-681,4034
1689018805693,-681,4034
1689018805696,-681,4034
1689018805699,-681,4034
1689018805702,-681,4034
1689018805704,-681,4034
1689018805707,-681,4034
1689018805710,-681,4034
1689018805713,-681,4034
1689018805716,-681,4034
1689018805718,-681,4034
1689018805721,-681,4034
1689018805724,-681,4034
1689018805727,-681,4034
1689018805730,-681,4034
1689018805732,-681,4034
1689018805735,-681,4034
1689018805738,-681,4034
1689018805741,-681,4034
1689018805744,-681,4034
1689018805746,-681,4034
1689018805749,-681,4034
1689018805752,-681,4034
1689018805755,-681,4034
1689018805758,-681,4034
1689018805761,-681,4034
1689018805764,-681,4034
1689018805767,-681,4034
1689018805770,-681,4034
1689018805773,-681,4034
1689018805776,-681,4034
1689018805778,-681,4034
1689018805781,-681,4034
1689018805784,-681,4034
1689018805787,-681,4034
1689018805790,-681,4034
1689018805792,-681,4034
1689018805795,-681,4034
1689018805798,-681,4034
1689018805801,-681,4034
1689018805804,-681,4034
1689018805806,-681,4034
1689018805809,-681,4034
1689018805812,-681,4034
1689018805815,-681,4034
1689018805818,-681,4034
1689018805820,-681,4034
1689018805823,-681,4034
1689018805826,-681,4034
1689018805829,-681,4034
1689018805832,-681,4034
1689018805835,-681,4034
1689018805838,-681,4034
1689018805840,-681,4034
1689018805843,-681,4034
1689018805846,-681,4034
1689018805849,-681,4034
1689018805851,-681,4034
1689018805854,-681,4034
1689018805857,-681,4034
1689018805860,-681,4034
1689018805863,-681,4034
1689018805865,-681,4034
1689018805868,-681,4034
1689018805871,-681,4034
1689018805874,-681,4034
1689018805877,-681,4034
1689018805879,-681,4034
1689018805882,-681,4034
1689018805885,-681,4034
1689018805888,-681,4034
1689018805891,-681,4034
1689018805894,-681,4034
1689018805896,-681,4034
1689018805899,-681,4034
1689018805902,-681,4034
1689018805905,-681,4034
1689018805907,-681,4034
1689018805910,-681,4034
1689018805913,-681,4034
1689018805916,-681,4034
1689018805919,-681,4034
1689018805921,-681,4034
1689018805924,-681,4034
1689018805927,-681,4034
1689018805930,-681,4034
1689018805933,-681,4034
1689018805935,-681,4034
1689018805938,-681,4034
1689018805941,-681,4034
1689018805944,-681,4034
1689018805946,-681,4034
1689018805949,-681,4034
1689018805952,-681,4034
1689018805955,-681,4034
1689018805958,-681,4034
1689018805961,-681,4034
1689018805963,-681,4034
1689018805966,-681,4034
1689018805969,-681,4034
1689018805972,-681,4034
1689018805974,-681,4034
1689018805977,-681,4034
1689018805980,-681,4034
1689018805983,-681,4034
1689018805986,-681,4034
1689018805988,-681,4034
1689018805991,-681,4034
1689018805994,-681,4034
1689018805997,-681,4034
1689018805999,-681,4034
1689018806002,-681,4034
1689018806005,-681,4034
1689018806008,-681,4034
1689018806011,-681,4034
1689018806014,-681,4034
1689018806016,-681,4034
1689018806019,-681,4034
1689018806022,-681,4034
1689018806025,-681,4034
1689018806028,-681,4034
1689018806030,-681,4034
1689018806033,-681,4034
1689018806036,-681,4034
1689018806039,-681,4034
1689018806042,-681,4034
1689018806044,-681,4034
1689018806047,-681,4034
1689018806050,-681,4034
1689018806053,-681,4034
1689018806056,-681,4034
1689018806058,-681,4034
1689018806061,-681,4034
1689018806064,-681,4034
1689018806067,-681,4034
1689018806070,-681,4034
1689018806073,-681,4034
1689018806076,-681,4034
1689018806079,-681,4034
1689018806081,-681,4034
1689018806084,-681,4034
1689018806087,-681,4034
1689018806090,-681,4034
1689018806092,-681,4034
1689018806095,-681,4034
1689018806098,-681,4034
1689018806101,-681,4034
1689018806104,-681,4034
1689018806107,-681,4034
1689018806110,-681,4034
1689018806112,-681,4034
1689018806115,-681,4034
1689018806118,-681,4034
1689018806121,-681,4034
1689018806124,-681,4034
1689018806126,-681,4034
1689018806129,-681,4034
1689018806132,-681,4034
1689018806135,-681,4034
1689018806138,-681,4034
1689018806141,-681,4034
1689018806143,-681,4034
1689018806146,-681,4034
1689018806149,-681,4034
1689018806152,-681,4034
1689018806155,-681,4034
1689018806158,-681,4034
1689018806160,-681,4034
1689018806163,-681,4034
1689018806166,-681,4034
1689018806169,-681,4034
1689018806172,-681,4034
1689018806175,-681,4034
1689018806177,-681,4034
1689018806180,-681,4034
1689018806183,-681,4034
1689018806186,-681,4034
1689018806188,-681,4034
1689018806191,-681,4034
1689018806194,-681,4034
1689018806197,-681,4034
1689018806199,-681,4034
1689018806202,-681,4034
1689018806205,-681,4034
1689018806208,-681,4034
1689018806211,-681,4034
1689018806213,-681,4034
1689018806216,-681,4034
1689018806219,-681,4034
1689018806222,-681,4034
1689018806225,-681,4034
1689018806228,-681,4034
1689018806231,-681,4034
1689018806234,-681,4034
1689018806236,-681,4034
1689018806239,-681,4034
1689018806242,-681,4034
1689018806245,-681,4034
1689018806247,-681,4034
1689018806250,-681,4034
1689018806253,-681,4034
1689018806256,-681,4034
1689018806259,-681,4034
1689018806262,-681,4034
1689018806265,-681,4034
1689018806268,-681,4034
1689018806271,-681,4034
1689018806274,-681,4034
1689018806277,-681,4034
1689018806280,-681,4034
1689018806283,-681,4034
1689018806286,-681,4034
1689018806288,-681,4034
1689018806291,-681,4034
1689018806294,-681,4034
1689018806297,-681,4034
1689018806300,-681,4034
1689018806303,-681,4034
1689018806306,-681,4034
1689018806308,-681,4034
1689018806311,-681,4034
1689018806314,-681,4034
1689018806317,-681,4034
1689018806320,-681,4034
1689018806323,-681,4034
1689018806326,-681,4034
1689018806328,-681,4034
1689018806331,-681,4034
1689018806334,-681,4034
1689018806337,-681,4034
1689018806339,-681,4034
1689018806342,-681,4034
1689018806345,-681,4034
1689018806348,-681,4034
1689018806351,-681,4034
1689018806353,-681,4034
1689018806356,-681,4034
1689018806359,-681,4034
1689018806362,-681,4034
1689018806364,-681,4034
1689018806367,-681,4034
1689018806370,-681,4034
1689018806374,-681,4034
1689018806377,-681,4034
1689018806379,-681,4034
1689018806382,-681,4034
1689018806385,-681,4034
1689018806388,-681,4034
1689018806391,-681,4034
1689018806393,-681,4034
1689018806396,-681,4034
1689018806399,-681,4034
1689018806402,-681,4034
1689018806405,-681,4034
1689018806408,-681,4034
1689018806411,-681,4034
1689018806414,-681,4034
1689018806416,-681,4034
1689018806419,-681,4034
1689018806422,-681,4034
1689018806425,-681,4034
1689018806428,-681,4034
1689018806431,-681,4034
1689018806433,-681,4034
1689018806436,-681,4034
1689018806439,-681,4034
1689018806442,-681,4034
1689018806445,-681,4034
1689018806447,-681,4034
1689018806450,-681,4034
1689018806453,-681,4034
1689018806456,-681,4034
1689018806458,-681,4034
1689018806461,-681,4034
1689018806464,-681,4034
1689018806467,-681,4034
1689018806470,-681,4034
1689018806472,-681,4034
1689018806475,-681,4034
1689018806478,-681,4034
1689018806481,-681,4034
1689018806484,-681,4034
1689018806487,-681,4034
1689018806490,-681,4034
1689018806493,-681,4034
1689018806496,-681,4034
1689018806498,-681,4034
1689018806501,-681,4034
1689018806504,-681,4034
1689018806507,-681,4034
1689018806510,-681,4034
1689018806512,-681,4034
1689018806515,-681,4034
1689018806518,-681,4034
1689018806521,-681,4034
1689018806524,-681,4034
1689018806527,-681,4034
1689018806530,-681,4034
1689018806532,-681,4034
1689018806535,-681,4034
1689018806538,-681,4034
1689018806541,-681,4034
1689018806544,-681,4034
1689018806546,-681,4034
1689018806549,-681,4034
1689018806552,-681,4034
1689018806555,-681,4034
1689018806558,-681,4034
1689018806561,-681,4034
1689018806564,-681,4034
1689018806567,-681,4034
1689018806570,-681,4034
1689018806573,-681,4034
1689018806576,-681,4034
1689018806578,-681,4034
1689018806581,-681,4034
1689018806584,-681,4034
1689018806587,-681,4034
1689018806590,-681,4034
1689018806592,-681,4034
1689018806595,-681,4034
1689018806598,-681,4034
1689018806601,-681,4034
1689018806604,-681,4034
1689018806607,-681,4034
1689018806610,-681,4034
1689018806612,-681,4034
1689018806615,-681,4034
1689018806618,-681,4034
1689018806621,-681,4034
1689018806624,-681,4034
1689018806626,-681,4034
1689018806629,-681,4034
1689018806632,-681,4034
1689018806635,-681,4034
1689018806638,-681,4034
1689018806640,-681,4034
1689018806643,-681,4034
1689018806646,-681,4034
1689018806649,-681,4034
1689018806652,-681,4034
1689018806654,-681,4034
1689018806657,-681,4034
1689018806660,-681,4034
1689018806663,-681,4034
1689018806666,-681,4034
1689018806668,-681,4034
1689018806671,-681,4034
1689018806674,-681,4034
1689018806677,-681,4034
1689018806679,-681,4034
1689018806682,-681,4034
1689018806685,-681,4034
1689018806688,-681,4034
1689018806691,-681,4034
1689018806694,-681,4034
1689018806697,-681,4034
1689018806700,-681,4034
1689018806703,-681,4034
1689018806706,-681,4034
1689018806708,-681,4034
1689018806711,-681,4034
1689018806714,-681,4034
1689018806717,-681,4034
1689018806720,-681,4034
1689018806722,-681,4034
1689018806725,-681,4034
1689018806728,-681,4034
1689018806731,-681,4034
1689018806733,-681,4034
1689018806736,-681,4034
1689018806739,-681,4034
1689018806742,-681,4034
1689018806745,-681,4034
1689018806748,-681,4034
1689018806750,-681,4034
1689018806753,-681,4034
1689018806756,-681,4034
1689018806759,-681,4034
1689018806762,-681,4034
1689018806764,-681,4034
1689018806767,-681,4034
1689018806770,-681,4034
1689018806773,-681,4034
1689018806776,-681,4034
1689018806778,-681,4034
1689018806781,-681,4034
1689018806784,-681,4034
1689018806787,-681,4034
1689018806790,-681,4034
1689018806793,-681,4034
1689018806796,-681,4034
1689018806798,-681,4034
1689018806801,-681,4034
1689018806804,-681,4034
1689018806807,-681,4034
1689018806810,-681,4034
1689018806812,-681,4034
1689018806815,-681,4034
1689018806818,-681,4034
1689018806821,-681,4034
1689018806824,-681,4034
1689018806826,-681,4034
1689018806829,-681,4034
1689018806832,-681,4034
1689018806835,-681,4034
1689018806838,-681,4034
1689018806840,-681,4034
1689018806843,-681,4034
1689018806846,-681,4034
1689018806849,-681,4034
1689018806852,-681,4034
1689018806855,-681,4034
1689018806857,-681,4034
1689018806860,-681,4034
1689018806863,-681,4034
1689018806866,-681,4034
1689018806869,-681,4034
1689018806871,-681,4034
1689018806874,-681,4034
1689018806877,-681,4034
1689018806880,-681,4034
1689018806882,-681,4034
1689018806885,-681,4034
1689018806888,-681,4034
1689018806891,-681,4034
1689018806894,-681,4034
1689018806897,-681,4034
1689018806899,-681,4034
1689018806902,-681,4034
1689018806905,-681,4034
1689018806908,-681,4034
1689018806910,-681,4034
1689018806913,-681,4034
1689018806916,-681,4034
1689018806919,-681,4034
1689018806922,-681,4034
1689018806924,-681,4034
1689018806927,-681,4034
1689018806930,-681,4034
1689018806933,-681,4034
1689018806936,-681,4034
1689018806938,-681,4034
1689018806941,-681,4034
1689018806944,-681,4034
1689018806947,-681,4034
1689018806950,-681,4034
1689018806952,-681,4034
1689018806955,-681,4034
1689018806958,-681,4034
1689018806961,-681,4034
1689018806964,-681,4034
1689018806967,-681,4034
1689018806969,-681,4034
1689018806972,-681,4034
1689018806975,-681,4034
1689018806978,-681,4034
1689018806981,-681,4034
1689018806984,-681,4034
1689018806987,-681,4034
1689018806990,-681,4034
1689018806993,-681,4034
1689018806995,-681,4034
1689018806998,-681,4034
1689018807001,-681,4034
1689018807004,-681,4034
1689018807007,-681,4034
1689018807010,-681,4034
1689018807013,-681,4034
1689018807015,-681,4034
1689018807018,-681,4034
1689018807021,-681,4034
1689018807024,-681,4034
1689018807026,-681,4034
1689018807029,-681,4034
1689018807032,-681,4034
1689018807035,-681,4034
1689018807038,-681,4034
1689018807041,-681,4034
1689018807044,-681,4034
1689018807047,-681,4034
1689018807050,-681,4034
1689018807052,-681,4034
1689018807055,-681,4034
1689018807058,-681,4034
1689018807061,-681,4034
1689018807064,-681,4034
1689018807066,-681,4034
1689018807069,-681,4034
1689018807072,-681,4034
1689018807075,-681,4034
1689018807078,-681,4034
1689018807080,-681,4034
1689018807083,-681,4034
1689018807086,-681,4034
1689018807089,-681,4034
1689018807092,-681,4034
1689018807095,-681,4034
1689018807098,-681,4034
1689018807101,-681,4034
1689018807103,-681,4034
1689018807106,-681,4034
1689018807109,-681,4034
1689018807112,-681,4034
1689018807115,-681,4034
1689018807118,-681,4034
1689018807121,-681,4034
1689018807124,-681,4034
1689018807127,-681,4034
1689018807129,-681,4034
1689018807132,-681,4034
1689018807135,-681,4034
1689018807138,-681,4034
1689018807141,-681,4034
1689018807144,-681,4034
1689018807146,-681,4034
1689018807149,-681,4034
1689018807152,-681,4034
1689018807155,-681,4034
1689018807158,-681,4034
1689018807161,-681,4034
1689018807163,-681,4034
1689018807166,-681,4034
1689018807169,-681,4034
1689018807172,-681,4034
1689018807175,-681,4034
1689018807178,-681,4034
1689018807180,-681,4034
1689018807183,-681,4034
1689018807186,-681,4034
1689018807189,-681,4034
1689018807192,-681,4034
1689018807195,-681,4034
1689018807198,-681,4034
1689018807200,-681,4034
1689018807203,-681,4034
1689018807206,-681,4034
1689018807209,-681,4034
1689018807212,-681,4034
1689018807215,-681,4034
1689018807218,-681,4034
1689018807220,-681,4034
1689018807223,-681,4034
1689018807227,-681,4034
1689018807229,-681,4034
1689018807232,-681,4034
1689018807235,-681,4034
1689018807238,-681,4034
1689018807240,-681,4034
1689018807243,-681,4034
1689018807246,-681,4034
1689018807249,-681,4034
1689018807252,-681,4034
1689018807255,-681,4034
1689018807258,-681,4034
1689018807260,-681,4034
1689018807263,-681,4034
1689018807266,-681,4034
1689018807269,-681,4034
1689018807272,-681,4034
1689018807275,-681,4034
1689018807277,-681,4034
1689018807280,-681,4034
1689018807283,-681,4034
1689018807286,-681,4034
1689018807289,-681,4034
1689018807292,-681,4034
1689018807294,-681,4034
1689018807298,-681,4034
1689018807300,-681,4034
1689018807303,-681,4034
1689018807306,-681,4034
1689018807309,-681,4034
1689018807312,-681,4034
1689018807315,-681,4034
1689018807317,-681,4034
1689018807320,-681,4034
1689018807323,-681,4034
1689018807326,-681,4034
1689018807329,-681,4034
1689018807331,-681,4034
1689018807334,-681,4034
1689018807337,-681,4034
1689018807340,-681,4034
1689018807346,-681,4034
1689018807350,-681,4034
1689018807353,-681,4034
1689018807356,-681,4034
1689018807359,-681,4034
1689018807362,-681,4034
1689018807365,-681,4034
1689018807367,-681,4034
1689018807370,-681,4034
1689018807373,-681,4034
1689018807376,-681,4034
1689018807378,-681,4034
1689018807381,-681,4034
1689018807384,-681,4034
1689018807387,-681,4034
1689018807390,-681,4034
1689018807392,-681,4034
1689018807395,-681,4034
1689018807398,-681,4034
1689018807401,-681,4034
1689018807404,-681,4034
1689018807406,-681,4034
1689018807409,-681,4034
1689018807412,-681,4034
1689018807415,-681,4034
1689018807418,-681,4034
1689018807420,-681,4034
1689018807423,-681,4034
1689018807426,-681,4034
1689018807429,-681,4034
1689018807432,-681,4034
1689018807435,-681,4034
1689018807438,-681,4034
1689018807440,-681,4034
1689018807443,-681,4034
1689018807446,-681,4034
1689018807449,-681,4034
1689018807452,-681,4034
1689018807455,-681,4034
1689018807457,-681,4034
1689018807460,-681,4034
1689018807463,-681,4034
1689018807466,-681,4034
1689018807469,-681,4034
1689018807472,-681,4034
1689018807474,-681,4034
1689018807477,-681,4034
1689018807480,-681,4034
1689018807483,-681,4034
1689018807486,-681,4034
1689018807488,-681,4034
1689018807491,-681,4034
1689018807494,-681,4034
1689018807497,-681,4034
1689018807500,-681,4034
1689018807503,-681,4034
1689018807506,-681,4034
1689018807509,-681,4034
1689018807511,-681,4034
1689018807514,-681,4034
1689018807517,-681,4034
1689018807520,-681,4034
1689018807522,-681,4034
1689018807525,-681,4034
1689018807528,-681,4034
1689018807531,-681,4034
1689018807533,-681,4034
1689018807536,-681,4034
1689018807539,-681,4034
1689018807542,-681,4034
1689018807545,-681,4034
1689018807547,-681,4034
1689018807550,-681,4034
1689018807553,-681,4034
1689018807556,-681,4034
1689018807559,-681,4034
1689018807562,-681,4034
1689018807564,-681,4034
1689018807567,-681,4034
1689018807570,-681,4034
1689018807573,-681,4034
1689018807576,-681,4034
1689018807578,-681,4034
1689018807581,-681,4034
1689018807584,-681,4034
1689018807587,-681,4034
1689018807590,-681,4034
1689018807592,-681,4034
1689018807595,-681,4034
1689018807598,-681,4034
1689018807601,-681,4034
1689018807604,-681,4034
1689018807607,-681,4034
1689018807610,-681,4034
1689018807613,-681,4034
1689018807615,-681,4034
1689018807618,-681,4034
1689018807621,-681,4034
1689018807624,-681,4034
1689018807627,-681,4034
1689018807630,-681,4034
1689018807633,-681,4034
1689018807636,-681,4034
1689018807638,-681,4034
1689018807641,-681,4034
1689018807644,-681,4034
1689018807647,-681,4034
1689018807649,-681,4034
1689018807652,-681,4034
1689018807655,-681,4034
1689018807658,-681,4034
1689018807661,-681,4034
1689018807663,-681,4034
1689018807666,-681,4034
1689018807669,-681,4034
1689018807672,-681,4034
1689018807675,-681,4034
1689018807677,-681,4034
1689018807680,-681,4034
1689018807683,-681,4034
1689018807686,-681,4034
1689018807689,-681,4034
1689018807692,-681,4034
1689018807695,-681,4034
1689018807698,-681,4034
1689018807701,-681,4034
1689018807704,-681,4034
1689018807707,-681,4034
1689018807710,-681,4034
1689018807712,-681,4034
1689018807715,-681,4034
1689018807718,-681,4034
1689018807721,-681,4034
1689018807723,-681,4034
1689018807726,-681,4034
1689018807729,-681,4034
1689018807732,-681,4034
1689018807735,-681,4034
1689018807737,-681,4034
1689018807740,-681,4034
1689018807743,-681,4034
1689018807746,-681,4034
1689018807748,-681,4034
1689018807751,-681,4034
1689018807754,-681,4034
1689018807757,-681,4034
1689018807760,-681,4034
1689018807763,-681,4034
1689018807766,-681,4034
1689018807768,-681,4034
1689018807771,-681,4034
1689018807774,-681,4034
1689018807777,-681,4034
1689018807780,-681,4034
1689018807783,-681,4034
1689018807785,-681,4034
1689018807788,-681,4034
1689018807791,-681,4034
1689018807794,-681,4034
1689018807797,-681,4034
1689018807799,-681,4034
1689018807802,-681,4034
1689018807805,-681,4034
1689018807808,-681,4034
1689018807811,-681,4034
1689018807814,-681,4034
1689018807816,-681,4034
1689018807819,-681,4034
1689018807822,-681,4034
1689018807825,-681,4034
1689018807828,-681,4034
1689018807831,-681,4034
1689018807833,-681,4034
1689018807836,-681,4034
1689018807839,-681,4034
1689018807842,-681,4034
1689018807845,-681,4034
1689018807847,-681,4034
1689018807850,-681,4034
1689018807853,-681,4034
1689018807856,-681,4034
1689018807859,-681,4034
1689018807862,-681,4034
1689018807864,-681,4034
1689018807867,-681,4034
1689018807870,-681,4034
1689018807873,-681,4034
1689018807876,-681,4034
1689018807878,-681,4034
1689018807881,-681,4034
1689018807884,-681,4034
1689018807887,-681,4034
1689018807890,-681,4034
1689018807892,-681,4034
1689018807895,-681,4034
1689018807898,-681,4034
1689018807901,-681,4034
1689018807904,-681,4034
1689018807907,-681,4034
1689018807910,-681,4034
1689018807912,-681,4034
1689018807916,-681,4034
1689018807918,-681,4034
1689018807921,-681,4034
1689018807924,-681,4034
1689018807927,-681,4034
1689018807930,-681,4034
1689018807932,-681,4034
1689018807935,-681,4034
1689018807938,-681,4034
1689018807941,-681,4034
1689018807944,-681,4034
1689018807946,-681,4034
1689018807949,-681,4034
1689018807952,-681,4034
1689018807955,-681,4034
1689018807958,-681,4034
1689018807961,-681,4034
1689018807964,-681,4034
1689018807967,-681,4034
1689018807970,-681,4034
1689018807973,-681,4034
1689018807975,-681,4034
1689018807978,-681,4034
1689018807981,-681,4034
1689018807984,-681,4034
1689018807986,-681,4034
1689018807990,-681,4034
1689018807992,-681,4034
1689018807995,-681,4034
1689018807998,-681,4034
1689018808001,-681,4034
1689018808004,-681,4034
1689018808007,-681,4034
1689018808010,-681,4034
1689018808012,-681,4034
1689018808015,-681,4034
1689018808018,-681,4034
1689018808021,-681,4034
1689018808024,-681,4034
1689018808027,-681,4034
1689018808030,-681,4034
1689018808033,-681,4034
1689018808036,-681,4034
1689018808039,-681,4034
1689018808041,-681,4034
1689018808044,-681,4034
1689018808047,-681,4034
1689018808050,-681,4034
1689018808053,-681,4034
1689018808056,-681,4034
1689018808058,-681,4034
1689018808061,-681,4034
1689018808064,-681,4034
1689018808067,-681,4034
1689018808070,-681,4034
1689018808073,-681,4034
1689018808076,-681,4034
1689018808079,-681,4034
1689018808081,-681,4034
1689018808084,-681,4034
1689018808087,-681,4034
1689018808090,-681,4034
1689018808093,-681,4034
1689018808095,-681,4034
1689018808098,-681,4034
1689018808101,-681,4034
1689018808104,-681,4034
1689018808107,-681,4034
1689018808110,-681,4034
1689018808113,-681,4034
1689018808115,-681,4034
1689018808118,-681,4034
1689018808121,-681,4034
1689018808124,-681,4034
1689018808127,-681,4034
1689018808130,-681,4034
1689018808132,-681,4034
1689018808135,-681,4034
1689018808138,-681,4034
1689018808141,-681,4034
1689018808144,-681,4034
1689018808146,-681,4034
1689018808149,-681,4034
1689018808152,-681,4034
1689018808155,-681,4034
1689018808158,-681,4034
1689018808161,-681,4034
1689018808163,-681,4034
1689018808166,-681,4034
1689018808169,-681,4034
1689018808172,-681,4034
1689018808175,-681,4034
1689018808178,-681,4034
1689018808180,-681,4034
1689018808183,-681,4034
1689018808186,-681,4034
1689018808189,-681,4034
1689018808192,-681,4034
1689018808194,-681,4034
1689018808197,-681,4034
1689018808200,-681,4034
1689018808203,-681,4034
1689018808206,-681,4034
1689018808209,-681,4034
1689018808211,-681,4034
1689018808214,-681,4034
1689018808217,-681,4034
1689018808220,-681,4034
1689018808223,-681,4034
1689018808225,-681,4034
1689018808228,-681,4034
1689018808231,-681,4034
1689018808234,-681,4034
1689018808237,-681,4034
1689018808239,-681,4034
1689018808242,-681,4034
1689018808245,-681,4034
1689018808248,-681,4034
1689018808250,-681,4034
1689018808253,-681,4034
1689018808256,-681,4034
1689018808259,-681,4034
1689018808262,-681,4034
1689018808265,-681,4034
1689018808268,-681,4034
1689018808271,-681,4034
1689018808274,-681,4034
1689018808276,-681,4034
1689018808279,-681,4034
1689018808282,-681,4034
1689018808285,-681,4034
1689018808288,-681,4034
1689018808291,-681,4034
1689018808293,-681,4034
1689018808296,-681,4034
1689018808299,-681,4034
1689018808302,-681,4034
1689018808305,-681,4034
1689018808307,-681,4034
1689018808310,-681,4034
1689018808313,-681,4034
1689018808316,-681,4034
1689018808319,-681,4034
1689018808322,-681,4034
1689018808324,-681,4034
1689018808327,-681,4034
1689018808330,-681,4034
1689018808333,-681,4034
1689018808335,-681,4034
1689018808338,-681,4034
1689018808341,-681,4034
1689018808344,-681,4034
1689018808347,-681,4034
1689018808349,-681,4034
1689018808352,-681,4034
1689018808355,-681,4034
1689018808358,-681,4034
1689018808361,-681,4034
1689018808364,-681,4034
1689018808367,-681,4034
1689018808370,-681,4034
1689018808372,-681,4034
1689018808375,-681,4034
1689018808378,-681,4034
1689018808381,-681,4034
1689018808384,-681,4034
1689018808387,-681,4034
1689018808390,-681,4034
1689018808393,-681,4034
1689018808395,-681,4034
1689018808398,-681,4034
1689018808401,-681,4034
1689018808404,-681,4034
1689018808407,-681,4034
1689018808410,-681,4034
1689018808412,-681,4034
1689018808415,-681,4034
1689018808418,-681,4034
1689018808421,-681,4034
1689018808424,-681,4034
1689018808426,-681,4034
1689018808429,-681,4034
1689018808432,-681,4034
1689018808435,-681,4034
1689018808438,-681,4034
1689018808440,-681,4034
1689018808443,-681,4034
1689018808446,-681,4034
1689018808449,-681,4034
1689018808452,-681,4034
1689018808455,-681,4034
1689018808457,-681,4034
1689018808460,-681,4034
1689018808463,-681,4034
1689018808466,-681,4034
1689018808469,-681,4034
1689018808471,-681,4034
1689018808474,-681,4034
1689018808477,-681,4034
1689018808480,-681,4034
1689018808483,-681,4034
1689018808485,-681,4034
1689018808488,-681,4034
1689018808491,-681,4034
1689018808494,-681,4034
1689018808497,-681,4034
1689018808499,-681,4034
1689018808502,-681,4034
1689018808505,-681,4034
1689018808508,-681,4034
1689018808511,-681,4034
1689018808514,-681,4034
1689018808516,-681,4034
1689018808519,-681,4034
1689018808522,-681,4034
1689018808525,-681,4034
1689018808528,-681,4034
1689018808530,-681,4034
1689018808533,-681,4034
1689018808536,-681,4034
1689018808539,-681,4034
1689018808542,-681,4034
1689018808544,-681,4034
1689018808547,-681,4034
1689018808550,-681,4034
1689018808553,-681,4034
1689018808556,-681,4034
1689018808559,-681,4034
1689018808562,-681,4034
1689018808564,-681,4034
1689018808567,-681,4034
1689018808570,-681,4034
1689018808573,-681,4034
1689018808576,-681,4034
1689018808579,-681,4034
1689018808582,-681,4034
1689018808584,-681,4034
1689018808587,-681,4034
1689018808590,-681,4034
1689018808593,-681,4034
1689018808596,-681,4034
1689018808598,-681,4034
1689018808601,-681,4034
1689018808604,-681,4034
1689018808607,-681,4034
1689018808610,-681,4034
1689018808612,-681,4034
1689018808615,-681,4034
1689018808618,-681,4034
1689018808621,-681,4034
1689018808624,-681,4034
1689018808626,-681,4034
1689018808629,-681,4034
1689018808632,-681,4034
1689018808635,-681,4034
1689018808638,-681,4034
1689018808641,-681,4034
1689018808643,-681,4034
1689018808646,-681,4034
1689018808649,-681,4034
1689018808652,-681,4034
1689018808654,-681,4034
1689018808657,-681,4034
1689018808660,-681,4034
1689018808663,-681,4034
1689018808666,-681,4034
1689018808668,-681,4034
1689018808671,-681,4034
1689018808674,-681,4034
1689018808677,-681,4034
1689018808680,-681,4034
1689018808683,-681,4034
1689018808685,-681,4034
1689018808688,-681,4034
1689018808691,-681,4034
1689018808694,-681,4034
1689018808697,-681,4034
1689018808699,-681,4034
1689018808702,-681,4034
1689018808705,-681,4034
1689018808708,-681,4034
1689018808711,-681,4034
1689018808714,-681,4034
1689018808716,-681,4034
1689018808719,-681,4034
1689018808722,-681,4034
1689018808725,-681,4034
1689018808727,-681,4034
1689018808730,-681,4034
1689018808733,-681,4034
1689018808736,-681,4034
1689018808739,-681,4034
1689018808741,-681,4034
1689018808744,-681,4034
1689018808747,-681,4034
1689018808750,-681,4034
1689018808753,-681,4034
1689018808755,-681,4034
1689018808758,-681,4034
1689018808761,-681,4034
1689018808764,-681,4034
1689018808767,-681,4034
1689018808770,-681,4034
1689018808773,-681,4034
1689018808775,-681,4034
1689018808778,-681,4034
1689018808781,-681,4034
1689018808784,-681,4034
1689018808787,-681,4034
1689018808789,-681,4034
1689018808792,-681,4034
1689018808795,-681,4034
1689018808798,-681,4034
1689018808801,-681,4034
1689018808804,-681,4034
1689018808807,-681,4034
1689018808810,-681,4034
1689018808812,-681,4034
1689018808815,-681,4034
1689018808818,-681,4034
1689018808821,-681,4034
1689018808823,-681,4034
1689018808826,-681,4034
1689018808829,-681,4034
1689018808832,-681,4034
1689018808835,-681,4034
1689018808838,-681,4034
1689018808840,-681,4034
1689018808843,-681,4034
1689018808846,-681,4034
1689018808849,-681,4034
1689018808852,-681,4034
1689018808854,-681,4034
1689018808857,-681,4034
1689018808860,-681,4034
1689018808863,-681,4034
1689018808866,-681,4034
1689018808868,-681,4034
1689018808871,-681,4034
1689018808874,-681,4034
1689018808877,-681,4034
1689018808880,-681,4034
1689018808882,-681,4034
1689018808885,-681,4034
1689018808888,-681,4034
1689018808891,-681,4034
1689018808894,-681,4034
1689018808896,-681,4034
1689018808899,-681,4034
1689018808902,-681,4034
1689018808905,-681,4034
1689018808908,-681,4034
1689018808911,-681,4034
1689018808913,-681,4034
1689018808916,-681,4034
1689018808919,-681,4034
1689018808922,-681,4034
1689018808925,-681,4034
1689018808927,-681,4034
1689018808930,-681,4034
1689018808933,-681,4034
1689018808936,-681,4034
1689018808939,-681,4034
1689018808942,-681,4034
1689018808945,-681,4034
1689018808947,-681,4034
1689018808950,-681,4034
1689018808953,-681,4034
1689018808956,-681,4034
1689018808958,-681,4034
1689018808961,-681,4034
1689018808964,-681,4034
1689018808967,-681,4034
1689018808969,-681,4034
1689018808972,-681,4034
1689018808975,-681,4034
1689018808978,-681,4034
1689018808981,-681,4034
1689018808983,-681,4034
1689018808986,-681,4034
1689018808989,-681,4034
1689018808992,-681,4034
1689018808994,-681,4034
1689018808997,-681,4034
1689018809000,-681,4034
1689018809003,-681,4034
1689018809006,-681,4034
1689018809009,-681,4034
1689018809012,-681,4034
1689018809014,-681,4034
1689018809017,-681,4034
1689018809020,-681,4034
1689018809023,-681,4034
1689018809026,-681,4034
1689018809029,-681,4034
1689018809032,-681,4034
1689018809034,-681,4034
1689018809037,-681,4034
1689018809040,-681,4034
1689018809043,-681,4034
1689018809046,-681,4034
1689018809048,-681,4034
1689018809051,-681,4034
1689018809054,-681,4034
1689018809057,-681,4034
1689018809060,-681,4034
1689018809063,-681,4034
1689018809066,-681,4034
1689018809069,-681,4034
1689018809071,-681,4034
1689018809074,-681,4034
1689018809077,-681,4034
1689018809080,-681,4034
1689018809083,-681,4034
1689018809086,-681,4034
1689018809088,-681,4034
1689018809091,-681,4034
1689018809094,-681,4034
1689018809097,-681,4034
1689018809099,-681,4034
1689018809102,-681,4034
1689018809105,-681,4034
1689018809108,-681,4034
1689018809111,-681,4034
1689018809114,-681,4034
1689018809117,-681,4034
1689018809120,-681,4034
1689018809123,-681,4034
1689018809125,-681,4034
1689018809128,-681,4034
1689018809131,-681,4034
1689018809134,-681,4034
1689018809137,-681,4034
1689018809140,-681,4034
1689018809143,-681,4034
1689018809145,-681,4034
1689018809148,-681,4034
1689018809151,-681,4034
1689018809154,-681,4034
1689018809157,-681,4034
1689018809159,-681,4034
1689018809162,-681,4034
1689018809165,-681,4034
1689018809168,-681,4034
1689018809171,-681,4034
1689018809174,-681,4034
1689018809176,-681,4034
1689018809179,-681,4034
1689018809182,-681,4034
1689018809185,-681,4034
1689018809188,-681,4034
1689018809191,-681,4034
1689018809193,-681,4034
1689018809196,-681,4034
1689018809199,-681,4034
1689018809202,-681,4034
1689018809205,-681,4034
1689018809207,-681,4034
1689018809210,-681,4034
1689018809213,-681,4034
1689018809216,-681,4034
1689018809219,-681,4034
1689018809222,-681,4034
1689018809225,-681,4034
1689018809227,-681,4034
1689018809230,-681,4034
1689018809242,-681,4034
1689018809245,-681,4034
1689018809248,-681,4034
1689018809250,-681,4034
1689018809253,-681,4034
1689018809256,-681,4034
1689018809259,-681,4034
1689018809262,-681,4034
1689018809264,-681,4034
1689018809267,-681,4034
1689018809270,-681,4034
1689018809273,-681,4034
1689018809276,-681,4034
1689018809279,-681,4034
1689018809281,-681,4034
1689018809284,-681,4034
1689018809287,-681,4034
1689018809290,-681,4034
1689018809293,-681,4034
1689018809295,-681,4034
1689018809298,-681,4034
1689018809301,-681,4034
1689018809304,-681,4034
1689018809306,-681,4034
1689018809310,-681,4034
1689018809312,-681,4034
1689018809315,-681,4034
1689018809318,-681,4034
1689018809321,-681,4034
1689018809324,-681,4034
1689018809327,-681,4034
1689018809329,-681,4034
1689018809332,-681,4034
1689018809335,-681,4034
1689018809338,-681,4034
1689018809341,-681,4034
1689018809344,-681,4034
1689018809346,-681,4034
1689018809349,-681,4034
1689018809352,-681,4034
1689018809355,-681,4034
1689018809358,-681,4034
1689018809360,-681,4034
1689018809363,-681,4034
1689018809366,-681,4034
1689018809369,-681,4034
1689018809372,-681,4034
1689018809374,-681,4034
1689018809377,-681,4034
1689018809380,-681,4034
1689018809383,-681,4034
1689018809386,-681,4034
1689018809388,-681,4034
1689018809391,-681,4034
1689018809394,-681,4034
1689018809397,-681,4034
1689018809400,-681,4034
1689018809403,-681,4034
1689018809405,-681,4034
1689018809408,-681,4034
1689018809411,-681,4034
1689018809414,-681,4034
1689018809417,-681,4034
1689018809420,-681,4034
1689018809422,-681,4034
1689018809425,-681,4034
1689018809428,-681,4034
1689018809431,-681,4034
1689018809434,-681,4034
1689018809437,-681,4034
1689018809439,-681,4034
1689018809442,-681,4034
1689018809445,-681,4034
1689018809448,-681,4034
1689018809450,-681,4034
1689018809453,-681,4034
1689018809456,-681,4034
1689018809459,-681,4034
1689018809462,-681,4034
1689018809465,-681,4034
1689018809467,-681,4034
1689018809470,-681,4034
1689018809473,-681,4034
1689018809476,-681,4034
1689018809479,-681,4034
1689018809481,-681,4034
1689018809484,-681,4034
1689018809487,-681,4034
1689018809490,-681,4034
1689018809492,-681,4034
1689018809495,-681,4034
1689018809498,-681,4034
1689018809501,-681,4034
1689018809504,-681,4034
1689018809507,-681,4034
1689018809510,-681,4034
1689018809512,-681,4034
1689018809515,-681,4034
1689018809518,-681,4034
1689018809521,-681,4034
1689018809523,-681,4034
1689018809526,-681,4034
1689018809529,-681,4034
1689018809532,-681,4034
1689018809535,-681,4034
1689018809537,-681,4034
1689018809540,-681,4034
1689018809543,-681,4034
1689018809546,-681,4034
1689018809549,-681,4034
1689018809552,-681,4034
1689018809555,-681,4034
1689018809557,-681,4034
1689018809560,-681,4034
1689018809563,-681,4034
1689018809566,-681,4034
1689018809569,-681,4034
1689018809571,-681,4034
1689018809574,-681,4034
1689018809577,-681,4034
1689018809580,-681,4034
1689018809582,-681,4034
1689018809585,-681,4034
1689018809588,-681,4034
1689018809591,-681,4034
1689018809594,-681,4034
1689018809597,-681,4034
1689018809600,-681,4034
1689018809602,-681,4034
1689018809605,-681,4034
1689018809608,-681,4034
1689018809611,-681,4034
1689018809613,-681,4034
1689018809616,-681,4034
1689018809619,-681,4034
1689018809622,-681,4034
1689018809625,-681,4034
1689018809628,-681,4034
1689018809631,-681,4034
1689018809634,-681,4034
1689018809636,-681,4034
1689018809639,-681,4034
1689018809642,-681,4034
1689018809645,-681,4034
1689018809647,-681,4034
1689018809650,-681,4034
1689018809653,-681,4034
1689018809656,-681,4034
1689018809659,-681,4034
1689018809662,-681,4034
1689018809665,-681,4034
1689018809668,-681,4034
1689018809670,-681,4034
1689018809673,-681,4034
1689018809676,-681,4034
1689018809679,-681,4034
1689018809682,-681,4034
1689018809684,-681,4034
1689018809687,-681,4034
1689018809690,-681,4034
1689018809693,-681,4034
1689018809701,-681,4034
1689018809704,-681,4034
1689018809707,-681,4034
1689018809710,-681,4034
1689018809713,-681,4034
1689018809716,-681,4034
1689018809719,-681,4034
1689018809722,-681,4034
1689018809725,-681,4034
1689018809728,-681,4034
1689018809731,-681,4034
1689018809734,-681,4034
1689018809737,-681,4034
1689018809740,-681,4034
1689018809743,-681,4034
1689018809745,-681,4034
1689018809748,-681,4034
1689018809751,-681,4034
1689018809754,-681,4034
1689018809757,-681,4034
1689018809760,-681,4034
1689018809762,-681,4034
1689018809765,-681,4034
1689018809768,-681,4034
1689018809771,-681,4034
1689018809773,-681,4034
1689018809776,-681,4034
1689018809779,-681,4034
1689018809782,-681,4034
1689018809785,-681,4034
1689018809788,-681,4034
1689018809790,-681,4034
1689018809793,-681,4034
1689018809796,-681,4034
1689018809799,-681,4034
1689018809802,-681,4034
1689018809804,-681,4034
1689018809807,-681,4034
1689018809810,-681,4034
1689018809813,-681,4034
1689018809816,-681,4034
1689018809818,-681,4034
1689018809821,-681,4034
1689018809824,-681,4034
1689018809827,-681,4034
1689018809830,-681,4034
1689018809832,-681,4034
1689018809835,-681,4034
1689018809838,-681,4034
1689018809841,-681,4034
1689018809844,-681,4034
1689018809846,-681,4034
1689018809849,-681,4034
1689018809852,-681,4034
1689018809855,-681,4034
1689018809858,-681,4034
1689018809860,-681,4034
1689018809863,-681,4034
1689018809866,-681,4034
1689018809869,-681,4034
1689018809872,-681,4034
1689018809875,-681,4034
1689018809877,-681,4034
1689018809880,-681,4034
1689018809883,-681,4034
1689018809886,-681,4034
1689018809889,-681,4034
1689018809892,-681,4034
1689018809894,-681,4034
1689018809897,-681,4034
1689018809900,-681,4034
1689018809903,-681,4034
1689018809906,-681,4034
1689018809908,-681,4034
1689018809911,-681,4034
1689018809914,-681,4034
1689018809917,-681,4034
1689018809920,-681,4034
1689018809922,-681,4034
1689018809925,-681,4034
1689018809928,-681,4034
1689018809931,-681,4034
1689018809934,-681,4034
1689018809936,-681,4034
1689018809940,-681,4034
1689018809942,-681,4034
1689018809945,-681,4034
1689018809948,-681,4034
1689018809951,-681,4034
1689018809953,-681,4034
1689018809956,-681,4034
1689018809959,-681,4034
1689018809962,-681,4034
1689018809965,-681,4034
1689018809968,-681,4034
1689018809971,-681,4034
1689018809974,-681,4034
1689018809977,-681,4034
1689018809980,-681,4034
1689018809983,-681,4034
1689018809986,-681,4034
1689018809989,-681,4034
1689018809992,-681,4034
1689018809995,-681,4034
1689018809998,-681,4034
1689018810001,-681,4034
1689018810004,-681,4034
1689018810007,-681,4034
1689018810010,-681,4034
1689018810013,-681,4034
1689018810016,-681,4034
1689018810019,-681,4034
1689018810022,-681,4034
1689018810025,-681,4034
1689018810028,-681,4034
1689018810031,-681,4034
1689018810034,-681,4034
1689018810037,-681,4034
1689018810039,-681,4034
1689018810042,-681,4034
1689018810045,-681,4034
1689018810048,-681,4034
1689018810051,-681,4034
1689018810053,-681,4034
1689018810056,-681,4034
1689018810059,-681,4034
1689018810062,-681,4034
1689018810065,-681,4034
1689018810067,-681,4034
1689018810070,-681,4034
1689018810073,-681,4034
1689018810076,-681,4034
1689018810078,-681,4034
1689018810081,-681,4034
1689018810084,-681,4034
1689018810087,-681,4034
1689018810090,-681,4034
1689018810092,-681,4034
1689018810095,-681,4034
1689018810098,-681,4034
1689018810101,-681,4034
1689018810104,-681,4034
1689018810106,-681,4034
1689018810109,-681,4034
1689018810112,-681,4034
1689018810115,-681,4034
1689018810117,-681,4034
1689018810120,-681,4034
1689018810123,-681,4034
1689018810126,-681,4034
1689018810129,-681,4034
1689018810131,-681,4034
1689018810134,-681,4034
1689018810137,-681,4034
1689018810140,-681,4034
1689018810143,-681,4034
1689018810146,-681,4034
1689018810149,-681,4034
1689018810152,-681,4034
1689018810154,-681,4034
1689018810157,-681,4034
1689018810160,-681,4034
1689018810163,-681,4034
1689018810166,-681,4034
1689018810169,-681,4034
1689018810172,-681,4034
1689018810174,-681,4034
1689018810177,-681,4034
1689018810180,-681,4034
1689018810183,-681,4034
1689018810186,-681,4034
1689018810188,-681,4034
1689018810191,-681,4034
1689018810194,-681,4034
1689018810197,-681,4034
1689018810200,-681,4034
1689018810203,-681,4034
1689018810206,-681,4034
1689018810208,-681,4034
1689018810211,-681,4034
1689018810214,-681,4034
1689018810217,-681,4034
1689018810219,-681,4034
1689018810222,-681,4034
1689018810225,-681,4034
1689018810228,-681,4034
1689018810231,-681,4034
1689018810233,-681,4034
1689018810236,-681,4034
1689018810239,-681,4034
1689018810242,-681,4034
1689018810245,-681,4034
1689018810247,-681,4034
1689018810250,-681,4034
1689018810253,-681,4034
1689018810256,-681,4034
1689018810259,-681,4034
1689018810261,-681,4034
1689018810264,-681,4034
1689018810267,-681,4034
1689018810270,-681,4034
1689018810273,-681,4034
1689018810277,-681,4034
1689018810279,-681,4034
1689018810286,-681,4034
1689018810289,-681,4034
1689018810292,-681,4034
1689018810295,-681,4034
1689018810298,-681,4034
1689018810301,-681,4034
1689018810303,-681,4034
1689018810306,-681,4034
1689018810309,-681,4034
1689018810312,-681,4034
1689018810315,-681,4034
1689018810317,-681,4034
1689018810320,-681,4034
1689018810323,-681,4034
1689018810326,-681,4034
1689018810329,-681,4034
1689018810331,-681,4034
1689018810334,-681,4034
1689018810337,-681,4034
1689018810340,-681,4034
1689018810343,-681,4034
1689018810345,-681,4034
1689018810348,-681,4034
1689018810351,-681,4034
1689018810354,-681,4034
1689018810356,-681,4034
1689018810360,-681,4034
1689018810362,-681,4034
1689018810365,-681,4034
1689018810368,-681,4034
1689018810371,-681,4034
1689018810374,-681,4034
1689018810377,-681,4034
1689018810379,-681,4034
1689018810382,-681,4034
1689018810385,-681,4034
1689018810388,-681,4034
1689018810390,-681,4034
1689018810393,-681,4034
1689018810396,-681,4034
1689018810399,-681,4034
1689018810401,-681,4034
1689018810404,-681,4034
1689018810407,-681,4034
1689018810410,-681,4034
1689018810413,-681,4034
1689018810415,-681,4034
1689018810418,-681,4034
1689018810421,-681,4034
1689018810424,-681,4034
1689018810427,-681,4034
1689018810429,-681,4034
1689018810432,-681,4034
1689018810435,-681,4034
1689018810438,-681,4034
1689018810440,-681,4034
1689018810443,-681,4034
1689018810446,-681,4034
1689018810449,-681,4034
1689018810451,-681,4034
1689018810454,-681,4034
1689018810457,-681,4034
1689018810460,-681,4034
1689018810463,-681,4034
1689018810466,-681,4034
1689018810469,-681,4034
1689018810472,-681,4034
1689018810475,-681,4034
1689018810478,-681,4034
1689018810480,-681,4034
1689018810483,-681,4034
1689018810486,-681,4034
1689018810489,-681,4034
1689018810492,-681,4034
1689018810495,-681,4034
1689018810498,-681,4034
1689018810501,-681,4034
1689018810503,-681,4034
1689018810506,-681,4034
1689018810509,-681,4034
1689018810512,-681,4034
1689018810515,-681,4034
1689018810517,-681,4034
1689018810520,-681,4034
1689018810523,-681,4034
1689018810526,-681,4034
1689018810529,-681,4034
1689018810531,-681,4034
1689018810534,-681,4034
1689018810537,-681,4034
1689018810540,-681,4034
1689018810543,-681,4034
1689018810545,-681,4034
1689018810548,-681,4034
1689018810551,-681,4034
1689018810554,-681,4034
1689018810556,-681,4034
1689018810559,-681,4034
1689018810562,-681,4034
1689018810565,-681,4034
1689018810568,-681,4034
1689018810570,-681,4034
1689018810573,-681,4034
1689018810576,-681,4034
1689018810579,-681,4034
1689018810582,-681,4034
1689018810584,-681,4034
1689018810587,-681,4034
1689018810590,-681,4034
1689018810593,-681,4034
1689018810596,-681,4034
1689018810599,-681,4034
1689018810602,-681,4034
1689018810604,-681,4034
1689018810607,-681,4034
1689018810610,-681,4034
1689018810613,-681,4034
1689018810615,-681,4034
1689018810618,-681,4034
1689018810621,-681,4034
1689018810624,-681,4034
1689018810627,-681,4034
1689018810630,-681,4034
1689018810632,-681,4034
1689018810635,-681,4034
1689018810638,-681,4034
1689018810641,-681,4034
1689018810644,-681,4034
1689018810646,-681,4034
1689018810649,-681,4034
1689018810652,-681,4034
1689018810655,-681,4034
1689018810658,-681,4034
1689018810660,-681,4034
1689018810663,-681,4034
1689018810666,-681,4034
1689018810669,-681,4034
1689018810671,-681,4034
1689018810674,-681,4034
1689018810677,-681,4034
1689018810680,-681,4034
1689018810683,-681,4034
1689018810686,-681,4034
1689018810688,-681,4034
1689018810691,-681,4034
1689018810694,-681,4034
1689018810697,-681,4034
1689018810700,-681,4034
1689018810703,-681,4034
1689018810705,-681,4034
1689018810708,-681,4034
1689018810711,-681,4034
1689018810714,-681,4034
1689018810716,-681,4034
1689018810719,-681,4034
1689018810722,-681,4034
1689018810725,-681,4034
1689018810728,-681,4034
1689018810730,-681,4034
1689018810733,-681,4034
1689018810736,-681,4034
1689018810739,-681,4034
1689018810742,-681,4034
1689018810744,-681,4034
1689018810747,-681,4034
1689018810750,-681,4034
1689018810753,-681,4034
1689018810755,-681,4034
1689018810759,-681,4034
1689018810761,-681,4034
1689018810764,-681,4034
1689018810767,-681,4034
1689018810770,-681,4034
1689018810773,-681,4034
1689018810776,-681,4034
1689018810779,-681,4034
1689018810782,-681,4034
1689018810785,-681,4034
1689018810788,-681,4034
1689018810790,-681,4034
1689018810793,-681,4034
1689018810796,-681,4034
1689018810799,-681,4034
1689018810801,-681,4034
1689018810804,-681,4034
1689018810807,-681,4034
1689018810810,-681,4034
1689018810813,-681,4034
1689018810815,-681,4034
1689018810818,-681,4034
1689018810821,-681,4034
1689018810824,-681,4034
1689018810827,-681,4034
1689018810829,-681,4034
1689018810832,-681,4034
1689018810835,-681,4034
1689018810838,-681,4034
1689018810841,-681,4034
1689018810843,-681,4034
1689018810846,-681,4034
1689018810849,-681,4034
1689018810852,-681,4034
1689018810855,-681,4034
1689018810857,-681,4034
1689018810860,-681,4034
1689018810863,-681,4034
1689018810866,-681,4034
1689018810869,-681,4034
1689018810871,-681,4034
1689018810874,-681,4034
1689018810877,-681,4034
1689018810880,-681,4034
1689018810883,-681,4034
1689018810885,-681,4034
1689018810888,-681,4034
1689018810891,-681,4034
1689018810894,-681,4034
1689018810897,-681,4034
1689018810899,-681,4034
1689018810902,-681,4034
1689018810905,-681,4034
1689018810908,-681,4034
1689018810911,-681,4034
1689018810913,-681,4034
1689018810916,-681,4034
1689018810919,-681,4034
1689018810922,-681,4034
1689018810925,-681,4034
1689018810928,-681,4034
1689018810930,-681,4034
1689018810933,-681,4034
1689018810936,-681,4034
1689018810939,-681,4034
1689018810942,-681,4034
1689018810944,-681,4034
1689018810947,-681,4034
1689018810950,-681,4034
1689018810953,-681,4034
1689018810956,-681,4034
1689018810959,-681,4034
1689018810962,-681,4034
1689018810964,-681,4034
1689018810967,-681,4034
1689018810970,-681,4034
1689018810973,-681,4034
1689018810976,-681,4034
1689018810979,-681,4034
1689018810982,-681,4034
1689018810984,-681,4034
1689018810987,-681,4034
1689018810990,-681,4034
1689018810993,-681,4034
1689018810996,-681,4034
1689018810999,-681,4034
1689018811001,-681,4034
1689018811004,-681,4034
1689018811007,-681,4034
1689018811010,-681,4034
1689018811013,-681,4034
1689018811016,-681,4034
1689018811018,-681,4034
1689018811021,-681,4034
1689018811024,-681,4034
1689018811027,-681,4034
1689018811030,-681,4034
1689018811033,-681,4034
1689018811036,-681,4034
1689018811039,-681,4034
1689018811041,-681,4034
1689018811044,-681,4034
1689018811047,-681,4034
1689018811050,-681,4034
1689018811052,-681,4034
1689018811055,-681,4034
1689018811058,-681,4034
1689018811061,-681,4034
1689018811064,-681,4034
1689018811066,-681,4034
1689018811069,-681,4034
1689018811072,-681,4034
1689018811075,-681,4034
1689018811078,-681,4034
1689018811080,-681,4034
1689018811083,-681,4034
1689018811086,-681,4034
1689018811089,-681,4034
1689018811092,-681,4034
1689018811095,-681,4034
1689018811097,-681,4034
1689018811100,-681,4034
1689018811103,-681,4034
1689018811106,-681,4034
1689018811109,-681,4034
1689018811111,-681,4034
1689018811114,-681,4034
1689018811118,-681,4034
1689018811120,-681,4034
1689018811123,-681,4034
1689018811126,-681,4034
1689018811129,-681,4034
1689018811132,-681,4034
1689018811135,-681,4034
1689018811138,-681,4034
1689018811141,-681,4034
1689018811144,-681,4034
1689018811147,-681,4034
1689018811149,-681,4034
1689018811152,-681,4034
1689018811155,-681,4034
1689018811158,-681,4034
1689018811161,-681,4034
1689018811164,-681,4034
1689018811166,-681,4034
1689018811173,-681,4034
1689018811176,-681,4034
1689018811179,-681,4034
1689018811182,-681,4034
1689018811185,-681,4034
1689018811188,-681,4034
1689018811191,-681,4034
1689018811194,-681,4034
1689018811197,-681,4034
1689018811200,-681,4034
1689018811203,-681,4034
1689018811206,-681,4034
1689018811209,-681,4034
1689018811212,-681,4034
1689018811215,-681,4034
1689018811217,-681,4034
1689018811220,-681,4034
1689018811223,-681,4034
1689018811226,-681,4034
1689018811229,-681,4034
1689018811232,-681,4034
1689018811234,-681,4034
1689018811237,-681,4034
1689018811240,-681,4034
1689018811243,-681,4034
1689018811245,-681,4034
1689018811248,-681,4034
1689018811251,-681,4034
1689018811254,-681,4034
1689018811256,-681,4034
1689018811259,-681,4034
1689018811262,-681,4034
1689018811265,-681,4034
1689018811268,-681,4034
1689018811271,-681,4034
1689018811273,-681,4034
1689018811276,-681,4034
1689018811279,-681,4034
1689018811282,-681,4034
1689018811284,-681,4034
1689018811287,-681,4034
1689018811290,-681,4034
1689018811293,-681,4034
1689018811296,-681,4034
1689018811298,-681,4034
1689018811301,-681,4034
1689018811304,-681,4034
1689018811306,-681,4034
1689018811309,-681,4034
1689018811312,-681,4034
1689018811315,-681,4034
1689018811318,-681,4034
1689018811320,-681,4034
1689018811323,-681,4034
1689018811326,-681,4034
1689018811329,-681,4034
1689018811332,-681,4034
1689018811334,-681,4034
1689018811337,-681,4034
1689018811340,-681,4034
1689018811342,-681,4034
1689018811345,-681,4034
1689018811348,-681,4034
1689018811351,-681,4034
1689018811354,-681,4034
1689018811356,-681,4034
1689018811359,-681,4034
1689018811362,-681,4034
1689018811365,-681,4034
1689018811368,-681,4034
1689018811371,-681,4034
1689018811374,-681,4034
1689018811376,-681,4034
1689018811379,-681,4034
1689018811382,-681,4034
1689018811385,-681,4034
1689018811387,-681,4034
1689018811390,-681,4034
1689018811393,-681,4034
1689018811396,-681,4034
1689018811398,-681,4034
1689018811401,-681,4034
1689018811404,-681,4034
1689018811407,-681,4034
1689018811409,-681,4034
1689018811412,-681,4034
1689018811415,-681,4034
1689018811418,-681,4034
1689018811420,-681,4034
1689018811423,-681,4034
1689018811426,-681,4034
1689018811429,-681,4034
1689018811432,-681,4034
1689018811435,-681,4034
1689018811437,-681,4034
1689018811440,-681,4034
1689018811443,-681,4034
1689018811446,-681,4034
1689018811448,-681,4034
1689018811451,-681,4034
1689018811454,-681,4034
1689018811457,-681,4034
1689018811459,-681,4034
1689018811462,-681,4034
1689018811465,-681,4034
1689018811468,-681,4034
1689018811471,-681,4034
1689018811473,-681,4034
1689018811476,-681,4034
1689018811479,-681,4034
1689018811482,-681,4034
1689018811484,-681,4034
1689018811487,-681,4034
1689018811490,-681,4034
1689018811493,-681,4034
1689018811496,-681,4034
1689018811499,-681,4034
1689018811501,-681,4034
1689018811504,-681,4034
1689018811507,-681,4034
1689018811510,-681,4034
1689018811513,-681,4034
1689018811515,-681,4034
1689018811518,-681,4034
1689018811521,-681,4034
1689018811524,-681,4034
1689018811526,-681,4034
1689018811529,-681,4034
1689018811532,-681,4034
1689018811535,-681,4034
1689018811538,-681,4034
1689018811540,-681,4034
1689018811543,-681,4034
1689018811546,-681,4034
1689018811549,-681,4034
1689018811552,-681,4034
1689018811554,-681,4034
1689018811557,-681,4034
1689018811560,-681,4034
1689018811563,-681,4034
1689018811566,-681,4034
1689018811568,-681,4034
1689018811571,-681,4034
1689018811574,-681,4034
1689018811577,-681,4034
1689018811580,-681,4034
1689018811583,-681,4034
1689018811585,-681,4034
1689018811588,-681,4034
1689018811591,-681,4034
1689018811594,-681,4034
1689018811597,-681,4034
1689018811600,-681,4034
1689018811602,-681,4034
1689018811605,-681,4034
1689018811608,-681,4034
1689018811611,-681,4034
1689018811614,-681,4034
1689018811616,-681,4034
1689018811619,-681,4034
1689018811622,-681,4034
1689018811625,-681,4034
1689018811628,-681,4034
1689018811631,-681,4034
1689018811633,-681,4034
1689018811636,-681,4034
1689018811639,-681,4034
1689018811642,-681,4034
1689018811645,-681,4034
1689018811647,-681,4034
1689018811650,-681,4034
1689018811653,-681,4034
1689018811656,-681,4034
1689018811659,-681,4034
1689018811662,-681,4034
1689018811664,-681,4034
1689018811667,-681,4034
1689018811670,-681,4034
1689018811673,-681,4034
1689018811675,-681,4034
1689018811678,-681,4034
1689018811681,-681,4034
1689018811684,-681,4034
1689018811687,-681,4034
1689018811690,-681,4034
1689018811692,-681,4034
1689018811695,-681,4034
1689018811698,-681,4034
1689018811701,-681,4034
1689018811704,-681,4034
1689018811706,-681,4034
1689018811709,-681,4034
1689018811712,-681,4034
1689018811715,-681,4034
1689018811718,-681,4034
1689018811720,-681,4034
1689018811723,-681,4034
1689018811726,-681,4034
1689018811729,-681,4034
1689018811732,-681,4034
1689018811735,-681,4034
1689018811738,-681,4034
1689018811740,-681,4034
1689018811743,-681,4034
1689018811746,-681,4034
1689018811749,-681,4034
1689018811751,-681,4034
1689018811754,-681,4034
1689018811757,-681,4034
1689018811760,-681,4034
1689018811763,-681,4034
1689018811766,-681,4034
1689018811768,-681,4034
1689018811771,-681,4034
1689018811774,-681,4034
1689018811777,-681,4034
1689018811779,-681,4034
1689018811782,-681,4034
1689018811785,-681,4034
1689018811788,-681,4034
1689018811790,-681,4034
1689018811793,-681,4034
1689018811796,-681,4034
1689018811799,-681,4034
1689018811802,-681,4034
1689018811804,-681,4034
1689018811807,-681,4034
1689018811810,-681,4034
1689018811813,-681,4034
1689018811815,-681,4034
1689018811818,-681,4034
1689018811821,-681,4034
1689018811824,-681,4034
1689018811826,-681,4034
1689018811829,-681,4034
1689018811832,-681,4034
1689018811835,-681,4034
1689018811837,-681,4034
1689018811840,-681,4034
1689018811843,-681,4034
1689018811846,-681,4034
1689018811848,-681,4034
1689018811851,-681,4034
1689018811854,-681,4034
1689018811857,-681,4034
1689018811860,-681,4034
1689018811862,-681,4034
1689018811865,-681,4034
1689018811868,-681,4034
1689018811871,-681,4034
1689018811874,-681,4034
1689018811876,-681,4034
1689018811879,-681,4034
1689018811882,-681,4034
1689018811885,-681,4034
1689018811888,-681,4034
1689018811890,-681,4034
1689018811893,-681,4034
1689018811896,-681,4034
1689018811899,-681,4034
1689018811902,-681,4034
1689018811905,-681,4034
1689018811907,-681,4034
1689018811910,-681,4034
1689018811913,-681,4034
1689018811916,-681,4034
1689018811918,-681,4034
1689018811921,-681,4034
1689018811924,-681,4034
1689018811927,-681,4034
1689018811930,-681,4034
1689018811933,-681,4034
1689018811935,-681,4034
1689018811938,-681,4034
1689018811941,-681,4034
1689018811944,-681,4034
1689018811947,-681,4034
1689018811949,-681,4034
1689018811952,-681,4034
1689018811955,-681,4034
1689018811958,-681,4034
1689018811961,-681,4034
1689018811964,-681,4034
1689018811967,-681,4034
1689018811970,-681,4034
1689018811973,-681,4034
1689018811976,-681,4034
1689018811979,-681,4034
1689018811982,-681,4034
1689018811985,-681,4034
1689018811987,-681,4034
1689018811990,-681,4034
1689018811993,-681,4034
1689018811996,-681,4034
1689018811999,-681,4034
1689018812002,-681,4034
1689018812005,-681,4034
1689018812008,-681,4034
1689018812011,-681,4034
1689018812014,-681,4034
1689018812017,-681,4034
1689018812019,-681,4034
1689018812022,-681,4034
1689018812031,-681,4034
1689018812034,-681,4034
1689018812037,-681,4034
1689018812039,-681,4034
1689018812042,-681,4034
1689018812046,-681,4034
1689018812048,-681,4034
1689018812051,-681,4034
1689018812054,-681,4034
1689018812057,-681,4034
1689018812060,-681,4034
1689018812063,-681,4034
1689018812066,-681,4034
1689018812068,-681,4034
1689018812071,-681,4034
1689018812074,-681,4034
1689018812077,-681,4034
1689018812080,-681,4034
1689018812083,-681,4034
1689018812085,-681,4034
1689018812088,-681,4034
1689018812091,-681,4034
1689018812094,-681,4034
1689018812097,-681,4034
1689018812099,-681,4034
1689018812103,-681,4034
1689018812105,-681,4034
1689018812108,-681,4034
1689018812111,-681,4034
1689018812114,-681,4034
1689018812117,-681,4034
1689018812120,-681,4034
1689018812123,-681,4034
1689018812126,-681,4034
1689018812129,-681,4034
1689018812132,-681,4034
1689018812135,-681,4034
1689018812138,-681,4034
1689018812140,-681,4034
1689018812144,-681,4034
1689018812146,-681,4034
1689018812149,-681,4034
1689018812152,-681,4034
1689018812155,-681,4034
1689018812158,-681,4034
1689018812160,-681,4034
1689018812163,-681,4034
1689018812166,-681,4034
1689018812169,-681,4034
1689018812172,-681,4034
1689018812174,-681,4034
1689018812177,-681,4034
1689018812180,-681,4034
1689018812183,-681,4034
1689018812186,-681,4034
1689018812188,-681,4034
1689018812191,-681,4034
1689018812194,-681,4034
1689018812197,-681,4034
1689018812199,-681,4034
1689018812202,-681,4034
1689018812205,-681,4034
1689018812208,-681,4034
1689018812211,-681,4034
1689018812214,-681,4034
1689018812217,-681,4034
1689018812219,-681,4034
1689018812222,-681,4034
1689018812225,-681,4034
1689018812228,-681,4034
1689018812231,-681,4034
1689018812233,-681,4034
1689018812236,-681,4034
1689018812239,-681,4034
1689018812242,-681,4034
1689018812245,-681,4034
1689018812248,-681,4034
1689018812250,-681,4034
1689018812253,-681,4034
1689018812256,-681,4034
1689018812259,-681,4034
1689018812262,-681,4034
1689018812265,-681,4034
1689018812268,-681,4034
1689018812271,-681,4034
1689018812274,-681,4034
1689018812276,-681,4034
1689018812279,-681,4034
1689018812282,-681,4034
1689018812285,-681,4034
1689018812288,-681,4034
1689018812291,-681,4034
1689018812294,-681,4034
1689018812296,-681,4034
1689018812299,-681,4034
1689018812302,-681,4034
1689018812305,-681,4034
1689018812308,-681,4034
1689018812310,-681,4034
1689018812313,-681,4034
1689018812316,-681,4034
1689018812319,-681,4034
1689018812322,-681,4034
1689018812324,-681,4034
1689018812328,-681,4034
1689018812330,-681,4034
1689018812333,-681,4034
1689018812336,-681,4034
1689018812339,-681,4034
1689018812342,-681,4034
1689018812345,-681,4034
1689018812347,-681,4034
1689018812350,-681,4034
1689018812353,-681,4034
1689018812356,-681,4034
1689018812359,-681,4034
1689018812362,-681,4034
1689018812364,-681,4034
1689018812367,-681,4034
1689018812370,-681,4034
1689018812373,-681,4034
1689018812376,-681,4034
1689018812379,-681,4034
1689018812382,-681,4034
1689018812384,-681,4034
1689018812387,-681,4034
1689018812390,-681,4034
1689018812393,-681,4034
1689018812396,-681,4034
1689018812399,-681,4034
1689018812402,-681,4034
1689018812404,-681,4034
1689018812407,-681,4034
1689018812410,-681,4034
1689018812414,-681,4034
1689018812417,-681,4034
1689018812420,-681,4034
1689018812422,-681,4034
1689018812425,-681,4034
1689018812428,-681,4034
1689018812431,-681,4034
1689018812434,-681,4034
1689018812437,-681,4034
1689018812439,-681,4034
1689018812442,-681,4034
1689018812445,-681,4034
1689018812448,-681,4034
1689018812451,-681,4034
1689018812454,-681,4034
1689018812456,-681,4034
1689018812459,-681,4034
1689018812462,-681,4034
1689018812465,-681,4034
1689018812468,-681,4034
1689018812471,-681,4034
1689018812474,-681,4034
1689018812476,-681,4034
1689018812479,-681,4034
1689018812482,-681,4034
1689018812485,-681,4034
1689018812487,-681,4034
1689018812490,-681,4034
1689018812493,-681,4034
1689018812496,-681,4034
1689018812499,-681,4034
1689018812502,-681,4034
1689018812504,-681,4034
1689018812507,-681,4034
1689018812510,-681,4034
1689018812513,-681,4034
1689018812516,-681,4034
1689018812519,-681,4034
1689018812522,-681,4034
1689018812525,-681,4034
1689018812528,-681,4034
1689018812530,-681,4034
1689018812533,-681,4034
1689018812536,-681,4034
1689018812539,-681,4034
1689018812542,-681,4034
1689018812545,-681,4034
1689018812547,-681,4034
1689018812550,-681,4034
1689018812553,-681,4034
1689018812556,-681,4034
1689018812559,-681,4034
1689018812562,-681,4034
1689018812564,-681,4034
1689018812567,-681,4034
1689018812570,-681,4034
1689018812573,-681,4034
1689018812576,-681,4034
1689018812579,-681,4034
1689018812581,-681,4034
1689018812584,-681,4034
1689018812587,-681,4034
1689018812590,-681,4034
1689018812593,-681,4034
1689018812596,-681,4034
1689018812598,-681,4034
1689018812601,-681,4034
1689018812604,-681,4034
1689018812607,-681,4034
1689018812610,-681,4034
1689018812613,-681,4034
1689018812616,-681,4034
1689018812619,-681,4034
1689018812622,-681,4034
1689018812624,-681,4034
1689018812627,-681,4034
1689018812630,-681,4034
1689018812633,-681,4034
1689018812636,-681,4034
1689018812639,-681,4034
1689018812642,-681,4034
1689018812644,-681,4034
1689018812647,-681,4034
1689018812650,-681,4034
1689018812653,-681,4034
1689018812655,-681,4034
1689018812658,-681,4034
1689018812661,-681,4034
1689018812664,-681,4034
1689018812667,-681,4034
1689018812670,-681,4034
1689018812672,-681,4034
1689018812675,-681,4034
1689018812678,-681,4034
1689018812681,-681,4034
1689018812684,-681,4034
1689018812687,-681,4034
1689018812690,-681,4034
1689018812693,-681,4034
1689018812696,-681,4034
1689018812699,-681,4034
1689018812702,-681,4034
1689018812704,-681,4034
1689018812707,-681,4034
1689018812710,-681,4034
1689018812713,-681,4034
1689018812716,-681,4034
1689018812719,-681,4034
1689018812722,-681,4034
1689018812725,-681,4034
1689018812728,-681,4034
1689018812731,-681,4034
1689018812734,-681,4034
1689018812736,-681,4034
1689018812739,-681,4034
1689018812742,-681,4034
1689018812745,-681,4034
1689018812748,-681,4034
1689018812751,-681,4034
1689018812754,-681,4034
1689018812756,-681,4034
1689018812759,-681,4034
1689018812762,-681,4034
1689018812765,-681,4034
1689018812768,-681,4034
1689018812771,-681,4034
1689018812773,-681,4034
1689018812776,-681,4034
1689018812779,-681,4034
1689018812782,-681,4034
1689018812785,-681,4034
1689018812787,-681,4034
1689018812790,-681,4034
1689018812793,-681,4034
1689018812796,-681,4034
1689018812799,-681,4034
1689018812802,-681,4034
1689018812804,-681,4034
1689018812807,-681,4034
1689018812810,-681,4034
1689018812813,-681,4034
1689018812816,-681,4034
1689018812819,-681,4034
1689018812822,-681,4034
1689018812825,-681,4034
1689018812828,-681,4034
1689018812831,-681,4034
1689018812834,-681,4034
1689018812836,-681,4034
1689018812839,-681,4034
1689018812842,-681,4034
1689018812845,-681,4034
1689018812848,-681,4034
1689018812850,-681,4034
1689018812853,-681,4034
1689018812856,-681,4034
1689018812859,-681,4034
1689018812862,-681,4034
1689018812865,-681,4034
1689018812867,-681,4034
1689018812870,-681,4034
1689018812874,-681,4034
1689018812876,-681,4034
1689018812879,-681,4034
1689018812882,-681,4034
1689018812885,-681,4034
1689018812888,-681,4034
1689018812891,-681,4034
1689018812894,-681,4034
1689018812897,-681,4034
1689018812900,-681,4034
1689018812902,-681,4034
1689018812905,-681,4034
1689018812908,-681,4034
1689018812911,-681,4034
1689018812914,-681,4034
1689018812917,-681,4034
1689018812919,-681,4034
1689018812923,-681,4034
1689018812926,-681,4034
1689018812929,-681,4034
1689018812931,-681,4034
1689018812934,-681,4034
1689018812937,-681,4034
1689018812940,-681,4034
1689018812943,-681,4034
1689018812946,-681,4034
1689018812948,-681,4034
1689018812951,-681,4034
1689018812954,-681,4034
1689018812957,-681,4034
1689018812960,-681,4034
1689018812963,-681,4034
1689018812966,-681,4034
1689018812968,-681,4034
1689018812971,-681,4034
1689018812974,-681,4034
1689018812977,-681,4034
1689018812980,-681,4034
1689018812983,-681,4034
1689018812986,-681,4034
1689018812989,-681,4034
1689018812992,-681,4034
1689018812995,-681,4034
1689018812998,-681,4034
1689018813001,-681,4034
1689018813004,-681,4034
1689018813008,-681,4034
1689018813011,-681,4034
1689018813015,-681,4034
1689018813017,-681,4034
1689018813020,-681,4034
1689018813026,-681,4034
1689018813029,-681,4034
1689018813033,-681,4034
1689018813035,-681,4034
1689018813038,-681,4034
1689018813042,-681,4034
1689018813044,-681,4034
1689018813047,-681,4034
1689018813050,-681,4034
1689018813053,-681,4034
1689018813056,-681,4034
1689018813059,-681,4034
1689018813062,-681,4034
1689018813065,-681,4034
1689018813068,-681,4034
1689018813070,-681,4034
1689018813073,-681,4034
1689018813076,-681,4034
1689018813079,-681,4034
1689018813082,-681,4034
1689018813085,-681,4034
1689018813087,-681,4034
1689018813090,-681,4034
1689018813093,-681,4034
1689018813096,-681,4034
1689018813099,-681,4034
1689018813101,-681,4034
1689018813104,-681,4034
1689018813107,-681,4034
1689018813110,-681,4034
1689018813112,-681,4034
1689018813115,-681,4034
1689018813118,-681,4034
1689018813121,-681,4034
1689018813124,-681,4034
1689018813127,-681,4034
1689018813130,-681,4034
1689018813133,-681,4034
1689018813136,-681,4034
1689018813139,-681,4034
1689018813142,-681,4034
1689018813145,-681,4034
1689018813148,-681,4034
1689018813151,-681,4034
1689018813154,-681,4034
1689018813157,-681,4034
1689018813160,-681,4034
1689018813162,-681,4034
1689018813165,-681,4034
1689018813168,-681,4034
1689018813171,-681,4034
1689018813174,-681,4034
1689018813176,-681,4034
1689018813179,-681,4034
1689018813182,-681,4034
1689018813185,-681,4034
1689018813188,-681,4034
1689018813191,-681,4034
1689018813193,-681,4034
1689018813196,-681,4034
1689018813199,-681,4034
1689018813202,-681,4034
1689018813205,-681,4034
1689018813207,-681,4034
1689018813210,-681,4034
1689018813213,-681,4034
1689018813216,-681,4034
1689018813219,-681,4034
1689018813222,-681,4034
1689018813224,-681,4034
1689018813227,-681,4034
1689018813230,-681,4034
1689018813233,-681,4034
1689018813236,-681,4034
1689018813239,-681,4034
1689018813242,-681,4034
1689018813245,-681,4034
1689018813247,-681,4034
1689018813250,-681,4034
1689018813253,-681,4034
1689018813256,-681,4034
1689018813259,-681,4034
1689018813262,-681,4034
1689018813264,-681,4034
1689018813267,-681,4034
1689018813270,-681,4034
1689018813273,-681,4034
1689018813276,-681,4034
1689018813279,-681,4034
1689018813281,-681,4034
1689018813284,-681,4034
1689018813287,-681,4034
1689018813290,-681,4034
1689018813293,-681,4034
1689018813296,-681,4034
1689018813299,-681,4034
1689018813302,-681,4034
1689018813304,-681,4034
1689018813307,-681,4034
1689018813310,-681,4034
1689018813313,-681,4034
1689018813316,-681,4034
1689018813320,-681,4034
1689018813323,-681,4034
1689018813326,-681,4034
1689018813329,-681,4034
1689018813331,-681,4034
1689018813334,-681,4034
1689018813337,-681,4034
1689018813340,-681,4034
1689018813343,-681,4034
1689018813346,-681,4034
1689018813349,-681,4034
1689018813352,-681,4034
1689018813355,-681,4034
1689018813358,-681,4034
1689018813360,-681,4034
1689018813363,-681,4034
1689018813366,-681,4034
1689018813369,-681,4034
1689018813372,-681,4034
1689018813374,-681,4034
1689018813377,-681,4034
1689018813380,-681,4034
1689018813385,-681,4034
1689018813388,-681,4034
1689018813391,-681,4034
1689018813394,-681,4034
1689018813397,-681,4034
1689018813399,-681,4034
1689018813403,-681,4034
1689018813406,-681,4034
1689018813409,-681,4034
1689018813412,-681,4034
1689018813414,-681,4034
1689018813417,-681,4034
1689018813420,-681,4034
1689018813423,-681,4034
1689018813426,-681,4034
1689018813429,-681,4034
1689018813432,-681,4034
1689018813435,-681,4034
1689018813438,-681,4034
1689018813441,-681,4034
1689018813444,-681,4034
1689018813447,-681,4034
1689018813449,-681,4034
1689018813452,-681,4034
1689018813455,-681,4034
1689018813458,-681,4034
1689018813461,-681,4034
1689018813463,-681,4034
1689018813466,-681,4034
1689018813469,-681,4034
1689018813472,-681,4034
1689018813475,-681,4034
1689018813478,-681,4034
1689018813480,-681,4034
1689018813483,-681,4034
1689018813486,-681,4034
1689018813489,-681,4034
1689018813492,-681,4034
1689018813495,-681,4034
1689018813498,-681,4034
1689018813501,-681,4034
1689018813504,-681,4034
1689018813507,-681,4034
1689018813509,-681,4034
1689018813512,-681,4034
1689018813515,-681,4034
1689018813518,-681,4034
1689018813521,-681,4034
1689018813524,-681,4034
1689018813527,-681,4034
1689018813530,-681,4034
1689018813533,-681,4034
1689018813536,-681,4034
1689018813539,-681,4034
1689018813542,-681,4034
1689018813545,-681,4034
1689018813547,-681,4034
1689018813550,-681,4034
1689018813553,-681,4034
1689018813556,-681,4034
1689018813559,-681,4034
1689018813562,-681,4034
1689018813564,-681,4034
1689018813567,-681,4034
1689018813570,-681,4034
1689018813573,-681,4034
1689018813576,-681,4034
1689018813579,-681,4034
1689018813582,-681,4034
1689018813584,-681,4034
1689018813587,-681,4034
1689018813590,-681,4034
1689018813593,-681,4034
1689018813595,-681,4034
1689018813598,-681,4034
1689018813601,-681,4034
1689018813604,-681,4034
1689018813607,-681,4034
1689018813610,-681,4034
1689018813612,-681,4034
1689018813615,-681,4034
1689018813618,-681,4034
1689018813621,-681,4034
1689018813624,-681,4034
1689018813627,-681,4034
1689018813630,-681,4034
1689018813632,-681,4034
1689018813635,-681,4034
1689018813639,-681,4034
1689018813642,-681,4034
1689018813645,-681,4034
1689018813648,-681,4034
1689018813651,-681,4034
1689018813653,-681,4034
1689018813656,-681,4034
1689018813659,-681,4034
1689018813662,-681,4034
1689018813665,-681,4034
1689018813668,-681,4034
1689018813670,-681,4034
1689018813673,-681,4034
1689018813676,-681,4034
1689018813679,-681,4034
1689018813682,-681,4034
1689018813685,-681,4034
1689018813687,-681,4034
1689018813690,-681,4034
1689018813693,-681,4034
1689018813696,-681,4034
1689018813699,-681,4034
1689018813702,-681,4034
1689018813704,-681,4034
1689018813707,-681,4034
1689018813710,-681,4034
1689018813713,-681,4034
1689018813716,-681,4034
1689018813718,-681,4034
1689018813721,-681,4034
1689018813724,-681,4034
1689018813727,-681,4034
1689018813730,-681,4034
1689018813734,-681,4034
1689018813737,-681,4034
1689018813739,-681,4034
1689018813743,-681,4034
1689018813746,-681,4034
1689018813749,-681,4034
1689018813752,-681,4034
1689018813754,-681,4034
1689018813757,-681,4034
1689018813760,-681,4034
1689018813763,-681,4034
1689018813766,-681,4034
1689018813768,-681,4034
1689018813771,-681,4034
1689018813774,-681,4034
1689018813777,-681,4034
1689018813780,-681,4034
1689018813783,-681,4034
1689018813786,-681,4034
1689018813789,-681,4034
1689018813792,-681,4034
1689018813795,-681,4034
1689018813798,-681,4034
1689018813801,-681,4034
1689018813804,-681,4034
1689018813806,-681,4034
1689018813809,-681,4034
1689018813812,-681,4034
1689018813815,-681,4034
1689018813818,-681,4034
1689018813820,-681,4034
1689018813823,-681,4034
1689018813826,-681,4034
1689018813829,-681,4034
1689018813832,-681,4034
1689018813836,-681,4034
1689018813838,-681,4034
1689018813841,-681,4034
1689018813845,-681,4034
1689018813848,-681,4034
1689018813851,-681,4034
1689018813854,-681,4034
1689018813856,-681,4034
1689018813859,-681,4034
1689018813862,-681,4034
1689018813865,-681,4034
1689018813868,-681,4034
1689018813871,-681,4034
1689018813874,-681,4034
1689018813877,-681,4034
1689018813880,-681,4034
1689018813882,-681,4034
1689018813886,-681,4034
1689018813889,-681,4034
1689018813892,-681,4034
1689018813895,-681,4034
1689018813897,-681,4034
1689018813900,-681,4034
1689018813903,-681,4034
1689018813906,-681,4034
1689018813909,-681,4034
1689018813911,-681,4034
1689018813914,-681,4034
1689018813917,-681,4034
1689018813920,-681,4034
1689018813923,-681,4034
1689018813925,-681,4034
1689018813928,-681,4034
1689018813931,-681,4034
1689018813934,-681,4034
1689018813937,-681,4034
1689018813940,-681,4034
1689018813943,-681,4034
1689018813948,-681,4034
1689018813950,-681,4034
1689018813953,-681,4034
1689018813956,-681,4034
1689018813959,-681,4034
1689018813962,-681,4034
1689018813965,-681,4034
1689018813968,-681,4034
1689018813971,-681,4034
1689018813974,-681,4034
1689018813976,-681,4034
1689018813979,-681,4034
1689018813982,-681,4034
1689018813985,-681,4034
1689018813988,-681,4034
1689018813991,-681,4034
1689018813993,-681,4034
1689018813996,-681,4034
1689018813999,-681,4034
1689018814002,-681,4034
1689018814005,-681,4034
1689018814008,-681,4034
1689018814011,-681,4034
1689018814013,-681,4034
1689018814018,-681,4034
1689018814021,-681,4034
1689018814029,-681,4034
1689018814032,-681,4034
1689018814035,-681,4034
1689018814038,-681,4034
1689018814041,-681,4034
1689018814044,-681,4034
1689018814047,-681,4034
1689018814050,-681,4034
1689018814053,-681,4034
1689018814056,-681,4034
1689018814059,-681,4034
1689018814062,-681,4034
1689018814065,-681,4034
1689018814068,-681,4034
1689018814071,-681,4034
1689018814074,-681,4034
1689018814077,-681,4034
1689018814080,-681,4034
1689018814083,-681,4034
1689018814086,-681,4034
1689018814088,-681,4034
1689018814092,-681,4034
1689018814094,-681,4034
1689018814097,-681,4034
1689018814100,-681,4034
1689018814103,-681,4034
1689018814106,-681,4034
1689018814108,-681,4034
1689018814111,-681,4034
1689018814114,-681,4034
1689018814117,-681,4034
1689018814120,-681,4034
1689018814123,-681,4034
1689018814125,-681,4034
1689018814128,-681,4034
1689018814131,-681,4034
1689018814134,-681,4034
1689018814137,-681,4034
1689018814139,-681,4034
1689018814142,-681,4034
1689018814147,-681,4034
1689018814150,-681,4034
1689018814153,-681,4034
1689018814156,-681,4034
1689018814159,-681,4034
1689018814162,-681,4034
1689018814165,-681,4034
1689018814167,-681,4034
1689018814170,-681,4034
1689018814173,-681,4034
1689018814176,-681,4034
1689018814179,-681,4034
1689018814182,-681,4034
1689018814184,-681,4034
1689018814187,-681,4034
1689018814190,-681,4034
1689018814193,-681,4034
1689018814196,-681,4034
1689018814199,-681,4034
1689018814201,-681,4034
1689018814204,-681,4034
1689018814207,-681,4034
1689018814210,-681,4034
1689018814213,-681,4034
1689018814215,-681,4034
1689018814218,-681,4034
1689018814221,-681,4034
1689018814224,-681,4034
1689018814227,-681,4034
1689018814230,-681,4034
1689018814233,-681,4034
1689018814236,-681,4034
1689018814239,-681,4034
1689018814242,-681,4034
1689018814245,-681,4034
1689018814247,-681,4034
1689018814250,-681,4034
1689018814253,-681,4034
1689018814257,-681,4034
1689018814260,-681,4034
1689018814262,-681,4034
1689018814265,-681,4034
1689018814268,-681,4034
1689018814271,-681,4034
1689018814274,-681,4034
1689018814276,-681,4034
1689018814279,-681,4034
1689018814282,-681,4034
1689018814285,-681,4034
1689018814288,-681,4034
1689018814291,-681,4034
1689018814294,-681,4034
1689018814296,-681,4034
1689018814299,-681,4034
1689018814302,-681,4034
1689018814305,-681,4034
1689018814308,-681,4034
1689018814310,-681,4034
1689018814313,-681,4034
1689018814316,-681,4034
1689018814319,-681,4034
1689018814322,-681,4034
1689018814324,-681,4034
1689018814328,-681,4034
1689018814331,-681,4034
1689018814334,-681,4034
1689018814337,-681,4034
1689018814340,-681,4034
1689018814342,-681,4034
1689018814345,-681,4034
1689018814348,-681,4034
1689018814351,-681,4034
1689018814354,-681,4034
1689018814357,-681,4034
1689018814360,-681,4034
1689018814363,-681,4034
1689018814366,-681,4034
1689018814369,-681,4034
1689018814371,-681,4034
1689018814374,-681,4034
1689018814378,-681,4034
1689018814381,-681,4034
1689018814383,-681,4034
1689018814387,-681,4034
1689018814390,-681,4034
1689018814393,-681,4034
1689018814395,-681,4034
1689018814398,-681,4034
1689018814401,-681,4034
1689018814404,-681,4034
1689018814407,-681,4034
1689018814410,-681,4034
1689018814413,-681,4034
1689018814416,-681,4034
1689018814419,-681,4034
1689018814421,-681,4034
1689018814424,-681,4034
1689018814427,-681,4034
1689018814430,-681,4034
1689018814433,-681,4034
1689018814436,-681,4034
1689018814438,-681,4034
1689018814441,-681,4034
1689018814444,-681,4034
1689018814447,-681,4034
1689018814450,-681,4034
1689018814453,-681,4034
1689018814456,-681,4034
1689018814459,-681,4034
1689018814462,-681,4034
1689018814465,-681,4034
1689018814467,-681,4034
1689018814470,-681,4034
1689018814473,-681,4034
1689018814476,-681,4034
1689018814479,-681,4034
1689018814482,-681,4034
1689018814484,-681,4034
1689018814487,-681,4034
1689018814490,-681,4034
1689018814493,-681,4034
1689018814496,-681,4034
1689018814499,-681,4034
1689018814502,-681,4034
1689018814504,-681,4034
1689018814507,-681,4034
1689018814510,-681,4034
1689018814513,-681,4034
1689018814515,-681,4034
1689018814518,-681,4034
1689018814521,-681,4034
1689018814524,-681,4034
1689018814527,-681,4034
1689018814531,-681,4034
1689018814534,-681,4034
1689018814536,-681,4034
1689018814539,-681,4034
1689018814542,-681,4034
1689018814545,-681,4034
1689018814548,-681,4034
1689018814550,-681,4034
1689018814553,-681,4034
1689018814556,-681,4034
1689018814559,-681,4034
1689018814562,-681,4034
1689018814565,-681,4034
1689018814568,-681,4034
1689018814571,-681,4034
1689018814574,-681,4034
1689018814577,-681,4034
1689018814579,-681,4034
1689018814583,-681,4034
1689018814586,-681,4034
1689018814589,-681,4034
1689018814591,-681,4034
1689018814594,-681,4034
1689018814597,-681,4034
1689018814605,-681,4034
1689018814608,-681,4034
1689018814611,-681,4034
1689018814614,-681,4034
1689018814618,-681,4034
1689018814620,-681,4034
1689018814623,-681,4034
1689018814626,-681,4034
1689018814629,-681,4034
1689018814632,-681,4034
1689018814635,-681,4034
1689018814638,-681,4034
1689018814641,-681,4034
1689018814644,-681,4034
1689018814646,-681,4034
1689018814649,-681,4034
1689018814652,-681,4034
1689018814655,-681,4034
1689018814658,-681,4034
1689018814661,-681,4034
1689018814664,-681,4034
1689018814666,-681,4034
1689018814669,-681,4034
1689018814672,-681,4034
1689018814675,-681,4034
1689018814678,-681,4034
1689018814681,-681,4034
1689018814684,-681,4034
1689018814686,-681,4034
1689018814689,-681,4034
1689018814692,-681,4034
1689018814695,-681,4034
1689018814698,-681,4034
1689018814701,-681,4034
1689018814703,-681,4034
1689018814706,-681,4034
1689018814709,-681,4034
1689018814712,-681,4034
1689018814715,-681,4034
1689018814718,-681,4034
1689018814721,-681,4034
1689018814724,-681,4034
1689018814727,-681,4034
1689018814730,-681,4034
1689018814732,-681,4034
1689018814736,-681,4034
1689018814739,-681,4034
1689018814742,-681,4034
1689018814744,-681,4034
1689018814747,-681,4034
1689018814750,-681,4034
1689018814753,-681,4034
1689018814756,-681,4034
1689018814759,-681,4034
1689018814762,-681,4034
1689018814765,-681,4034
1689018814768,-681,4034
1689018814770,-681,4034
1689018814773,-681,4034
1689018814776,-681,4034
1689018814779,-681,4034
1689018814782,-681,4034
1689018814784,-681,4034
1689018814788,-681,4034
1689018814791,-681,4034
1689018814794,-681,4034
1689018814796,-681,4034
1689018814799,-681,4034
1689018814802,-681,4034
1689018814805,-681,4034
1689018814808,-681,4034
1689018814811,-681,4034
1689018814813,-681,4034
1689018814817,-681,4034
1689018814819,-681,4034
1689018814822,-681,4034
1689018814825,-681,4034
1689018814828,-681,4034
1689018814831,-681,4034
1689018814834,-681,4034
1689018814837,-681,4034
1689018814840,-681,4034
1689018814843,-681,4034
1689018814846,-681,4034
1689018814849,-681,4034
1689018814851,-681,4034
1689018814854,-681,4034
1689018814857,-681,4034
1689018814860,-681,4034
1689018814863,-681,4034
1689018814865,-681,4034
1689018814868,-681,4034
1689018814871,-681,4034
1689018814874,-681,4034
1689018814877,-681,4034
1689018814880,-681,4034
1689018814882,-681,4034
1689018814886,-681,4034
1689018814889,-681,4034
1689018814891,-681,4034
1689018814894,-681,4034
1689018814897,-681,4034
1689018814900,-681,4034
1689018814903,-681,4034
1689018814906,-681,4034
1689018814908,-681,4034
1689018814911,-681,4034
1689018814914,-681,4034
1689018814917,-681,4034
1689018814920,-681,4034
1689018814923,-681,4034
1689018814926,-681,4034
1689018814928,-681,4034
1689018814932,-681,4034
1689018814934,-681,4034
1689018814937,-681,4034
1689018814940,-681,4034
1689018814943,-681,4034
1689018814946,-681,4034
1689018814949,-681,4034
1689018814951,-681,4034
1689018814954,-681,4034
1689018814957,-681,4034
1689018814960,-681,4034
1689018814963,-681,4034
1689018814966,-681,4034
1689018814969,-681,4034
1689018814972,-681,4034
1689018814975,-681,4034
1689018814978,-681,4034
1689018814980,-681,4034
1689018814983,-681,4034
1689018814986,-681,4034
1689018814989,-681,4034
1689018814992,-681,4034
1689018814995,-681,4034
1689018814998,-681,4034
1689018815000,-681,4034
1689018815003,-681,4034
1689018815006,-681,4034
1689018815009,-681,4034
1689018815012,-681,4034
1689018815015,-681,4034
1689018815018,-681,4034
1689018815021,-681,4034
1689018815023,-681,4034
1689018815026,-681,4034
1689018815029,-681,4034
1689018815032,-681,4034
1689018815035,-681,4034
1689018815038,-681,4034
1689018815041,-681,4034
1689018815044,-681,4034
1689018815047,-681,4034
1689018815049,-681,4034
1689018815052,-681,4034
1689018815055,-681,4034
1689018815058,-681,4034
1689018815061,-681,4034
1689018815063,-681,4034
1689018815066,-681,4034
1689018815069,-681,4034
1689018815072,-681,4034
1689018815075,-681,4034
1689018815078,-681,4034
1689018815081,-681,4034
1689018815084,-681,4034
1689018815087,-681,4034
1689018815090,-681,4034
1689018815092,-681,4034
1689018815095,-681,4034
1689018815098,-681,4034
1689018815101,-681,4034
1689018815104,-681,4034
1689018815106,-681,4034
1689018815109,-681,4034
1689018815112,-681,4034
1689018815115,-681,4034
1689018815118,-681,4034
1689018815121,-681,4034
1689018815125,-681,4034
1689018815127,-681,4034
1689018815130,-681,4034
1689018815133,-681,4034
1689018815136,-681,4034
1689018815138,-681,4034
1689018815141,-681,4034
1689018815144,-681,4034
1689018815147,-681,4034
1689018815150,-681,4034
1689018815153,-681,4034
1689018815156,-681,4034
1689018815159,-681,4034
1689018815162,-681,4034
1689018815165,-681,4034
1689018815168,-681,4034
1689018815171,-681,4034
1689018815174,-681,4034
1689018815177,-681,4034
1689018815180,-681,4034
1689018815183,-681,4034
1689018815186,-681,4034
1689018815188,-681,4034
1689018815191,-681,4034
1689018815194,-681,4034
1689018815197,-681,4034
1689018815200,-681,4034
1689018815203,-681,4034
1689018815206,-681,4034
1689018815208,-681,4034
1689018815211,-681,4034
1689018815214,-681,4034
1689018815217,-681,4034
1689018815219,-681,4034
1689018815222,-681,4034
1689018815225,-681,4034
1689018815228,-681,4034
1689018815231,-681,4034
1689018815234,-681,4034
1689018815237,-681,4034
1689018815239,-681,4034
1689018815242,-681,4034
1689018815245,-681,4034
1689018815248,-681,4034
1689018815251,-681,4034
1689018815254,-681,4034
1689018815256,-681,4034
1689018815259,-681,4034
1689018815262,-681,4034
1689018815265,-681,4034
1689018815268,-681,4034
1689018815271,-681,4034
1689018815274,-681,4034
1689018815277,-681,4034
1689018815280,-681,4034
1689018815283,-681,4034
1689018815286,-681,4034
1689018815288,-681,4034
1689018815292,-681,4034
1689018815294,-681,4034
1689018815297,-681,4034
1689018815300,-681,4034
1689018815303,-681,4034
1689018815306,-681,4034
1689018815309,-681,4034
1689018815311,-681,4034
1689018815314,-681,4034
1689018815317,-681,4034
1689018815320,-681,4034
1689018815323,-681,4034
1689018815326,-681,4034
1689018815328,-681,4034
1689018815331,-681,4034
1689018815334,-681,4034
1689018815337,-681,4034
1689018815340,-681,4034
1689018815342,-681,4034
1689018815345,-681,4034
1689018815348,-681,4034
1689018815351,-681,4034
1689018815354,-681,4034
1689018815357,-681,4034
1689018815360,-681,4034
1689018815362,-681,4034
1689018815365,-681,4034
1689018815368,-681,4034
1689018815371,-681,4034
1689018815374,-681,4034
1689018815377,-681,4034
1689018815380,-681,4034
1689018815383,-681,4034
1689018815386,-681,4034
1689018815389,-681,4034
1689018815392,-681,4034
1689018815395,-681,4034
1689018815398,-681,4034
1689018815400,-681,4034
1689018815403,-681,4034
1689018815406,-681,4034
1689018815409,-681,4034
1689018815412,-681,4034
1689018815415,-681,4034
1689018815418,-681,4034
1689018815420,-681,4034
1689018815423,-681,4034
1689018815426,-681,4034
1689018815429,-681,4034
1689018815432,-681,4034
1689018815435,-681,4034
1689018815438,-681,4034
1689018815441,-681,4034
1689018815443,-681,4034
1689018815446,-681,4034
1689018815449,-681,4034
1689018815452,-681,4034
1689018815455,-681,4034
1689018815458,-681,4034
1689018815460,-681,4034
1689018815463,-681,4034
1689018815466,-681,4034
1689018815469,-681,4034
1689018815472,-681,4034
1689018815475,-681,4034
1689018815478,-681,4034
1689018815481,-681,4034
1689018815484,-681,4034
1689018815487,-681,4034
1689018815490,-681,4034
1689018815493,-681,4034
1689018815495,-681,4034
1689018815498,-681,4034
1689018815501,-681,4034
1689018815504,-681,4034
1689018815507,-681,4034
1689018815510,-681,4034
1689018815512,-681,4034
1689018815515,-681,4034
1689018815518,-681,4034
1689018815521,-681,4034
1689018815524,-681,4034
1689018815526,-681,4034
1689018815529,-681,4034
1689018815532,-681,4034
1689018815535,-681,4034
1689018815538,-681,4034
1689018815541,-681,4034
1689018815543,-681,4034
1689018815546,-681,4034
1689018815549,-681,4034
1689018815552,-681,4034
1689018815555,-681,4034
1689018815558,-681,4034
1689018815560,-681,4034
1689018815563,-681,4034
1689018815566,-681,4034
1689018815569,-681,4034
1689018815572,-681,4034
1689018815575,-681,4034
1689018815578,-681,4034
1689018815580,-681,4034
1689018815583,-681,4034
1689018815587,-681,4034
1689018815590,-681,4034
1689018815592,-681,4034
1689018815595,-681,4034
1689018815598,-681,4034
1689018815601,-681,4034
1689018815604,-681,4034
1689018815607,-681,4034
1689018815610,-681,4034
1689018815612,-681,4034
1689018815615,-681,4034
1689018815618,-681,4034
1689018815621,-681,4034
1689018815624,-681,4034
1689018815627,-681,4034
1689018815630,-681,4034
1689018815632,-681,4034
1689018815635,-681,4034
1689018815638,-681,4034
1689018815641,-681,4034
1689018815644,-681,4034
1689018815647,-681,4034
1689018815649,-681,4034
1689018815652,-681,4034
1689018815655,-681,4034
1689018815658,-681,4034
1689018815661,-681,4034
1689018815663,-681,4034
1689018815666,-681,4034
1689018815669,-681,4034
1689018815672,-681,4034
1689018815675,-681,4034
1689018815678,-681,4034
1689018815681,-681,4034
1689018815684,-681,4034
1689018815687,-681,4034
1689018815690,-681,4034
1689018815693,-681,4034
1689018815696,-681,4034
1689018815698,-681,4034
1689018815701,-681,4034
1689018815704,-681,4034
1689018815707,-681,4034
1689018815710,-681,4034
1689018815712,-681,4034
1689018815715,-681,4034
1689018815718,-681,4034
1689018815721,-681,4034
1689018815724,-681,4034
1689018815727,-681,4034
1689018815729,-681,4034
1689018815732,-681,4034
1689018815735,-681,4034
1689018815738,-681,4034
1689018815741,-681,4034
1689018815744,-681,4034
1689018815747,-681,4034
1689018815749,-681,4034
1689018815752,-681,4034
1689018815755,-681,4034
1689018815758,-681,4034
1689018815761,-681,4034
1689018815764,-681,4034
1689018815766,-681,4034
1689018815769,-681,4034
1689018815772,-681,4034
1689018815775,-681,4034
1689018815778,-681,4034
1689018815781,-681,4034
1689018815783,-681,4034
1689018815786,-681,4034
1689018815789,-681,4034
1689018815792,-681,4034
1689018815795,-681,4034
1689018815798,-681,4034
1689018815801,-681,4034
1689018815804,-681,4034
1689018815807,-681,4034
1689018815809,-681,4034
1689018815812,-681,4034
1689018815815,-681,4034
1689018815818,-681,4034
1689018815821,-681,4034
1689018815824,-681,4034
1689018815827,-681,4034
1689018815829,-681,4034
1689018815832,-681,4034
1689018815835,-681,4034
1689018815838,-681,4034
1689018815841,-681,4034
1689018815844,-681,4034
1689018815846,-681,4034
1689018815849,-681,4034
1689018815852,-681,4034
1689018815855,-681,4034
1689018815858,-681,4034
1689018815860,-681,4034
1689018815863,-681,4034
1689018815866,-681,4034
1689018815869,-681,4034
1689018815872,-681,4034
1689018815875,-681,4034
1689018815878,-681,4034
1689018815880,-681,4034
1689018815883,-681,4034
1689018815886,-681,4034
1689018815889,-681,4034
1689018815892,-681,4034
1689018815895,-681,4034
1689018815898,-681,4034
1689018815900,-681,4034
1689018815903,-681,4034
1689018815906,-681,4034
1689018815909,-681,4034
1689018815912,-681,4034
1689018815915,-681,4034
1689018815917,-681,4034
1689018815920,-681,4034
1689018815923,-681,4034
1689018815926,-681,4034
1689018815929,-681,4034
1689018815932,-681,4034
1689018815934,-681,4034
1689018815937,-681,4034
1689018815940,-681,4034
1689018815943,-681,4034
1689018815946,-681,4034
1689018815949,-681,4034
1689018815952,-681,4034
1689018815954,-681,4034
1689018815957,-681,4034
1689018815960,-681,4034
1689018815963,-681,4034
1689018815966,-681,4034
1689018815969,-681,4034
1689018815971,-681,4034
1689018815974,-681,4034
1689018815977,-681,4034
1689018815980,-681,4034
1689018815983,-681,4034
1689018815986,-681,4034
1689018815989,-681,4034
1689018815991,-681,4034
1689018815994,-681,4034
1689018815998,-681,4034
1689018816001,-681,4034
1689018816004,-681,4034
1689018816007,-681,4034
1689018816011,-681,4034
1689018816014,-681,4034
1689018816017,-681,4034
1689018816020,-681,4034
1689018816023,-681,4034
1689018816026,-681,4034
1689018816029,-681,4034
1689018816032,-681,4034
1689018816035,-681,4034
1689018816038,-681,4034
1689018816040,-681,4034
1689018816043,-681,4034
1689018816046,-681,4034
1689018816049,-681,4034
1689018816052,-681,4034
1689018816055,-681,4034
1689018816058,-681,4034
1689018816060,-681,4034
1689018816063,-681,4034
1689018816066,-681,4034
1689018816069,-681,4034
1689018816072,-681,4034
1689018816074,-681,4034
1689018816077,-681,4034
1689018816080,-681,4034
1689018816083,-681,4034
1689018816086,-681,4034
1689018816089,-681,4034
1689018816091,-681,4034
1689018816095,-681,4034
1689018816098,-681,4034
1689018816101,-681,4034
1689018816104,-681,4034
1689018816106,-681,4034
1689018816109,-681,4034
1689018816112,-681,4034
1689018816115,-681,4034
1689018816118,-681,4034
1689018816121,-681,4034
1689018816123,-681,4034
1689018816126,-681,4034
1689018816129,-681,4034
1689018816132,-681,4034
1689018816135,-681,4034
1689018816138,-681,4034
1689018816140,-681,4034
1689018816143,-681,4034
1689018816146,-681,4034
1689018816149,-681,4034
1689018816152,-681,4034
1689018816156,-681,4034
1689018816159,-681,4034
1689018816162,-681,4034
1689018816165,-681,4034
1689018816168,-681,4034
1689018816171,-681,4034
1689018816174,-681,4034
1689018816176,-681,4034
1689018816179,-681,4034
1689018816182,-681,4034
1689018816185,-681,4034
1689018816188,-681,4034
1689018816190,-681,4034
1689018816193,-681,4034
1689018816196,-681,4034
1689018816199,-681,4034
1689018816202,-681,4034
1689018816205,-681,4034
1689018816208,-681,4034
1689018816212,-681,4034
1689018816216,-681,4034
1689018816220,-681,4034
1689018816224,-681,4034
1689018816232,-681,4034
1689018816236,-681,4034
1689018816239,-681,4034
1689018816242,-681,4034
1689018816245,-681,4034
1689018816252,-681,4034
1689018816254,-681,4034
1689018816258,-681,4034
1689018816261,-681,4034
1689018816264,-681,4034
1689018816268,-681,4034
1689018816271,-681,4034
1689018816274,-681,4034
1689018816278,-681,4034
1689018816283,-681,4034
1689018816286,-681,4034
1689018816291,-681,4034
1689018816294,-681,4034
1689018816300,-681,4034
1689018816304,-681,4034
1689018816307,-681,4034
1689018816310,-681,4034
1689018816313,-681,4034
1689018816316,-681,4034
1689018816319,-681,4034
1689018816323,-681,4034
1689018816326,-681,4034
1689018816330,-681,4034
1689018816333,-681,4034
1689018816337,-681,4034
1689018816340,-681,4034
1689018816343,-681,4034
1689018816349,-681,4034
1689018816353,-681,4034
1689018816357,-681,4034
1689018816359,-681,4034
1689018816362,-681,4034
1689018816365,-681,4034
1689018816368,-681,4034
1689018816371,-681,4034
1689018816374,-681,4034
1689018816377,-681,4034
1689018816380,-681,4034
1689018816383,-681,4034
1689018816385,-681,4034
1689018816388,-681,4034
1689018816391,-681,4034
1689018816394,-681,4034
1689018816397,-681,4034
1689018816400,-681,4034
1689018816403,-681,4034
1689018816406,-681,4034
1689018816409,-681,4034
1689018816412,-681,4034
1689018816414,-681,4034
1689018816417,-681,4034
1689018816420,-681,4034
1689018816423,-681,4034
1689018816426,-681,4034
1689018816429,-681,4034
1689018816431,-681,4034
1689018816434,-681,4034
1689018816437,-681,4034
1689018816440,-681,4034
1689018816443,-681,4034
1689018816446,-681,4034
1689018816449,-681,4034
1689018816451,-681,4034
1689018816454,-681,4034
1689018816457,-681,4034
1689018816460,-681,4034
1689018816463,-681,4034
1689018816465,-681,4034
1689018816468,-681,4034
1689018816471,-681,4034
1689018816474,-681,4034
1689018816477,-681,4034
1689018816480,-681,4034
1689018816483,-681,4034
1689018816485,-681,4034
1689018816488,-681,4034
1689018816491,-681,4034
1689018816494,-681,4034
1689018816497,-681,4034
1689018816500,-681,4034
1689018816502,-681,4034
1689018816505,-681,4034
1689018816508,-681,4034
1689018816511,-681,4034
1689018816514,-681,4034
1689018816517,-681,4034
1689018816519,-681,4034
1689018816522,-681,4034
1689018816525,-681,4034
1689018816528,-681,4034
1689018816531,-681,4034
1689018816534,-681,4034
1689018816537,-681,4034
1689018816539,-681,4034
1689018816542,-681,4034
1689018816545,-681,4034
1689018816548,-681,4034
1689018816551,-681,4034
1689018816554,-681,4034
1689018816556,-681,4034
1689018816559,-681,4034
1689018816562,-681,4034
1689018816565,-681,4034
1689018816568,-681,4034
1689018816571,-681,4034
1689018816573,-681,4034
1689018816576,-681,4034
1689018816579,-681,4034
1689018816582,-681,4034
1689018816585,-681,4034
1689018816587,-681,4034
1689018816590,-681,4034
1689018816593,-681,4034
1689018816596,-681,4034
1689018816599,-681,4034
1689018816602,-681,4034
1689018816605,-681,4034
1689018816608,-681,4034
1689018816611,-681,4034
1689018816614,-681,4034
1689018816617,-681,4034
1689018816620,-681,4034
1689018816623,-681,4034
1689018816626,-681,4034
1689018816629,-681,4034
1689018816632,-681,4034
1689018816634,-681,4034
1689018816637,-681,4034
1689018816640,-681,4034
1689018816643,-681,4034
1689018816646,-681,4034
1689018816649,-681,4034
1689018816651,-681,4034
1689018816654,-681,4034
1689018816657,-681,4034
1689018816660,-681,4034
1689018816663,-681,4034
1689018816666,-681,4034
1689018816669,-681,4034
1689018816672,-681,4034
1689018816674,-681,4034
1689018816677,-681,4034
1689018816680,-681,4034
1689018816683,-681,4034
1689018816686,-681,4034
1689018816689,-681,4034
1689018816692,-681,4034
1689018816695,-681,4034
1689018816698,-681,4034
1689018816700,-681,4034
1689018816703,-681,4034
1689018816706,-681,4034
1689018816709,-681,4034
1689018816712,-681,4034
1689018816715,-681,4034
1689018816718,-681,4034
1689018816721,-681,4034
1689018816724,-681,4034
1689018816727,-681,4034
1689018816729,-681,4034
1689018816732,-681,4034
1689018816735,-681,4034
1689018816738,-681,4034
1689018816741,-681,4034
1689018816744,-681,4034
1689018816747,-681,4034
1689018816750,-681,4034
1689018816752,-681,4034
1689018816755,-681,4034
1689018816758,-681,4034
1689018816761,-681,4034
1689018816764,-681,4034
1689018816767,-681,4034
1689018816769,-681,4034
1689018816772,-681,4034
1689018816775,-681,4034
1689018816778,-681,4034
1689018816781,-681,4034
1689018816783,-681,4034
1689018816786,-681,4034
1689018816789,-681,4034
1689018816792,-681,4034
1689018816795,-681,4034
1689018816798,-681,4034
1689018816800,-681,4034
1689018816804,-681,4034
1689018816806,-681,4034
1689018816809,-681,4034
1689018816813,-681,4034
1689018816816,-681,4034
1689018816818,-681,4034
1689018816821,-681,4034
1689018816824,-681,4034
1689018816827,-681,4034
1689018816830,-681,4034
1689018816832,-681,4034
1689018816835,-681,4034
1689018816838,-681,4034
1689018816841,-681,4034
1689018816844,-681,4034
1689018816847,-681,4034
1689018816850,-681,4034
1689018816852,-681,4034
1689018816855,-681,4034
1689018816858,-681,4034
1689018816861,-681,4034
1689018816864,-681,4034
1689018816867,-681,4034
1689018816870,-681,4034
1689018816873,-681,4034
1689018816875,-681,4034
1689018816878,-681,4034
1689018816881,-681,4034
1689018816884,-681,4034
1689018816887,-681,4034
1689018816890,-681,4034
1689018816893,-681,4034
1689018816895,-681,4034
1689018816898,-681,4034
1689018816901,-681,4034
1689018816904,-681,4034
1689018816907,-681,4034
1689018816910,-681,4034
1689018816912,-681,4034
1689018816915,-681,4034
1689018816918,-681,4034
1689018816921,-681,4034
1689018816924,-681,4034
1689018816927,-681,4034
1689018816930,-681,4034
1689018816932,-681,4034
1689018816935,-681,4034
1689018816938,-681,4034
1689018816941,-681,4034
1689018816944,-681,4034
1689018816947,-681,4034
1689018816950,-681,4034
1689018816952,-681,4034
1689018816955,-681,4034
1689018816958,-681,4034
1689018816961,-681,4034
1689018816964,-681,4034
1689018816967,-681,4034
1689018816969,-681,4034
1689018816972,-681,4034
1689018816975,-681,4034
1689018816978,-681,4034
1689018816981,-681,4034
1689018816984,-681,4034
1689018816986,-681,4034
1689018816989,-681,4034
1689018816992,-681,4034
1689018816995,-681,4034
1689018816998,-681,4034
1689018817001,-681,4034
1689018817004,-681,4034
1689018817006,-681,4034
1689018817009,-681,4034
1689018817012,-681,4034
1689018817015,-681,4034
1689018817018,-681,4034
1689018817021,-681,4034
1689018817024,-681,4034
1689018817027,-681,4034
1689018817030,-681,4034
1689018817033,-681,4034
1689018817036,-681,4034
1689018817039,-681,4034
1689018817042,-681,4034
1689018817044,-681,4034
1689018817047,-681,4034
1689018817050,-681,4034
1689018817053,-681,4034
1689018817056,-681,4034
1689018817059,-681,4034
1689018817061,-681,4034
1689018817064,-681,4034
1689018817067,-681,4034
1689018817070,-681,4034
1689018817073,-681,4034
1689018817075,-681,4034
1689018817078,-681,4034
1689018817081,-681,4034
1689018817084,-681,4034
1689018817087,-681,4034
1689018817090,-681,4034
1689018817093,-681,4034
1689018817096,-681,4034
1689018817099,-681,4034
1689018817102,-681,4034
1689018817104,-681,4034
1689018817107,-681,4034
1689018817110,-681,4034
1689018817113,-681,4034
1689018817116,-681,4034
1689018817119,-681,4034
1689018817122,-681,4034
1689018817125,-681,4034
1689018817128,-681,4034
1689018817130,-681,4034
1689018817134,-681,4034
1689018817136,-681,4034
1689018817139,-681,4034
1689018817142,-681,4034
1689018817145,-681,4034
1689018817148,-681,4034
1689018817151,-681,4034
1689018817154,-681,4034
1689018817157,-681,4034
1689018817160,-681,4034
1689018817163,-681,4034
1689018817166,-681,4034
1689018817169,-681,4034
1689018817172,-681,4034
1689018817175,-681,4034
1689018817178,-681,4034
1689018817180,-681,4034
1689018817183,-681,4034
1689018817186,-681,4034
1689018817189,-681,4034
1689018817192,-681,4034
1689018817195,-681,4034
1689018817197,-681,4034
1689018817200,-681,4034
1689018817203,-681,4034
1689018817206,-681,4034
1689018817209,-681,4034
1689018817212,-681,4034
1689018817214,-681,4034
1689018817217,-681,4034
1689018817221,-681,4034
1689018817224,-681,4034
1689018817227,-681,4034
1689018817230,-681,4034
1689018817233,-681,4034
1689018817235,-681,4034
1689018817238,-681,4034
1689018817241,-681,4034
1689018817244,-681,4034
1689018817247,-681,4034
1689018817249,-681,4034
1689018817252,-681,4034
1689018817255,-681,4034
1689018817258,-681,4034
1689018817261,-681,4034
1689018817264,-681,4034
1689018817266,-681,4034
1689018817269,-681,4034
1689018817272,-681,4034
1689018817275,-681,4034
1689018817279,-681,4034
1689018817284,-681,4034
1689018817287,-681,4034
1689018817290,-681,4034
1689018817293,-681,4034
1689018817296,-681,4034
1689018817299,-681,4034
1689018817302,-681,4034
1689018817305,-681,4034
1689018817308,-681,4034
1689018817311,-681,4034
1689018817314,-681,4034
1689018817317,-681,4034
1689018817319,-681,4034
1689018817322,-681,4034
1689018817325,-681,4034
1689018817328,-681,4034
1689018817331,-681,4034
1689018817334,-681,4034
1689018817337,-681,4034
1689018817340,-681,4034
1689018817342,-681,4034
1689018817345,-681,4034
1689018817348,-681,4034
1689018817351,-681,4034
1689018817354,-681,4034
1689018817357,-681,4034
1689018817360,-681,4034
1689018817362,-681,4034
1689018817365,-681,4034
1689018817368,-681,4034
1689018817371,-681,4034
1689018817374,-681,4034
1689018817377,-681,4034
1689018817379,-681,4034
1689018817382,-681,4034
1689018817385,-681,4034
1689018817388,-681,4034
1689018817391,-681,4034
1689018817394,-681,4034
1689018817396,-681,4034
1689018817399,-681,4034
1689018817402,-681,4034
1689018817405,-681,4034
1689018817408,-681,4034
1689018817411,-681,4034
1689018817414,-681,4034
1689018817416,-681,4034
1689018817419,-681,4034
1689018817422,-681,4034
1689018817425,-681,4034
1689018817428,-681,4034
1689018817431,-681,4034
1689018817434,-681,4034
1689018817437,-681,4034
1689018817440,-681,4034
1689018817442,-681,4034
1689018817445,-681,4034
1689018817448,-681,4034
1689018817451,-681,4034
1689018817454,-681,4034
1689018817457,-681,4034
1689018817459,-681,4034
1689018817462,-681,4034
1689018817465,-681,4034
1689018817468,-681,4034
1689018817471,-681,4034
1689018817474,-681,4034
1689018817477,-681,4034
1689018817480,-681,4034
1689018817483,-681,4034
1689018817485,-681,4034
1689018817488,-681,4034
1689018817491,-681,4034
1689018817494,-681,4034
1689018817497,-681,4034
1689018817500,-681,4034
1689018817503,-681,4034
1689018817505,-681,4034
1689018817508,-681,4034
1689018817511,-681,4034
1689018817514,-681,4034
1689018817517,-681,4034
1689018817520,-681,4034
1689018817523,-681,4034
1689018817526,-681,4034
1689018817528,-681,4034
1689018817532,-681,4034
1689018817534,-681,4034
1689018817537,-681,4034
1689018817540,-681,4034
1689018817543,-681,4034
1689018817546,-681,4034
1689018817549,-681,4034
1689018817551,-681,4034
1689018817554,-681,4034
1689018817557,-681,4034
1689018817560,-681,4034
1689018817563,-681,4034
1689018817566,-681,4034
1689018817569,-681,4034
1689018817571,-681,4034
1689018817574,-681,4034
1689018817577,-681,4034
1689018817580,-681,4034
1689018817583,-681,4034
1689018817586,-681,4034
1689018817589,-681,4034
1689018817591,-681,4034
1689018817594,-681,4034
1689018817597,-681,4034
1689018817600,-681,4034
1689018817603,-681,4034
1689018817606,-681,4034
1689018817609,-681,4034
1689018817611,-681,4034
1689018817614,-681,4034
1689018817617,-681,4034
1689018817620,-681,4034
1689018817623,-681,4034
1689018817626,-681,4034
1689018817629,-681,4034
1689018817632,-681,4034
1689018817635,-681,4034
1689018817638,-681,4034
1689018817641,-681,4034
1689018817644,-681,4034
1689018817647,-681,4034
1689018817650,-681,4034
1689018817652,-681,4034
1689018817655,-681,4034
1689018817658,-681,4034
1689018817661,-681,4034
1689018817664,-681,4034
1689018817667,-681,4034
1689018817670,-681,4034
1689018817672,-681,4034
1689018817675,-681,4034
1689018817678,-681,4034
1689018817681,-681,4034
1689018817684,-681,4034
1689018817687,-681,4034
1689018817690,-681,4034
1689018817692,-681,4034
1689018817695,-681,4034
1689018817698,-681,4034
1689018817701,-681,4034
1689018817704,-681,4034
1689018817706,-681,4034
1689018817709,-681,4034
1689018817712,-681,4034
1689018817715,-681,4034
1689018817718,-681,4034
1689018817721,-681,4034
1689018817723,-681,4034
1689018817726,-681,4034
1689018817729,-681,4034
1689018817733,-681,4034
1689018817736,-681,4034
1689018817739,-681,4034
1689018817742,-681,4034
1689018817745,-681,4034
1689018817748,-681,4034
1689018817750,-681,4034
1689018817753,-681,4034
1689018817756,-681,4034
1689018817759,-681,4034
1689018817762,-681,4034
1689018817764,-681,4034
1689018817767,-681,4034
1689018817770,-681,4034
1689018817773,-681,4034
1689018817776,-681,4034
1689018817779,-681,4034
1689018817782,-681,4034
1689018817785,-681,4034
1689018817788,-681,4034
1689018817790,-681,4034
1689018817793,-681,4034
1689018817796,-681,4034
1689018817799,-681,4034
1689018817802,-681,4034
1689018817805,-681,4034
1689018817807,-681,4034
1689018817810,-681,4034
1689018817813,-681,4034
1689018817816,-681,4034
1689018817819,-681,4034
1689018817822,-681,4034
1689018817824,-681,4034
1689018817827,-681,4034
1689018817830,-681,4034
1689018817833,-681,4034
1689018817836,-681,4034
1689018817839,-681,4034
1689018817842,-681,4034
1689018817845,-681,4034
1689018817847,-681,4034
1689018817850,-681,4034
1689018817853,-681,4034
1689018817856,-681,4034
1689018817859,-681,4034
1689018817862,-681,4034
1689018817864,-681,4034
1689018817867,-681,4034
1689018817870,-681,4034
1689018817873,-681,4034
1689018817876,-681,4034
1689018817879,-681,4034
1689018817882,-681,4034
1689018817885,-681,4034
1689018817887,-681,4034
1689018817890,-681,4034
1689018817893,-681,4034
1689018817896,-681,4034
1689018817899,-681,4034
1689018817902,-681,4034
1689018817904,-681,4034
1689018817907,-681,4034
1689018817910,-681,4034
1689018817913,-681,4034
1689018817916,-681,4034
1689018817919,-681,4034
1689018817921,-681,4034
1689018817924,-681,4034
1689018817927,-681,4034
1689018817930,-681,4034
1689018817933,-681,4034
1689018817936,-681,4034
1689018817938,-681,4034
1689018817942,-681,4034
1689018817944,-681,4034
1689018817947,-681,4034
1689018817950,-681,4034
1689018817953,-681,4034
1689018817956,-681,4034
1689018817959,-681,4034
1689018817962,-681,4034
1689018817964,-681,4034
1689018817967,-681,4034
1689018817970,-681,4034
1689018817973,-681,4034
1689018817976,-681,4034
1689018817978,-681,4034
1689018817981,-681,4034
1689018817984,-681,4034
1689018817987,-681,4034
1689018817990,-681,4034
1689018817993,-681,4034
1689018817996,-681,4034
1689018817999,-681,4034
1689018818002,-681,4034
1689018818004,-681,4034
1689018818007,-681,4034
1689018818010,-681,4034
1689018818013,-681,4034
1689018818016,-681,4034
1689018818019,-681,4034
1689018818022,-681,4034
1689018818025,-681,4034
1689018818028,-681,4034
1689018818030,-681,4034
1689018818033,-681,4034
1689018818036,-681,4034
1689018818039,-681,4034
1689018818043,-681,4034
1689018818046,-681,4034
1689018818049,-681,4034
1689018818051,-681,4034
1689018818054,-681,4034
1689018818057,-681,4034
1689018818060,-681,4034
1689018818063,-681,4034
1689018818066,-681,4034
1689018818069,-681,4034
1689018818072,-681,4034
1689018818074,-681,4034
1689018818077,-681,4034
1689018818080,-681,4034
1689018818083,-681,4034
1689018818086,-681,4034
1689018818089,-681,4034
1689018818091,-681,4034
1689018818094,-681,4034
1689018818097,-681,4034
1689018818100,-681,4034
1689018818103,-681,4034
1689018818106,-681,4034
1689018818109,-681,4034
1689018818111,-681,4034
1689018818114,-681,4034
1689018818117,-681,4034
1689018818120,-681,4034
1689018818123,-681,4034
1689018818126,-681,4034
1689018818129,-681,4034
1689018818132,-681,4034
1689018818135,-681,4034
1689018818138,-681,4034
1689018818141,-681,4034
1689018818145,-681,4034
1689018818148,-681,4034
1689018818151,-681,4034
1689018818154,-681,4034
1689018818157,-681,4034
1689018818160,-681,4034
1689018818163,-681,4034
1689018818165,-681,4034
1689018818168,-681,4034
1689018818171,-681,4034
1689018818174,-681,4034
1689018818177,-681,4034
1689018818180,-681,4034
1689018818182,-681,4034
1689018818185,-681,4034
1689018818188,-681,4034
1689018818191,-681,4034
1689018818194,-681,4034
1689018818197,-681,4034
1689018818200,-681,4034
1689018818203,-681,4034
1689018818205,-681,4034
1689018818208,-681,4034
1689018818211,-681,4034
1689018818214,-681,4034
1689018818217,-681,4034
1689018818220,-681,4034
1689018818223,-681,4034
1689018818225,-681,4034
1689018818228,-681,4034
1689018818231,-681,4034
1689018818234,-681,4034
1689018818237,-681,4034
1689018818240,-681,4034
1689018818243,-681,4034
1689018818245,-681,4034
1689018818248,-681,4034
1689018818251,-681,4034
1689018818254,-681,4034
1689018818257,-681,4034
1689018818260,-681,4034
1689018818263,-681,4034
1689018818265,-681,4034
1689018818268,-681,4034
1689018818271,-681,4034
1689018818274,-681,4034
1689018818277,-681,4034
1689018818280,-681,4034
1689018818282,-681,4034
1689018818285,-681,4034
1689018818288,-681,4034
1689018818291,-681,4034
1689018818294,-681,4034
1689018818297,-681,4034
1689018818300,-681,4034
1689018818303,-681,4034
1689018818306,-681,4034
1689018818308,-681,4034
1689018818311,-681,4034
1689018818314,-681,4034
1689018818317,-681,4034
1689018818320,-681,4034
1689018818323,-681,4034
1689018818326,-681,4034
1689018818328,-681,4034
1689018818331,-681,4034
1689018818334,-681,4034
1689018818337,-681,4034
1689018818340,-681,4034
1689018818343,-681,4034
1689018818346,-681,4034
1689018818349,-681,4034
1689018818352,-681,4034
1689018818355,-681,4034
1689018818358,-681,4034
1689018818361,-681,4034
1689018818364,-681,4034
1689018818367,-681,4034
1689018818370,-681,4034
1689018818372,-681,4034
1689018818375,-681,4034
1689018818378,-681,4034
1689018818381,-681,4034
1689018818384,-681,4034
1689018818387,-681,4034
1689018818390,-681,4034
1689018818393,-681,4034
1689018818395,-681,4034
1689018818398,-681,4034
1689018818401,-681,4034
1689018818404,-681,4034
1689018818407,-681,4034
1689018818410,-681,4034
1689018818413,-681,4034
1689018818415,-681,4034
1689018818418,-681,4034
1689018818421,-681,4034
1689018818424,-681,4034
1689018818427,-681,4034
1689018818430,-681,4034
1689018818433,-681,4034
1689018818436,-681,4034
1689018818439,-681,4034
1689018818442,-681,4034
1689018818444,-681,4034
1689018818447,-681,4034
1689018818450,-681,4034
1689018818453,-681,4034
1689018818456,-681,4034
1689018818459,-681,4034
1689018818461,-681,4034
1689018818464,-681,4034
1689018818467,-681,4034
1689018818470,-681,4034
1689018818473,-681,4034
1689018818475,-681,4034
1689018818478,-681,4034
1689018818481,-681,4034
1689018818484,-681,4034
1689018818487,-681,4034
1689018818490,-681,4034
1689018818493,-681,4034
1689018818495,-681,4034
1689018818498,-681,4034
1689018818501,-681,4034
1689018818504,-681,4034
1689018818506,-681,4034
1689018818509,-681,4034
1689018818512,-681,4034
1689018818515,-681,4034
1689018818518,-681,4034
1689018818521,-681,4034
1689018818524,-681,4034
1689018818526,-681,4034
1689018818529,-681,4034
1689018818532,-681,4034
1689018818535,-681,4034
1689018818538,-681,4034
1689018818541,-681,4034
1689018818543,-681,4034
1689018818546,-681,4034
1689018818550,-681,4034
1689018818552,-681,4034
1689018818555,-681,4034
1689018818558,-681,4034
1689018818561,-681,4034
1689018818564,-681,4034
1689018818567,-681,4034
1689018818570,-681,4034
1689018818572,-681,4034
1689018818575,-681,4034
1689018818578,-681,4034
1689018818581,-681,4034
1689018818584,-681,4034
1689018818587,-681,4034
1689018818590,-681,4034
1689018818592,-681,4034
1689018818595,-681,4034
1689018818598,-681,4034
1689018818601,-681,4034
1689018818604,-681,4034
1689018818607,-681,4034
1689018818610,-681,4034
1689018818612,-681,4034
1689018818615,-681,4034
1689018818618,-681,4034
1689018818621,-681,4034
1689018818624,-681,4034
1689018818627,-681,4034
1689018818630,-681,4034
1689018818633,-681,4034
1689018818635,-681,4034
1689018818638,-681,4034
1689018818641,-681,4034
1689018818644,-681,4034
1689018818647,-681,4034
1689018818650,-681,4034
1689018818653,-681,4034
1689018818656,-681,4034
1689018818659,-681,4034
1689018818662,-681,4034
1689018818664,-681,4034
1689018818667,-681,4034
1689018818670,-681,4034
1689018818673,-681,4034
1689018818676,-681,4034
1689018818679,-681,4034
1689018818682,-681,4034
1689018818684,-681,4034
1689018818687,-681,4034
1689018818690,-681,4034
1689018818693,-681,4034
1689018818696,-681,4034
1689018818699,-681,4034
1689018818702,-681,4034
1689018818704,-681,4034
1689018818707,-681,4034
1689018818710,-681,4034
1689018818713,-681,4034
1689018818716,-681,4034
1689018818718,-681,4034
1689018818721,-681,4034
1689018818724,-681,4034
1689018818727,-681,4034
1689018818730,-681,4034
1689018818733,-681,4034
1689018818735,-681,4034
1689018818738,-681,4034
1689018818741,-681,4034
1689018818744,-681,4034
1689018818747,-681,4034
1689018818750,-681,4034
1689018818753,-681,4034
1689018818756,-681,4034
1689018818759,-681,4034
1689018818762,-681,4034
1689018818764,-681,4034
1689018818767,-681,4034
1689018818770,-681,4034
1689018818773,-681,4034
1689018818776,-681,4034
1689018818779,-681,4034
1689018818781,-681,4034
1689018818784,-681,4034
1689018818787,-681,4034
1689018818790,-681,4034
1689018818793,-681,4034
1689018818796,-681,4034
1689018818799,-681,4034
1689018818801,-681,4034
1689018818804,-681,4034
1689018818807,-681,4034
1689018818810,-681,4034
1689018818813,-681,4034
1689018818815,-681,4034
1689018818818,-681,4034
1689018818821,-681,4034
1689018818824,-681,4034
1689018818827,-681,4034
1689018818830,-681,4034
1689018818833,-681,4034
1689018818836,-681,4034
1689018818839,-681,4034
1689018818841,-681,4034
1689018818844,-681,4034
1689018818847,-681,4034
1689018818850,-681,4034
1689018818853,-681,4034
1689018818856,-681,4034
1689018818859,-681,4034
1689018818862,-681,4034
1689018818865,-681,4034
1689018818868,-681,4034
1689018818871,-681,4034
1689018818874,-681,4034
1689018818876,-681,4034
1689018818879,-681,4034
1689018818882,-681,4034
1689018818885,-681,4034
1689018818888,-681,4034
1689018818891,-681,4034
1689018818894,-681,4034
1689018818896,-681,4034
1689018818899,-681,4034
1689018818902,-681,4034
1689018818905,-681,4034
1689018818908,-681,4034
1689018818911,-681,4034
1689018818913,-681,4034
1689018818916,-681,4034
1689018818919,-681,4034
1689018818922,-681,4034
1689018818925,-681,4034
1689018818927,-681,4034
1689018818930,-681,4034
1689018818933,-681,4034
1689018818936,-681,4034
1689018818939,-681,4034
1689018818942,-681,4034
1689018818944,-681,4034
1689018818949,-681,4034
1689018818952,-681,4034
1689018818955,-681,4034
1689018818958,-681,4034
1689018818961,-681,4034
1689018818964,-681,4034
1689018818967,-681,4034
1689018818970,-681,4034
1689018818973,-681,4034
1689018818976,-681,4034
1689018818979,-681,4034
1689018818982,-681,4034
1689018818984,-681,4034
1689018818987,-681,4034
1689018818990,-681,4034
1689018818993,-681,4034
1689018818996,-681,4034
1689018818999,-681,4034
1689018819002,-681,4034
1689018819004,-681,4034
1689018819007,-681,4034
1689018819010,-681,4034
1689018819014,-681,4034
1689018819017,-681,4034
1689018819021,-681,4034
1689018819023,-681,4034
1689018819026,-681,4034
1689018819029,-681,4034
1689018819032,-681,4034
1689018819035,-681,4034
1689018819038,-681,4034
1689018819041,-681,4034
1689018819043,-681,4034
1689018819046,-681,4034
1689018819049,-681,4034
1689018819052,-681,4034
1689018819055,-681,4034
1689018819058,-681,4034
1689018819061,-681,4034
1689018819064,-681,4034
1689018819067,-681,4034
1689018819070,-681,4034
1689018819073,-681,4034
1689018819076,-681,4034
1689018819078,-681,4034
1689018819081,-681,4034
1689018819084,-681,4034
1689018819087,-681,4034
1689018819090,-681,4034
1689018819093,-681,4034
1689018819096,-681,4034
1689018819098,-681,4034
1689018819101,-681,4034
1689018819104,-681,4034
1689018819107,-681,4034
1689018819110,-681,4034
1689018819113,-681,4034
1689018819115,-681,4034
1689018819118,-681,4034
1689018819121,-681,4034
1689018819124,-681,4034
1689018819127,-681,4034
1689018819130,-681,4034
1689018819133,-681,4034
1689018819136,-681,4034
1689018819139,-681,4034
1689018819142,-681,4034
1689018819144,-681,4034
1689018819147,-681,4034
1689018819150,-681,4034
1689018819153,-681,4034
1689018819156,-681,4034
1689018819159,-681,4034
1689018819162,-681,4034
1689018819165,-681,4034
1689018819169,-681,4034
1689018819172,-681,4034
1689018819175,-681,4034
1689018819177,-681,4034
1689018819180,-681,4034
1689018819183,-681,4034
1689018819186,-681,4034
1689018819189,-681,4034
1689018819191,-681,4034
1689018819194,-681,4034
1689018819197,-681,4034
1689018819200,-681,4034
1689018819203,-681,4034
1689018819206,-681,4034
1689018819209,-681,4034
1689018819211,-681,4034
1689018819214,-681,4034
1689018819217,-681,4034
1689018819220,-681,4034
1689018819223,-681,4034
1689018819226,-681,4034
1689018819229,-681,4034
1689018819232,-681,4034
1689018819242,-681,4034
1689018819245,-681,4034
1689018819248,-681,4034
1689018819251,-681,4034
1689018819254,-681,4034
1689018819257,-681,4034
1689018819260,-681,4034
1689018819263,-681,4034
1689018819266,-681,4034
1689018819269,-681,4034
1689018819272,-681,4034
1689018819275,-681,4034
1689018819278,-681,4034
1689018819281,-681,4034
1689018819284,-681,4034
1689018819287,-681,4034
1689018819290,-681,4034
1689018819293,-681,4034
1689018819296,-681,4034
1689018819299,-681,4034
1689018819302,-681,4034
1689018819305,-681,4034
1689018819308,-681,4034
1689018819311,-681,4034
1689018819314,-681,4034
1689018819317,-681,4034
1689018819320,-681,4034
1689018819323,-681,4034
1689018819326,-681,4034
1689018819329,-681,4034
1689018819332,-681,4034
1689018819335,-681,4034
1689018819338,-681,4034
1689018819341,-681,4034
1689018819344,-681,4034
1689018819347,-681,4034
1689018819350,-681,4034
1689018819353,-681,4034
1689018819356,-681,4034
1689018819359,-681,4034
1689018819362,-681,4034
1689018819365,-681,4034
1689018819368,-681,4034
1689018819371,-681,4034
1689018819374,-681,4034
1689018819377,-681,4034
1689018819380,-681,4034
1689018819383,-681,4034
1689018819386,-681,4034
1689018819389,-681,4034
1689018819392,-681,4034
1689018819395,-681,4034
1689018819398,-681,4034
1689018819401,-681,4034
1689018819404,-681,4034
1689018819407,-681,4034
1689018819410,-681,4034
1689018819413,-681,4034
1689018819416,-681,4034
1689018819419,-681,4034
1689018819422,-681,4034
1689018819425,-681,4034
1689018819428,-681,4034
1689018819431,-681,4034
1689018819434,-681,4034
1689018819437,-681,4034
1689018819440,-681,4034
1689018819443,-681,4034
1689018819446,-681,4034
1689018819449,-681,4034
1689018819452,-681,4034
1689018819455,-681,4034
1689018819458,-681,4034
1689018819461,-681,4034
1689018819464,-681,4034
1689018819467,-681,4034
1689018819471,-681,4034
1689018819474,-681,4034
1689018819476,-681,4034
1689018819479,-681,4034
1689018819482,-681,4034
1689018819485,-681,4034
1689018819488,-681,4034
1689018819492,-681,4034
1689018819495,-681,4034
1689018819498,-681,4034
1689018819501,-681,4034
1689018819504,-681,4034
1689018819507,-681,4034
1689018819510,-681,4034
1689018819513,-681,4034
1689018819516,-681,4034
1689018819519,-681,4034
1689018819522,-681,4034
1689018819525,-681,4034
1689018819528,-681,4034
1689018819531,-681,4034
1689018819534,-681,4034
1689018819537,-681,4034
1689018819540,-681,4034
1689018819543,-681,4034
1689018819546,-681,4034
1689018819549,-681,4034
1689018819551,-681,4034
1689018819555,-681,4034
1689018819558,-681,4034
1689018819561,-681,4034
1689018819564,-681,4034
1689018819567,-681,4034
1689018819570,-681,4034
1689018819573,-681,4034
1689018819576,-681,4034
1689018819579,-681,4034
1689018819582,-681,4034
1689018819584,-681,4034
1689018819587,-681,4034
1689018819590,-681,4034
1689018819593,-681,4034
1689018819596,-681,4034
1689018819599,-681,4034
1689018819602,-681,4034
1689018819605,-681,4034
1689018819608,-681,4034
1689018819611,-681,4034
1689018819614,-681,4034
1689018819617,-681,4034
1689018819620,-681,4034
1689018819623,-681,4034
1689018819626,-681,4034
1689018819629,-681,4034
1689018819632,-681,4034
1689018819635,-681,4034
1689018819638,-681,4034
1689018819641,-681,4034
1689018819644,-681,4034
1689018819647,-681,4034
1689018819650,-681,4034
1689018819653,-681,4034
1689018819656,-681,4034
1689018819659,-681,4034
1689018819662,-681,4034
1689018819665,-681,4034
1689018819668,-681,4034
1689018819671,-681,4034
1689018819674,-681,4034
1689018819678,-681,4034
1689018819681,-681,4034
1689018819684,-681,4034
1689018819687,-681,4034
1689018819690,-681,4034
1689018819693,-681,4034
1689018819696,-681,4034
1689018819699,-681,4034
1689018819702,-681,4034
1689018819705,-681,4034
1689018819708,-681,4034
1689018819711,-681,4034
1689018819714,-681,4034
1689018819717,-681,4034
1689018819720,-681,4034
1689018819723,-681,4034
1689018819726,-681,4034
1689018819729,-681,4034
1689018819732,-681,4034
1689018819735,-681,4034
1689018819738,-681,4034
1689018819741,-681,4034
1689018819744,-681,4034
1689018819747,-681,4034
1689018819750,-681,4034
1689018819753,-681,4034
1689018819756,-681,4034
1689018819759,-681,4034
1689018819762,-681,4034
1689018819765,-681,4034
1689018819768,-681,4034
1689018819771,-681,4034
1689018819774,-681,4034
1689018819777,-681,4034
1689018819780,-681,4034
1689018819783,-681,4034
1689018819786,-681,4034
1689018819789,-681,4034
1689018819792,-681,4034
1689018819795,-681,4034
1689018819798,-681,4034
1689018819801,-681,4034
1689018819804,-681,4034
1689018819807,-681,4034
1689018819810,-681,4034
1689018819813,-681,4034
1689018819816,-681,4034
1689018819819,-681,4034
1689018819822,-681,4034
1689018819825,-681,4034
1689018819828,-681,4034
1689018819831,-681,4034
1689018819834,-681,4034
1689018819837,-681,4034
1689018819840,-681,4034
1689018819843,-681,4034
1689018819846,-681,4034
1689018819849,-681,4034
1689018819852,-681,4034
1689018819855,-681,4034
1689018819858,-681,4034
1689018819861,-681,4034
1689018819864,-681,4034
1689018819867,-681,4034
1689018819870,-681,4034
1689018819873,-681,4034
1689018819876,-681,4034
1689018819879,-681,4034
1689018819883,-681,4034
1689018819886,-681,4034
1689018819889,-681,4034
1689018819892,-681,4034
1689018819895,-681,4034
1689018819898,-681,4034
1689018819901,-681,4034
1689018819904,-681,4034
1689018819907,-681,4034
1689018819910,-681,4034
1689018819913,-681,4034
1689018819916,-681,4034
1689018819919,-681,4034
1689018819922,-681,4034
1689018819925,-681,4034
1689018819928,-681,4034
1689018819931,-681,4034
1689018819934,-681,4034
1689018819937,-681,4034
1689018819940,-681,4034
1689018819943,-681,4034
1689018819946,-681,4034
1689018819949,-681,4034
1689018819952,-681,4034
1689018819955,-681,4034
1689018819959,-681,4034
1689018819962,-681,4034
1689018819964,-681,4034
1689018819967,-681,4034
1689018819970,-681,4034
1689018819973,-681,4034
1689018819976,-681,4034
1689018819979,-681,4034
1689018819982,-681,4034
1689018819985,-681,4034
1689018819989,-681,4034
1689018819992,-681,4034
1689018819995,-681,4034
1689018819998,-681,4034
1689018820002,-681,4034
1689018820005,-681,4034
1689018820007,-681,4034
1689018820010,-681,4034
1689018820013,-681,4034
1689018820016,-681,4034
1689018820019,-681,4034
1689018820022,-681,4034
1689018820026,-681,4034
1689018820036,-681,4034
1689018820040,-681,4034
1689018820043,-681,4034
1689018820046,-681,4034
1689018820048,-681,4034
1689018820051,-681,4034
1689018820054,-681,4034
1689018820057,-681,4034
1689018820060,-681,4034
1689018820063,-681,4034
1689018820066,-681,4034
1689018820069,-681,4034
1689018820072,-681,4034
1689018820075,-681,4034
1689018820078,-681,4034
1689018820081,-681,4034
1689018820084,-681,4034
1689018820087,-681,4034
1689018820091,-681,4034
1689018820094,-681,4034
1689018820097,-681,4034
1689018820099,-681,4034
1689018820103,-681,4034
1689018820106,-681,4034
1689018820109,-681,4034
1689018820112,-681,4034
1689018820115,-681,4034
1689018820118,-681,4034
1689018820121,-681,4034
1689018820124,-681,4034
1689018820127,-681,4034
1689018820130,-681,4034
1689018820133,-681,4034
1689018820136,-681,4034
1689018820139,-681,4034
1689018820142,-681,4034
1689018820145,-681,4034
1689018820148,-681,4034
1689018820151,-681,4034
1689018820154,-681,4034
1689018820157,-681,4034
1689018820160,-681,4034
1689018820163,-681,4034
1689018820166,-681,4034
1689018820169,-681,4034
1689018820172,-681,4034
1689018820175,-681,4034
1689018820178,-681,4034
1689018820181,-681,4034
1689018820184,-681,4034
1689018820187,-681,4034
1689018820190,-681,4034
1689018820194,-681,4034
1689018820197,-681,4034
1689018820200,-681,4034
1689018820204,-681,4034
1689018820207,-681,4034
1689018820210,-681,4034
1689018820213,-681,4034
1689018820216,-681,4034
1689018820219,-681,4034
1689018820222,-681,4034
1689018820225,-681,4034
1689018820228,-681,4034
1689018820231,-681,4034
1689018820234,-681,4034
1689018820237,-681,4034
1689018820240,-681,4034
1689018820243,-681,4034
1689018820246,-681,4034
1689018820249,-681,4034
1689018820252,-681,4034
1689018820255,-681,4034
1689018820258,-681,4034
1689018820261,-681,4034
1689018820264,-681,4034
1689018820267,-681,4034
1689018820270,-681,4034
1689018820273,-681,4034
1689018820276,-681,4034
1689018820279,-681,4034
1689018820282,-681,4034
1689018820285,-681,4034
1689018820288,-681,4034
1689018820294,-681,4034
1689018820298,-681,4034
1689018820301,-681,4034
1689018820304,-681,4034
1689018820307,-681,4034
1689018820310,-681,4034
1689018820313,-681,4034
1689018820316,-681,4034
1689018820319,-681,4034
1689018820322,-681,4034
1689018820325,-681,4034
1689018820328,-681,4034
1689018820331,-681,4034
1689018820334,-681,4034
1689018820337,-681,4034
1689018820340,-681,4034
1689018820343,-681,4034
1689018820346,-681,4034
1689018820349,-681,4034
1689018820352,-681,4034
1689018820355,-681,4034
1689018820358,-681,4034
1689018820361,-681,4034
1689018820364,-681,4034
1689018820367,-681,4034
1689018820370,-681,4034
1689018820373,-681,4034
1689018820376,-681,4034
1689018820379,-681,4034
1689018820382,-681,4034
1689018820385,-681,4034
1689018820388,-681,4034
1689018820392,-681,4034
1689018820395,-681,4034
1689018820398,-681,4034
1689018820401,-681,4034
1689018820404,-681,4034
1689018820407,-681,4034
1689018820410,-681,4034
1689018820413,-681,4034
1689018820416,-681,4034
1689018820419,-681,4034
1689018820422,-681,4034
1689018820425,-681,4034
1689018820428,-681,4034
1689018820431,-681,4034
1689018820434,-681,4034
1689018820437,-681,4034
1689018820440,-681,4034
1689018820443,-681,4034
1689018820446,-681,4034
1689018820449,-681,4034
1689018820452,-681,4034
1689018820455,-681,4034
1689018820458,-681,4034
1689018820461,-681,4034
1689018820464,-681,4034
1689018820467,-681,4034
1689018820470,-681,4034
1689018820473,-681,4034
1689018820476,-681,4034
1689018820479,-681,4034
1689018820482,-681,4034
1689018820485,-681,4034
1689018820488,-681,4034
1689018820491,-681,4034
1689018820494,-681,4034
1689018820497,-681,4034
1689018820501,-681,4034
1689018820504,-681,4034
1689018820507,-681,4034
1689018820510,-681,4034
1689018820513,-681,4034
1689018820516,-681,4034
1689018820519,-681,4034
1689018820522,-681,4034
1689018820525,-681,4034
1689018820528,-681,4034
1689018820531,-681,4034
1689018820534,-681,4034
1689018820537,-681,4034
1689018820540,-681,4034
1689018820543,-681,4034
1689018820546,-681,4034
1689018820549,-681,4034
1689018820552,-681,4034
1689018820555,-681,4034
1689018820558,-681,4034
1689018820561,-681,4034
1689018820564,-681,4034
1689018820567,-681,4034
1689018820570,-681,4034
1689018820573,-681,4034
1689018820576,-681,4034
1689018820579,-681,4034
1689018820582,-681,4034
1689018820585,-681,4034
1689018820588,-681,4034
1689018820591,-681,4034
1689018820594,-681,4034
1689018820598,-681,4034
1689018820601,-681,4034
1689018820604,-681,4034
1689018820607,-681,4034
1689018820610,-681,4034
1689018820613,-681,4034
1689018820616,-681,4034
1689018820619,-681,4034
1689018820622,-681,4034
1689018820625,-681,4034
1689018820628,-681,4034
1689018820631,-681,4034
1689018820634,-681,4034
1689018820637,-681,4034
1689018820640,-681,4034
1689018820643,-681,4034
1689018820646,-681,4034
1689018820650,-681,4034
1689018820653,-681,4034
1689018820656,-681,4034
1689018820659,-681,4034
1689018820662,-681,4034
1689018820664,-681,4034
1689018820667,-681,4034
1689018820670,-681,4034
1689018820673,-681,4034
1689018820676,-681,4034
1689018820679,-681,4034
1689018820682,-681,4034
1689018820685,-681,4034
1689018820688,-681,4034
1689018820691,-681,4034
1689018820694,-681,4034
1689018820697,-681,4034
1689018820701,-681,4034
1689018820704,-681,4034
1689018820707,-681,4034
1689018820710,-681,4034
1689018820713,-681,4034
1689018820716,-681,4034
1689018820719,-681,4034
1689018820722,-681,4034
1689018820725,-681,4034
1689018820728,-681,4034
1689018820731,-681,4034
1689018820734,-681,4034
1689018820737,-681,4034
1689018820740,-681,4034
1689018820743,-681,4034
1689018820746,-681,4034
1689018820749,-681,4034
1689018820752,-681,4034
1689018820755,-681,4034
1689018820758,-681,4034
1689018820761,-681,4034
1689018820764,-681,4034
1689018820767,-681,4034
1689018820770,-681,4034
1689018820773,-681,4034
1689018820776,-681,4034
1689018820779,-681,4034
1689018820782,-681,4034
1689018820785,-681,4034
1689018820788,-681,4034
1689018820791,-681,4034
1689018820794,-681,4034
1689018820797,-681,4034
1689018820800,-681,4034
1689018820803,-681,4034
1689018820807,-681,4034
1689018820810,-681,4034
1689018820812,-681,4034
1689018820815,-681,4034
1689018820818,-681,4034
1689018820822,-681,4034
1689018820825,-681,4034
1689018820828,-681,4034
1689018820831,-681,4034
1689018820834,-681,4034
1689018820837,-681,4034
1689018820840,-681,4034
1689018820843,-681,4034
1689018820846,-681,4034
1689018820849,-681,4034
1689018820852,-681,4034
1689018820855,-681,4034
1689018820858,-681,4034
1689018820861,-681,4034
1689018820864,-681,4034
1689018820866,-681,4034
1689018820870,-681,4034
1689018820873,-681,4034
1689018820875,-681,4034
1689018820879,-681,4034
1689018820881,-681,4034
1689018820885,-681,4034
1689018820888,-681,4034
1689018820891,-681,4034
1689018820894,-681,4034
1689018820897,-681,4034
1689018820900,-681,4034
1689018820903,-681,4034
1689018820906,-681,4034
1689018820909,-681,4034
1689018820912,-681,4034
1689018820915,-681,4034
1689018820918,-681,4034
1689018820921,-681,4034
1689018820924,-681,4034
1689018820927,-681,4034
1689018820930,-681,4034
1689018820933,-681,4034
1689018820936,-681,4034
1689018820939,-681,4034
1689018820942,-681,4034
1689018820945,-681,4034
1689018820948,-681,4034
1689018820951,-681,4034
1689018820954,-681,4034
1689018820957,-681,4034
1689018820960,-681,4034
1689018820963,-681,4034
1689018820966,-681,4034
1689018820969,-681,4034
1689018820972,-681,4034
1689018820975,-681,4034
1689018820978,-681,4034
1689018820981,-681,4034
1689018820984,-681,4034
1689018820987,-681,4034
1689018820990,-681,4034
1689018820993,-681,4034
1689018820996,-681,4034
1689018820999,-681,4034
1689018821002,-681,4034
1689018821005,-681,4034
1689018821008,-681,4034
1689018821011,-681,4034
1689018821014,-681,4034
1689018821017,-681,4034
1689018821020,-681,4034
1689018821023,-681,4034
1689018821026,-681,4034
1689018821029,-681,4034
1689018821032,-681,4034
1689018821035,-681,4034
1689018821038,-681,4034
1689018821041,-681,4034
1689018821044,-681,4034
1689018821047,-681,4034
1689018821050,-681,4034
1689018821053,-681,4034
1689018821056,-681,4034
1689018821059,-681,4034
1689018821062,-681,4034
1689018821065,-681,4034
1689018821068,-681,4034
1689018821071,-681,4034
1689018821074,-681,4034
1689018821077,-681,4034
1689018821080,-681,4034
1689018821083,-681,4034
1689018821086,-681,4034
1689018821089,-681,4034
1689018821093,-681,4034
1689018821096,-681,4034
1689018821099,-681,4034
1689018821101,-681,4034
1689018821104,-681,4034
1689018821107,-681,4034
1689018821111,-681,4034
1689018821114,-681,4034
1689018821117,-681,4034
1689018821120,-681,4034
1689018821123,-681,4034
1689018821126,-681,4034
1689018821128,-681,4034
1689018821131,-681,4034
1689018821134,-681,4034
1689018821138,-681,4034
1689018821140,-681,4034
1689018821144,-681,4034
1689018821146,-681,4034
1689018821149,-681,4034
1689018821152,-681,4034
1689018821156,-681,4034
1689018821159,-681,4034
1689018821162,-681,4034
1689018821165,-681,4034
1689018821168,-681,4034
1689018821171,-681,4034
1689018821174,-681,4034
1689018821177,-681,4034
1689018821180,-681,4034
1689018821183,-681,4034
1689018821186,-681,4034
1689018821189,-681,4034
1689018821192,-681,4034
1689018821195,-681,4034
1689018821198,-681,4034
1689018821201,-681,4034
1689018821204,-681,4034
1689018821207,-681,4034
1689018821210,-681,4034
1689018821213,-681,4034
1689018821216,-681,4034
1689018821219,-681,4034
1689018821222,-681,4034
1689018821226,-681,4034
1689018821230,-681,4034
1689018821232,-681,4034
1689018821235,-681,4034
1689018821238,-681,4034
1689018821241,-681,4034
1689018821244,-681,4034
1689018821247,-681,4034
1689018821250,-681,4034
1689018821253,-681,4034
1689018821256,-681,4034
1689018821259,-681,4034
1689018821262,-681,4034
1689018821265,-681,4034
1689018821268,-681,4034
1689018821271,-681,4034
1689018821274,-681,4034
1689018821277,-681,4034
1689018821280,-681,4034
1689018821284,-681,4034
1689018821287,-681,4034
1689018821290,-681,4034
1689018821293,-681,4034
1689018821296,-681,4034
1689018821299,-681,4034
1689018821301,-681,4034
1689018821304,-681,4034
1689018821307,-681,4034
1689018821310,-681,4034
1689018821313,-681,4034
1689018821317,-681,4034
1689018821321,-681,4034
1689018821324,-681,4034
1689018821327,-681,4034
1689018821330,-681,4034
1689018821333,-681,4034
1689018821335,-681,4034
1689018821339,-681,4034
1689018821342,-681,4034
1689018821344,-681,4034
1689018821347,-681,4034
1689018821350,-681,4034
1689018821353,-681,4034
1689018821356,-681,4034
1689018821360,-681,4034
1689018821362,-681,4034
1689018821365,-681,4034
1689018821368,-681,4034
1689018821371,-681,4034
1689018821374,-681,4034
1689018821377,-681,4034
1689018821380,-681,4034
1689018821383,-681,4034
1689018821386,-681,4034
1689018821389,-681,4034
1689018821392,-681,4034
1689018821395,-681,4034
1689018821398,-681,4034
1689018821401,-681,4034
1689018821404,-681,4034
1689018821407,-681,4034
1689018821410,-681,4034
1689018821413,-681,4034
1689018821416,-681,4034
1689018821420,-681,4034
1689018821423,-681,4034
1689018821426,-681,4034
1689018821429,-681,4034
1689018821432,-681,4034
1689018821435,-681,4034
1689018821438,-681,4034
1689018821441,-681,4034
1689018821444,-681,4034
1689018821446,-681,4034
1689018821449,-681,4034
1689018821452,-681,4034
1689018821455,-681,4034
1689018821458,-681,4034
1689018821461,-681,4034
1689018821464,-681,4034
1689018821467,-681,4034
1689018821471,-681,4034
1689018821474,-681,4034
1689018821477,-681,4034
1689018821480,-681,4034
1689018821483,-681,4034
1689018821486,-681,4034
1689018821489,-681,4034
1689018821492,-681,4034
1689018821495,-681,4034
1689018821498,-681,4034
1689018821501,-681,4034
1689018821504,-681,4034
1689018821507,-681,4034
1689018821510,-681,4034
1689018821513,-681,4034
1689018821516,-681,4034
1689018821519,-681,4034
1689018821523,-681,4034
1689018821527,-681,4034
1689018821530,-681,4034
1689018821533,-681,4034
1689018821536,-681,4034
1689018821539,-681,4034
1689018821542,-681,4034
1689018821545,-681,4034
1689018821548,-681,4034
1689018821551,-681,4034
1689018821554,-681,4034
1689018821557,-681,4034
1689018821560,-681,4034
1689018821563,-681,4034
1689018821566,-681,4034
1689018821569,-681,4034
1689018821572,-681,4034
1689018821575,-681,4034
1689018821578,-681,4034
1689018821581,-681,4034
1689018821584,-681,4034
1689018821587,-681,4034
1689018821590,-681,4034
1689018821593,-681,4034
1689018821596,-681,4034
1689018821599,-681,4034
1689018821602,-681,4034
1689018821605,-681,4034
1689018821608,-681,4034
1689018821611,-681,4034
1689018821614,-681,4034
1689018821617,-681,4034
1689018821620,-681,4034
1689018821623,-681,4034
1689018821626,-681,4034
1689018821629,-681,4034
1689018821632,-681,4034
1689018821635,-681,4034
1689018821638,-681,4034
1689018821641,-681,4034
1689018821644,-681,4034
1689018821647,-681,4034
1689018821650,-681,4034
1689018821653,-681,4034
1689018821656,-681,4034
1689018821659,-681,4034
1689018821662,-681,4034
1689018821665,-681,4034
1689018821668,-681,4034
1689018821671,-681,4034
1689018821675,-681,4034
1689018821678,-681,4034
1689018821680,-681,4034
1689018821683,-681,4034
1689018821686,-681,4034
1689018821689,-681,4034
1689018821693,-681,4034
1689018821696,-681,4034
1689018821699,-681,4034
1689018821702,-681,4034
1689018821705,-681,4034
1689018821708,-681,4034
1689018821711,-681,4034
1689018821714,-681,4034
1689018821716,-681,4034
1689018821720,-681,4034
1689018821722,-681,4034
1689018821727,-681,4034
1689018821730,-681,4034
1689018821732,-681,4034
1689018821736,-681,4034
1689018821739,-681,4034
1689018821742,-681,4034
1689018821744,-681,4034
1689018821747,-681,4034
1689018821751,-681,4034
1689018821754,-681,4034
1689018821757,-681,4034
1689018821760,-681,4034
1689018821763,-681,4034
1689018821766,-681,4034
1689018821768,-681,4034
1689018821771,-681,4034
1689018821774,-681,4034
1689018821777,-681,4034
1689018821780,-681,4034
1689018821783,-681,4034
1689018821786,-681,4034
1689018821789,-681,4034
1689018821792,-681,4034
1689018821795,-681,4034
1689018821798,-681,4034
1689018821801,-681,4034
1689018821804,-681,4034
1689018821807,-681,4034
1689018821810,-681,4034
1689018821813,-681,4034
1689018821816,-681,4034
1689018821819,-681,4034
1689018821822,-681,4034
1689018821826,-681,4034
1689018821829,-681,4034
1689018821832,-681,4034
1689018821835,-681,4034
1689018821838,-681,4034
1689018821841,-681,4034
1689018821844,-681,4034
1689018821847,-681,4034
1689018821850,-681,4034
1689018821853,-681,4034
1689018821856,-681,4034
1689018821859,-681,4034
1689018821862,-681,4034
1689018821865,-681,4034
1689018821868,-681,4034
1689018821871,-681,4034
1689018821874,-681,4034
1689018821877,-681,4034
1689018821880,-681,4034
1689018821883,-681,4034
1689018821886,-681,4034
1689018821889,-681,4034
1689018821892,-681,4034
1689018821895,-681,4034
1689018821898,-681,4034
1689018821901,-681,4034
1689018821904,-681,4034
1689018821907,-681,4034
1689018821910,-681,4034
1689018821913,-681,4034
1689018821916,-681,4034
1689018821919,-681,4034
1689018821922,-681,4034
1689018821925,-681,4034
1689018821929,-681,4034
1689018821932,-681,4034
1689018821935,-681,4034
1689018821938,-681,4034
1689018821941,-681,4034
1689018821944,-681,4034
1689018821947,-681,4034
1689018821950,-681,4034
1689018821953,-681,4034
1689018821956,-681,4034
1689018821959,-681,4034
1689018821962,-681,4034
1689018821964,-681,4034
1689018821968,-681,4034
1689018821971,-681,4034
1689018821974,-681,4034
1689018821977,-681,4034
1689018821980,-681,4034
1689018821983,-681,4034
1689018821986,-681,4034
1689018821989,-681,4034
1689018821992,-681,4034
1689018821995,-681,4034
1689018821998,-681,4034
1689018822002,-681,4034
1689018822004,-681,4034
1689018822007,-681,4034
1689018822010,-681,4034
1689018822013,-681,4034
1689018822016,-681,4034
1689018822019,-681,4034
1689018822022,-681,4034
1689018822026,-681,4034
1689018822029,-681,4034
1689018822033,-681,4034
1689018822036,-681,4034
1689018822039,-681,4034
1689018822042,-681,4034
1689018822045,-681,4034
1689018822048,-681,4034
1689018822051,-681,4034
1689018822055,-681,4034
1689018822058,-681,4034
1689018822061,-681,4034
1689018822064,-681,4034
1689018822067,-681,4034
1689018822070,-681,4034
1689018822073,-681,4034
1689018822076,-681,4034
1689018822079,-681,4034
1689018822082,-681,4034
1689018822085,-681,4034
1689018822088,-681,4034
1689018822091,-681,4034
1689018822094,-681,4034
1689018822097,-681,4034
1689018822100,-681,4034
1689018822102,-681,4034
1689018822106,-681,4034
1689018822108,-681,4034
1689018822112,-681,4034
1689018822115,-681,4034
1689018822118,-681,4034
1689018822120,-681,4034
1689018822123,-681,4034
1689018822126,-681,4034
1689018822129,-681,4034
1689018822133,-681,4034
1689018822137,-681,4034
1689018822139,-681,4034
1689018822142,-681,4034
1689018822146,-681,4034
1689018822149,-681,4034
1689018822151,-681,4034
1689018822154,-681,4034
1689018822158,-681,4034
1689018822161,-681,4034
1689018822185,-681,4034
1689018822195,-681,4034
1689018822198,-681,4034
1689018822201,-681,4034
1689018822204,-681,4034
1689018822207,-681,4034
1689018822210,-681,4034
1689018822213,-681,4034
1689018822216,-681,4034
1689018822219,-681,4034
1689018822222,-681,4034
1689018822225,-681,4034
1689018822228,-681,4034
1689018822231,-681,4034
1689018822234,-681,4034
1689018822237,-681,4034
1689018822240,-681,4034
1689018822243,-681,4034
1689018822246,-681,4034
1689018822249,-681,4034
1689018822252,-681,4034
1689018822255,-681,4034
1689018822258,-681,4034
1689018822261,-681,4034
1689018822264,-681,4034
1689018822267,-681,4034
1689018822270,-681,4034
1689018822273,-681,4034
1689018822276,-681,4034
1689018822279,-681,4034
1689018822282,-681,4034
1689018822285,-681,4034
1689018822288,-681,4034
1689018822292,-681,4034
1689018822295,-681,4034
1689018822298,-681,4034
1689018822301,-681,4034
1689018822303,-681,4034
1689018822306,-681,4034
1689018822309,-681,4034
1689018822312,-681,4034
1689018822315,-681,4034
1689018822318,-681,4034
1689018822321,-681,4034
1689018822324,-681,4034
1689018822327,-681,4034
1689018822330,-681,4034
1689018822333,-681,4034
1689018822336,-681,4034
1689018822339,-681,4034
1689018822342,-681,4034
1689018822345,-681,4034
1689018822348,-681,4034
1689018822351,-681,4034
1689018822354,-681,4034
1689018822357,-681,4034
1689018822360,-681,4034
1689018822363,-681,4034
1689018822366,-681,4034
1689018822369,-681,4034
1689018822372,-681,4034
1689018822375,-681,4034
1689018822378,-681,4034
1689018822381,-681,4034
1689018822384,-681,4034
1689018822387,-681,4034
1689018822390,-681,4034
1689018822393,-681,4034
1689018822396,-681,4034
1689018822399,-681,4034
1689018822402,-681,4034
1689018822405,-681,4034
1689018822408,-681,4034
1689018822412,-681,4034
1689018822415,-681,4034
1689018822418,-681,4034
1689018822420,-681,4034
1689018822423,-681,4034
1689018822426,-681,4034
1689018822429,-681,4034
1689018822432,-681,4034
1689018822435,-681,4034
1689018822438,-681,4034
1689018822441,-681,4034
1689018822444,-681,4034
1689018822447,-681,4034
1689018822450,-681,4034
1689018822453,-681,4034
1689018822456,-681,4034
1689018822459,-681,4034
1689018822462,-681,4034
1689018822473,-681,4034
1689018822476,-681,4034
1689018822479,-681,4034
1689018822482,-681,4034
1689018822485,-681,4034
1689018822487,-681,4034
1689018822490,-681,4034
1689018822493,-681,4034
1689018822496,-681,4034
1689018822499,-681,4034
1689018822501,-681,4034
1689018822505,-681,4034
1689018822508,-681,4034
1689018822511,-681,4034
1689018822514,-681,4034
1689018822518,-681,4034
1689018822521,-681,4034
1689018822524,-681,4034
1689018822527,-681,4034
1689018822530,-681,4034
1689018822533,-681,4034
1689018822536,-681,4034
1689018822539,-681,4034
1689018822542,-681,4034
1689018822546,-681,4034
1689018822549,-681,4034
1689018822552,-681,4034
1689018822555,-681,4034
1689018822558,-681,4034
1689018822561,-681,4034
1689018822564,-681,4034
1689018822567,-681,4034
1689018822571,-681,4034
1689018822574,-681,4034
1689018822577,-681,4034
1689018822580,-681,4034
1689018822583,-681,4034
1689018822586,-681,4034
1689018822589,-681,4034
1689018822593,-681,4034
1689018822596,-681,4034
1689018822599,-681,4034
1689018822602,-681,4034
1689018822605,-681,4034
1689018822608,-681,4034
1689018822612,-681,4034
1689018822615,-681,4034
1689018822618,-681,4034
1689018822621,-681,4034
1689018822624,-681,4034
1689018822627,-681,4034
1689018822630,-681,4034
1689018822634,-681,4034
1689018822637,-681,4034
1689018822640,-681,4034
1689018822643,-681,4034
1689018822646,-681,4034
1689018822650,-681,4034
1689018822653,-681,4034
1689018822656,-681,4034
1689018822659,-681,4034
1689018822662,-681,4034
1689018822666,-681,4034
1689018822669,-681,4034
1689018822672,-681,4034
1689018822676,-681,4034
1689018822686,-681,4034
1689018822689,-681,4034
1689018822692,-681,4034
1689018822695,-681,4034
1689018822698,-681,4034
1689018822701,-681,4034
1689018822703,-681,4034
1689018822706,-681,4034
1689018822709,-681,4034
1689018822712,-681,4034
1689018822715,-681,4034
1689018822718,-681,4034
1689018822721,-681,4034
1689018822724,-681,4034
1689018822727,-681,4034
1689018822730,-681,4034
1689018822733,-681,4034
1689018822736,-681,4034
1689018822738,-681,4034
1689018822741,-681,4034
1689018822744,-681,4034
1689018822747,-681,4034
1689018822750,-681,4034
1689018822759,-681,4034
