Timestamp,BATTERY_PROPERTY_CURRENT_NOW,EXTRA_VOLTAGE
1688932763748,520000,4142
1688932763753,520000,4142
1688932763756,520000,4142
1688932763759,520000,4142
1688932763763,520000,4142
1688932763767,520000,4142
1688932763770,520000,4142
1688932763774,520000,4142
1688932763777,520000,4142
1688932763782,520000,4142
1688932763785,520000,4142
1688932763789,520000,4142
1688932763792,520000,4142
1688932763795,520000,4142
1688932763798,520000,4142
1688932763802,520000,4142
1688932763805,520000,4142
1688932763808,520000,4142
1688932763811,520000,4142
1688932763814,520000,4142
1688932763817,520000,4142
1688932763820,520000,4142
1688932763823,520000,4142
1688932763825,520000,4142
1688932763828,520000,4142
1688932763832,520000,4142
1688932763835,520000,4142
1688932763839,520000,4142
1688932763842,520000,4142
1688932763845,520000,4142
1688932763848,520000,4142
1688932763851,520000,4142
1688932763856,520000,4142
1688932763859,520000,4142
1688932763862,520000,4142
1688932763865,520000,4142
1688932763868,520000,4142
1688932763870,520000,4142
1688932763873,520000,4142
1688932763876,520000,4142
1688932763879,520000,4142
1688932763882,520000,4142
1688932763885,520000,4142
1688932763888,520000,4142
1688932763892,520000,4142
1688932763895,520000,4142
1688932763898,520000,4142
1688932763901,520000,4142
1688932763904,520000,4142
1688932763907,520000,4142
1688932763911,520000,4142
1688932763914,520000,4142
1688932763917,520000,4142
1688932763921,520000,4142
1688932763924,520000,4142
1688932763928,520000,4142
1688932763931,520000,4142
1688932763935,520000,4142
1688932763939,520000,4142
1688932763942,520000,4142
1688932763946,520000,4142
1688932763949,520000,4142
1688932763953,520000,4142
1688932763957,520000,4142
1688932763960,520000,4142
1688932763963,520000,4142
1688932763967,520000,4142
1688932763970,231562,4142
1688932763973,231562,4142
1688932763977,231562,4142
1688932763980,231562,4142
1688932763984,231562,4142
1688932763987,231562,4142
1688932763990,231562,4142
1688932763994,231562,4142
1688932763998,231562,4142
1688932764001,231562,4142
1688932764005,231562,4142
1688932764008,231562,4142
1688932764012,231562,4142
1688932764015,231562,4142
1688932764019,231562,4142
1688932764023,231562,4142
1688932764026,231562,4142
1688932764030,231562,4142
1688932764034,231562,4142
1688932764037,231562,4142
1688932764041,231562,4142
1688932764045,231562,4142
1688932764048,231562,4142
1688932764052,231562,4142
1688932764055,231562,4142
1688932764059,231562,4142
1688932764063,231562,4142
1688932764066,231562,4142
1688932764070,231562,4142
1688932764073,231562,4142
1688932764077,231562,4142
1688932764081,231562,4142
1688932764085,231562,4142
1688932764089,231562,4142
1688932764093,231562,4142
1688932764096,231562,4142
1688932764100,231562,4142
1688932764104,231562,4142
1688932764107,231562,4142
1688932764111,231562,4142
1688932764115,231562,4142
1688932764118,231562,4142
1688932764122,231562,4142
1688932764126,231562,4142
1688932764130,231562,4142
1688932764134,231562,4142
1688932764139,231562,4142
1688932764142,231562,4142
1688932764146,231562,4142
1688932764150,231562,4142
1688932764153,231562,4142
1688932764157,231562,4142
1688932764161,231562,4142
1688932764165,231562,4142
1688932764168,231562,4142
1688932764173,231562,4142
1688932764176,231562,4142
1688932764180,231562,4142
1688932764183,231562,4142
1688932764187,231562,4142
1688932764190,231562,4142
1688932764194,231562,4142
1688932764198,231562,4142
1688932764202,231562,4142
1688932764206,231562,4142
1688932764209,231562,4142
1688932764213,231562,4142
1688932764217,231562,4142
1688932764220,231562,4142
1688932764224,231562,4142
1688932764227,231562,4142
1688932764231,231562,4142
1688932764235,231562,4142
1688932764238,231562,4142
1688932764242,231562,4142
1688932764246,231562,4142
1688932764249,231562,4142
1688932764252,231562,4142
1688932764256,231562,4142
1688932764259,231562,4142
1688932764263,231562,4142
1688932764267,231562,4142
1688932764271,231562,4142
1688932764276,231562,4142
1688932764280,231562,4142
1688932764284,231562,4142
1688932764290,231562,4142
1688932764293,231562,4142
1688932764296,231562,4142
1688932764299,231562,4142
1688932764302,231562,4142
1688932764305,231562,4142
1688932764308,231562,4142
1688932764311,231562,4142
1688932764315,231562,4142
1688932764318,231562,4142
1688932764322,231562,4142
1688932764325,166562,4142
1688932764329,166562,4142
1688932764334,166562,4142
1688932764339,166562,4142
1688932764342,166562,4142
1688932764346,166562,4142
1688932764350,166562,4142
1688932764354,166562,4142
1688932764358,166562,4142
1688932764362,166562,4142
1688932764366,166562,4142
1688932764370,166562,4142
1688932764373,166562,4142
1688932764377,166562,4142
1688932764380,166562,4142
1688932764384,166562,4142
1688932764387,166562,4142
1688932764391,166562,4142
1688932764394,166562,4142
1688932764398,166562,4142
1688932764402,166562,4142
1688932764406,166562,4142
1688932764409,166562,4142
1688932764413,166562,4142
1688932764417,166562,4142
1688932764421,166562,4142
1688932764424,166562,4142
1688932764429,166562,4142
1688932764433,166562,4142
1688932764437,166562,4142
1688932764441,166562,4142
1688932764444,166562,4142
1688932764448,166562,4142
1688932764452,166562,4142
1688932764455,166562,4142
1688932764459,166562,4142
1688932764462,166562,4142
1688932764466,166562,4142
1688932764471,166562,4142
1688932764476,166562,4142
1688932764480,166562,4142
1688932764484,166562,4142
1688932764489,166562,4142
1688932764494,166562,4142
1688932764498,166562,4142
1688932764502,166562,4142
1688932764505,166562,4142
1688932764509,166562,4142
1688932764514,166562,4142
1688932764518,166562,4142
1688932764521,166562,4142
1688932764525,166562,4142
1688932764529,166562,4142
1688932764533,166562,4142
1688932764537,166562,4142
1688932764540,166562,4142
1688932764544,166562,4142
1688932764548,166562,4142
1688932764551,166562,4142
1688932764555,166562,4142
1688932764558,166562,4142
1688932764562,166562,4142
1688932764565,166562,4142
1688932764569,166562,4142
1688932764573,166562,4142
1688932764578,166562,4142
1688932764582,166562,4142
1688932764585,166562,4142
1688932764589,166562,4142
1688932764592,166562,4142
1688932764596,166562,4142
1688932764600,166562,4142
1688932764604,166562,4142
1688932764608,166562,4142
1688932764612,166562,4142
1688932764615,166562,4142
1688932764619,166562,4142
1688932764623,166562,4142
1688932764626,166562,4142
1688932764630,166562,4142
1688932764633,166562,4142
1688932764637,166562,4142
1688932764641,166562,4142
1688932764644,166562,4142
1688932764648,166562,4142
1688932764652,166562,4142
1688932764655,166562,4142
1688932764658,166562,4142
1688932764662,166562,4142
1688932764665,166562,4142
1688932764668,166562,4142
1688932764672,144687,4142
1688932764675,144687,4142
1688932764679,144687,4142
1688932764684,144687,4142
1688932764689,144687,4142
1688932764693,144687,4142
1688932764697,144687,4142
1688932764702,144687,4142
1688932764706,144687,4142
1688932764710,144687,4142
1688932764713,144687,4142
1688932764717,144687,4142
1688932764721,144687,4142
1688932764725,144687,4142
1688932764729,144687,4142
1688932764733,144687,4142
1688932764737,144687,4142
1688932764741,144687,4142
1688932764745,144687,4142
1688932764748,144687,4142
1688932764752,144687,4142
1688932764755,144687,4142
1688932764759,144687,4142
1688932764763,144687,4142
1688932764766,144687,4142
1688932764770,144687,4142
1688932764773,144687,4142
1688932764777,144687,4142
1688932764781,144687,4142
1688932764785,144687,4142
1688932764789,144687,4142
1688932764793,144687,4142
1688932764798,144687,4142
1688932764802,144687,4142
1688932764807,144687,4142
1688932764810,144687,4142
1688932764814,144687,4142
1688932764819,144687,4142
1688932764822,144687,4142
1688932764826,144687,4142
1688932764830,144687,4142
1688932764834,144687,4142
1688932764838,144687,4142
1688932764843,144687,4142
1688932764848,144687,4142
1688932764852,144687,4142
1688932764856,144687,4142
1688932764860,144687,4142
1688932764863,144687,4142
1688932764867,144687,4142
1688932764871,144687,4142
1688932764876,144687,4142
1688932764881,144687,4142
1688932764885,144687,4142
1688932764889,144687,4142
1688932764893,144687,4142
1688932764897,144687,4142
1688932764901,144687,4142
1688932764905,144687,4142
1688932764909,144687,4142
1688932764912,144687,4142
1688932764916,144687,4142
1688932764920,144687,4142
1688932764923,144687,4142
1688932764927,144687,4142
1688932764930,144687,4142
1688932764934,144687,4142
1688932764939,144687,4142
1688932764942,144687,4142
1688932764946,144687,4142
1688932764950,144687,4142
1688932764954,144687,4142
1688932764957,144687,4142
1688932764960,144687,4142
1688932764963,144687,4142
1688932764967,144687,4142
1688932764970,144687,4142
1688932764974,144687,4142
1688932764977,144687,4142
1688932764984,144687,4142
1688932764988,144687,4142
1688932764992,144687,4142
1688932764995,144687,4142
1688932764999,144687,4142
1688932765002,144687,4142
1688932765006,144687,4142
1688932765010,144687,4142
1688932765013,144687,4142
1688932765017,144687,4142
1688932765020,144687,4142
1688932765024,233437,4142
1688932765028,233437,4142
1688932765031,233437,4142
1688932765035,233437,4142
1688932765038,233437,4142
1688932765041,233437,4142
1688932765044,233437,4142
1688932765048,233437,4142
1688932765051,233437,4142
1688932765055,233437,4142
1688932765058,233437,4142
1688932765061,233437,4142
1688932765064,233437,4142
1688932765067,233437,4142
1688932765070,233437,4142
1688932765074,233437,4142
1688932765078,233437,4142
1688932765081,233437,4142
1688932765085,233437,4142
1688932765088,233437,4142
1688932765092,233437,4142
1688932765095,233437,4142
1688932765099,233437,4142
1688932765102,233437,4142
1688932765105,233437,4142
1688932765109,233437,4142
1688932765112,233437,4142
1688932765116,233437,4142
1688932765119,233437,4142
1688932765122,233437,4142
1688932765126,233437,4142
1688932765129,233437,4142
1688932765132,233437,4142
1688932765136,233437,4142
1688932765139,233437,4142
1688932765142,233437,4142
1688932765146,233437,4142
1688932765149,233437,4142
1688932765153,233437,4142
1688932765157,233437,4142
1688932765160,233437,4142
1688932765163,233437,4142
1688932765167,233437,4142
1688932765170,233437,4142
1688932765174,233437,4142
1688932765177,233437,4142
1688932765180,233437,4142
1688932765183,233437,4142
1688932765187,233437,4142
1688932765190,233437,4142
1688932765193,233437,4142
1688932765197,233437,4142
1688932765200,233437,4142
1688932765204,233437,4142
1688932765208,233437,4142
1688932765211,233437,4142
1688932765215,233437,4142
1688932765219,233437,4142
1688932765223,233437,4142
1688932765227,233437,4142
1688932765231,233437,4142
1688932765235,233437,4142
1688932765239,233437,4142
1688932765242,233437,4142
1688932765246,233437,4142
1688932765249,233437,4142
1688932765252,233437,4142
1688932765256,233437,4142
1688932765259,233437,4142
1688932765262,233437,4142
1688932765266,233437,4142
1688932765269,233437,4142
1688932765273,233437,4142
1688932765276,233437,4142
1688932765280,233437,4142
1688932765285,233437,4142
1688932765289,233437,4142
1688932765293,233437,4142
1688932765297,233437,4142
1688932765300,233437,4142
1688932765304,233437,4142
1688932765308,233437,4142
1688932765313,233437,4142
1688932765318,233437,4142
1688932765322,233437,4142
1688932765326,233437,4142
1688932765331,233437,4142
1688932765335,233437,4142
1688932765339,233437,4142
1688932765343,233437,4142
1688932765347,233437,4142
1688932765351,233437,4142
1688932765355,233437,4142
1688932765358,233437,4142
1688932765362,233437,4142
1688932765366,233437,4142
1688932765370,149375,4142
1688932765374,149375,4142
1688932765378,149375,4142
1688932765382,149375,4142
1688932765386,149375,4142
1688932765390,149375,4142
1688932765393,149375,4142
1688932765397,149375,4142
1688932765402,149375,4142
1688932765406,149375,4142
1688932765410,149375,4142
1688932765413,149375,4142
1688932765417,149375,4142
1688932765421,149375,4142
1688932765424,149375,4142
1688932765429,149375,4142
1688932765434,149375,4142
1688932765437,149375,4142
1688932765441,149375,4142
1688932765445,149375,4142
1688932765449,149375,4142
1688932765452,149375,4142
1688932765456,149375,4142
1688932765460,149375,4142
1688932765464,149375,4142
1688932765468,149375,4142
1688932765472,149375,4142
1688932765475,149375,4142
1688932765480,149375,4142
1688932765484,149375,4142
1688932765488,149375,4142
1688932765492,149375,4142
1688932765495,149375,4142
1688932765499,149375,4142
1688932765503,149375,4142
1688932765509,149375,4142
1688932765512,149375,4142
1688932765515,149375,4142
1688932765519,149375,4142
1688932765522,149375,4142
1688932765525,149375,4142
1688932765528,149375,4142
1688932765531,149375,4142
1688932765534,149375,4142
1688932765538,149375,4142
1688932765541,149375,4142
1688932765544,149375,4142
1688932765547,149375,4142
1688932765551,149375,4142
1688932765554,149375,4142
1688932765559,149375,4142
1688932765562,149375,4142
1688932765566,149375,4142
1688932765569,149375,4142
1688932765573,149375,4142
1688932765576,149375,4142
1688932765579,149375,4142
1688932765583,149375,4142
1688932765586,149375,4142
1688932765589,149375,4142
1688932765593,149375,4142
1688932765597,149375,4142
1688932765601,149375,4142
1688932765605,149375,4142
1688932765609,149375,4142
1688932765613,149375,4142
1688932765618,149375,4142
1688932765622,149375,4142
1688932765626,149375,4142
1688932765631,149375,4142
1688932765635,149375,4142
1688932765640,149375,4142
1688932765644,149375,4142
1688932765648,149375,4142
1688932765651,149375,4142
1688932765655,149375,4142
1688932765658,149375,4142
1688932765662,149375,4142
1688932765665,149375,4142
1688932765669,149375,4142
1688932765672,149375,4142
1688932765675,149375,4142
1688932765678,149375,4142
1688932765682,149375,4142
1688932765685,149375,4142
1688932765688,149375,4142
1688932765693,149375,4142
1688932765697,149375,4142
1688932765701,149375,4142
1688932765705,149375,4142
1688932765708,149375,4142
1688932765712,149375,4142
1688932765715,149375,4142
1688932765719,129062,4142
1688932765723,129062,4142
1688932765726,129062,4142
1688932765731,129062,4142
1688932765737,129062,4142
1688932765741,129062,4142
1688932765745,129062,4142
1688932765749,129062,4142
1688932765753,129062,4142
1688932765757,129062,4142
1688932765761,129062,4142
1688932765765,129062,4142
1688932765768,129062,4142
1688932765772,129062,4142
1688932765776,129062,4142
1688932765779,129062,4142
1688932765784,129062,4142
1688932765788,129062,4142
1688932765792,129062,4142
1688932765796,129062,4142
1688932765800,129062,4142
1688932765804,129062,4142
1688932765808,129062,4142
1688932765812,129062,4142
1688932765817,129062,4142
1688932765821,129062,4142
1688932765824,129062,4142
1688932765829,129062,4142
1688932765834,129062,4142
1688932765839,129062,4142
1688932765843,129062,4142
1688932765847,129062,4142
1688932765851,129062,4142
1688932765856,129062,4142
1688932765861,129062,4142
1688932765865,129062,4142
1688932765869,129062,4142
1688932765874,129062,4142
1688932765878,129062,4142
1688932765881,129062,4142
1688932765884,129062,4142
1688932765889,129062,4142
1688932765893,129062,4142
1688932765898,129062,4142
1688932765902,129062,4142
1688932765906,129062,4142
1688932765910,129062,4142
1688932765914,129062,4142
1688932765918,129062,4142
1688932765922,129062,4142
1688932765925,129062,4142
1688932765929,129062,4142
1688932765932,129062,4142
1688932765936,129062,4142
1688932765939,129062,4142
1688932765943,129062,4142
1688932765946,129062,4142
1688932765949,129062,4142
1688932765953,129062,4142
1688932765958,129062,4142
1688932765962,129062,4142
1688932765965,129062,4142
1688932765969,129062,4142
1688932765973,129062,4142
1688932765976,129062,4142
1688932765979,129062,4142
1688932765983,129062,4142
1688932765987,129062,4142
1688932765991,129062,4142
1688932765996,129062,4142
1688932765999,129062,4142
1688932766004,129062,4142
1688932766008,129062,4142
1688932766011,129062,4142
1688932766015,129062,4142
1688932766019,129062,4142
1688932766022,129062,4142
1688932766026,129062,4142
1688932766030,129062,4142
1688932766033,129062,4142
1688932766037,129062,4142
1688932766041,129062,4142
1688932766045,129062,4142
1688932766050,129062,4142
1688932766054,129062,4142
1688932766058,129062,4142
1688932766062,129062,4142
1688932766065,139687,4142
1688932766069,139687,4142
1688932766072,139687,4142
1688932766076,139687,4142
1688932766080,139687,4142
1688932766084,139687,4142
1688932766087,139687,4142
1688932766091,139687,4142
1688932766094,139687,4142
1688932766098,139687,4142
1688932766101,139687,4142
1688932766105,139687,4142
1688932766108,139687,4142
1688932766112,139687,4142
1688932766115,139687,4142
1688932766118,139687,4142
1688932766121,139687,4142
1688932766124,139687,4142
1688932766128,139687,4142
1688932766131,139687,4142
1688932766134,139687,4142
1688932766137,139687,4142
1688932766141,139687,4142
1688932766144,139687,4142
1688932766147,139687,4142
1688932766150,139687,4142
1688932766154,139687,4142
1688932766157,139687,4142
1688932766160,139687,4142
1688932766163,139687,4142
1688932766167,139687,4142
1688932766170,139687,4142
1688932766173,139687,4142
1688932766176,139687,4142
1688932766179,139687,4142
1688932766182,139687,4142
1688932766186,139687,4142
1688932766189,139687,4142
1688932766192,139687,4142
1688932766195,139687,4142
1688932766199,139687,4142
1688932766204,139687,4142
1688932766207,139687,4142
1688932766211,139687,4142
1688932766214,139687,4142
1688932766217,139687,4142
1688932766221,139687,4142
1688932766224,139687,4142
1688932766228,139687,4142
1688932766231,139687,4142
1688932766235,139687,4142
1688932766238,139687,4142
1688932766242,139687,4142
1688932766245,139687,4142
1688932766248,139687,4142
1688932766252,139687,4142
1688932766255,139687,4142
1688932766259,139687,4142
1688932766262,139687,4142
1688932766265,139687,4142
1688932766269,139687,4142
1688932766272,139687,4142
1688932766276,139687,4142
1688932766280,139687,4142
1688932766283,139687,4142
1688932766287,139687,4142
1688932766290,139687,4142
1688932766294,139687,4142
1688932766298,139687,4142
1688932766301,139687,4142
1688932766305,139687,4142
1688932766308,139687,4142
1688932766311,139687,4142
1688932766315,139687,4142
1688932766318,139687,4142
1688932766322,139687,4142
1688932766326,139687,4142
1688932766331,139687,4142
1688932766335,139687,4142
1688932766339,139687,4142
1688932766342,139687,4142
1688932766346,139687,4142
1688932766350,139687,4142
1688932766354,139687,4142
1688932766358,139687,4142
1688932766363,139687,4142
1688932766368,139687,4142
1688932766372,139687,4142
1688932766376,139687,4142
1688932766380,139687,4142
1688932766384,139687,4142
1688932766387,139687,4142
1688932766392,139687,4142
1688932766397,139687,4142
1688932766401,139687,4142
1688932766404,139687,4142
1688932766408,139687,4142
1688932766412,139687,4142
1688932766416,139687,4142
1688932766420,139687,4142
1688932766424,122812,4142
1688932766428,122812,4142
1688932766431,122812,4142
1688932766434,122812,4142
1688932766437,122812,4142
1688932766441,122812,4142
1688932766445,122812,4142
1688932766449,122812,4142
1688932766452,122812,4142
1688932766456,122812,4142
1688932766459,122812,4142
1688932766463,122812,4142
1688932766466,122812,4142
1688932766470,122812,4142
1688932766473,122812,4142
1688932766476,122812,4142
1688932766479,122812,4142
1688932766483,122812,4142
1688932766487,122812,4142
1688932766490,122812,4142
1688932766494,122812,4142
1688932766498,122812,4142
1688932766502,122812,4142
1688932766506,122812,4142
1688932766510,122812,4142
1688932766514,122812,4142
1688932766517,122812,4142
1688932766521,122812,4142
1688932766524,122812,4142
1688932766528,122812,4142
1688932766532,122812,4142
1688932766536,122812,4142
1688932766540,122812,4142
1688932766544,122812,4142
1688932766548,122812,4142
1688932766553,122812,4142
1688932766556,122812,4142
1688932766561,122812,4142
1688932766564,122812,4142
1688932766569,122812,4142
1688932766573,122812,4142
1688932766577,122812,4142
1688932766581,122812,4142
1688932766584,122812,4142
1688932766588,122812,4142
1688932766591,122812,4142
1688932766595,122812,4142
1688932766598,122812,4142
1688932766601,122812,4142
1688932766605,122812,4142
1688932766608,122812,4142
1688932766612,122812,4142
1688932766616,122812,4142
1688932766619,122812,4142
1688932766623,122812,4142
1688932766626,122812,4142
1688932766630,122812,4142
1688932766634,122812,4142
1688932766638,122812,4142
1688932766641,122812,4142
1688932766644,122812,4142
1688932766648,122812,4142
1688932766651,122812,4142
1688932766655,122812,4142
1688932766658,122812,4142
1688932766661,122812,4142
1688932766665,122812,4142
1688932766668,122812,4142
1688932766671,122812,4142
1688932766675,122812,4142
1688932766678,122812,4142
1688932766681,122812,4142
1688932766684,122812,4142
1688932766688,122812,4142
1688932766691,122812,4142
1688932766695,122812,4142
1688932766698,122812,4142
1688932766701,122812,4142
1688932766705,122812,4142
1688932766708,122812,4142
1688932766712,122812,4142
1688932766715,122812,4142
1688932766718,122812,4142
1688932766722,122812,4142
1688932766725,122812,4142
1688932766729,122812,4142
1688932766732,122812,4142
1688932766735,122812,4142
1688932766739,122812,4142
1688932766742,122812,4142
1688932766746,122812,4142
1688932766749,122812,4142
1688932766753,122812,4142
1688932766757,122812,4142
1688932766760,122812,4142
1688932766764,122812,4142
1688932766768,133437,4142
1688932766771,133437,4142
1688932766775,133437,4142
1688932766779,133437,4142
1688932766782,133437,4142
1688932766786,133437,4142
1688932766789,133437,4142
1688932766793,133437,4142
1688932766797,133437,4142
1688932766800,133437,4142
1688932766804,133437,4142
1688932766807,133437,4142
1688932766811,133437,4142
1688932766814,133437,4142
1688932766818,133437,4142
1688932766821,133437,4142
1688932766824,133437,4142
1688932766828,133437,4142
1688932766831,133437,4142
1688932766835,133437,4142
1688932766838,133437,4142
1688932766841,133437,4142
1688932766846,133437,4142
1688932766850,133437,4142
1688932766853,133437,4142
1688932766857,133437,4142
1688932766861,133437,4142
1688932766866,133437,4142
1688932766870,133437,4142
1688932766873,133437,4142
1688932766877,133437,4142
1688932766881,133437,4142
1688932766884,133437,4142
1688932766888,133437,4142
1688932766893,133437,4142
1688932766897,133437,4142
1688932766900,133437,4142
1688932766904,133437,4142
1688932766908,133437,4142
1688932766911,133437,4142
1688932766915,133437,4142
1688932766918,133437,4142
1688932766922,133437,4142
1688932766925,133437,4142
1688932766928,133437,4142
1688932766932,133437,4142
1688932766935,133437,4142
1688932766938,133437,4142
1688932766941,133437,4142
1688932766944,133437,4142
1688932766947,133437,4142
1688932766950,133437,4142
1688932766955,133437,4142
1688932766958,133437,4142
1688932766962,133437,4142
1688932766966,133437,4142
1688932766970,133437,4142
1688932766974,133437,4142
1688932766979,133437,4142
1688932766983,133437,4142
1688932766986,133437,4142
1688932766990,133437,4142
1688932766993,133437,4142
1688932766997,133437,4142
1688932767000,133437,4142
1688932767004,133437,4142
1688932767007,133437,4142
1688932767011,133437,4142
1688932767014,133437,4142
1688932767018,133437,4142
1688932767021,133437,4142
1688932767025,133437,4142
1688932767028,133437,4142
1688932767031,133437,4142
1688932767035,133437,4142
1688932767038,133437,4142
1688932767042,133437,4142
1688932767045,133437,4142
1688932767049,133437,4142
1688932767052,133437,4142
1688932767055,133437,4142
1688932767059,133437,4142
1688932767062,133437,4142
1688932767065,133437,4142
1688932767068,133437,4142
1688932767072,133437,4142
1688932767075,133437,4142
1688932767078,133437,4142
1688932767082,133437,4142
1688932767085,133437,4142
1688932767089,133437,4142
1688932767093,133437,4142
1688932767097,133437,4142
1688932767101,133437,4142
1688932767104,133437,4142
1688932767108,133437,4142
1688932767111,133437,4142
1688932767114,133437,4142
1688932767119,133437,4142
1688932767123,145625,4142
1688932767127,145625,4142
1688932767130,145625,4142
1688932767134,145625,4142
1688932767138,145625,4142
1688932767141,145625,4142
1688932767145,145625,4142
1688932767148,145625,4142
1688932767152,145625,4142
1688932767156,145625,4142
1688932767160,145625,4142
1688932767163,145625,4142
1688932767167,145625,4142
1688932767170,145625,4142
1688932767174,145625,4142
1688932767178,145625,4142
1688932767181,145625,4142
1688932767185,145625,4142
1688932767188,145625,4142
1688932767192,145625,4142
1688932767196,145625,4142
1688932767200,145625,4142
1688932767203,145625,4142
1688932767207,145625,4142
1688932767211,145625,4142
1688932767215,145625,4142
1688932767219,145625,4142
1688932767223,145625,4142
1688932767227,145625,4142
1688932767230,145625,4142
1688932767234,145625,4142
1688932767237,145625,4142
1688932767240,145625,4142
1688932767243,145625,4142
1688932767247,145625,4142
1688932767250,145625,4142
1688932767253,145625,4142
1688932767257,145625,4142
1688932767260,145625,4142
1688932767263,145625,4142
1688932767266,145625,4142
1688932767270,145625,4142
1688932767273,145625,4142
1688932767276,145625,4142
1688932767279,145625,4142
1688932767283,145625,4142
1688932767286,145625,4142
1688932767289,145625,4142
1688932767293,145625,4142
1688932767296,145625,4142
1688932767299,145625,4142
1688932767303,145625,4142
1688932767306,145625,4142
1688932767309,145625,4142
1688932767313,145625,4142
1688932767316,145625,4142
1688932767320,145625,4142
1688932767323,145625,4142
1688932767327,145625,4142
1688932767330,145625,4142
1688932767334,145625,4142
1688932767337,145625,4142
1688932767340,145625,4142
1688932767344,145625,4142
1688932767347,145625,4142
1688932767351,145625,4142
1688932767354,145625,4142
1688932767358,145625,4142
1688932767361,145625,4142
1688932767364,145625,4142
1688932767368,145625,4142
1688932767371,145625,4142
1688932767374,145625,4142
1688932767377,145625,4142
1688932767379,145625,4142
1688932767382,145625,4142
1688932767386,145625,4142
1688932767389,145625,4142
1688932767392,145625,4142
1688932767395,145625,4142
1688932767398,145625,4142
1688932767401,145625,4142
1688932767404,145625,4142
1688932767407,145625,4142
1688932767411,145625,4142
1688932767415,145625,4142
1688932767418,145625,4142
1688932767421,145625,4142
1688932767424,145625,4142
1688932767427,145625,4142
1688932767430,145625,4142
1688932767433,145625,4142
1688932767436,145625,4142
1688932767439,145625,4142
1688932767442,145625,4142
1688932767445,145625,4142
1688932767448,145625,4142
1688932767451,145625,4142
1688932767454,145625,4142
1688932767457,145625,4142
1688932767461,145625,4142
1688932767464,145625,4142
1688932767467,286562,4142
1688932767471,286562,4142
1688932767474,286562,4142
1688932767478,286562,4142
1688932767481,286562,4142
1688932767484,286562,4142
1688932767488,286562,4142
1688932767491,286562,4142
1688932767494,286562,4142
1688932767497,286562,4142
1688932767500,286562,4142
1688932767504,286562,4142
1688932767507,286562,4142
1688932767511,286562,4142
1688932767514,286562,4142
1688932767517,286562,4142
1688932767520,286562,4142
1688932767524,286562,4142
1688932767527,286562,4142
1688932767531,286562,4142
1688932767534,286562,4142
1688932767537,286562,4142
1688932767541,286562,4142
1688932767544,286562,4142
1688932767548,286562,4142
1688932767551,286562,4142
1688932767554,286562,4142
1688932767557,286562,4142
1688932767561,286562,4142
1688932767564,286562,4142
1688932767567,286562,4142
1688932767571,286562,4142
1688932767574,286562,4142
1688932767577,286562,4142
1688932767581,286562,4142
1688932767585,286562,4142
1688932767588,286562,4142
1688932767592,286562,4142
1688932767596,286562,4142
1688932767600,286562,4142
1688932767604,286562,4142
1688932767608,286562,4142
1688932767612,286562,4142
1688932767615,286562,4142
1688932767618,286562,4142
1688932767621,286562,4142
1688932767624,286562,4142
1688932767627,286562,4142
1688932767631,286562,4142
1688932767634,286562,4142
1688932767638,286562,4142
1688932767641,286562,4142
1688932767645,286562,4142
1688932767648,286562,4142
1688932767651,286562,4142
1688932767654,286562,4142
1688932767658,286562,4142
1688932767661,286562,4142
1688932767665,286562,4142
1688932767668,286562,4142
1688932767672,286562,4142
1688932767675,286562,4142
1688932767679,286562,4142
1688932767683,286562,4142
1688932767687,286562,4142
1688932767691,286562,4142
1688932767694,286562,4142
1688932767698,286562,4142
1688932767701,286562,4142
1688932767705,286562,4142
1688932767709,286562,4142
1688932767712,286562,4142
1688932767716,286562,4142
1688932767719,286562,4142
1688932767722,286562,4142
1688932767726,286562,4142
1688932767729,286562,4142
1688932767733,286562,4142
1688932767736,286562,4142
1688932767740,286562,4142
1688932767744,286562,4142
1688932767747,286562,4142
1688932767751,286562,4142
1688932767754,286562,4142
1688932767759,286562,4142
1688932767762,286562,4142
1688932767766,286562,4142
1688932767769,286562,4142
1688932767773,286562,4142
1688932767776,286562,4142
1688932767781,286562,4142
1688932767785,286562,4142
1688932767789,286562,4142
1688932767793,286562,4142
1688932767799,286562,4142
1688932767803,286562,4142
1688932767806,286562,4142
1688932767809,286562,4142
1688932767813,286562,4142
1688932767816,286562,4142
1688932767820,286562,4142
1688932767824,286562,4142
1688932767827,286562,4142
1688932767830,138750,4142
1688932767834,138750,4142
1688932767837,138750,4142
1688932767842,138750,4142
1688932767846,138750,4142
1688932767850,138750,4142
1688932767854,138750,4142
1688932767858,138750,4142
1688932767862,138750,4142
1688932767866,138750,4142
1688932767870,138750,4142
1688932767873,138750,4142
1688932767877,138750,4142
1688932767882,138750,4142
1688932767886,138750,4142
1688932767890,138750,4142
1688932767894,138750,4142
1688932767898,138750,4142
1688932767902,138750,4142
1688932767906,138750,4142
1688932767909,138750,4142
1688932767912,138750,4142
1688932767916,138750,4142
1688932767920,138750,4142
1688932767924,138750,4142
1688932767928,138750,4142
1688932767933,138750,4142
1688932767937,138750,4142
1688932767940,138750,4142
1688932767943,138750,4142
1688932767947,138750,4142
1688932767950,138750,4142
1688932767953,138750,4142
1688932767956,138750,4142
1688932767960,138750,4142
1688932767963,138750,4142
1688932767966,138750,4142
1688932767970,138750,4142
1688932767974,138750,4142
1688932767977,138750,4142
1688932767981,138750,4142
1688932767985,138750,4142
1688932767989,138750,4142
1688932767995,138750,4142
1688932767999,138750,4142
1688932768002,138750,4142
1688932768006,138750,4142
1688932768009,138750,4142
1688932768013,138750,4142
1688932768017,138750,4142
1688932768021,138750,4142
1688932768024,138750,4142
1688932768028,138750,4142
1688932768031,138750,4142
1688932768034,138750,4142
1688932768038,138750,4142
1688932768041,138750,4142
1688932768044,138750,4142
1688932768047,138750,4142
1688932768051,138750,4142
1688932768055,138750,4142
1688932768058,138750,4142
1688932768061,138750,4142
1688932768064,138750,4142
1688932768068,138750,4142
1688932768071,138750,4142
1688932768075,138750,4142
1688932768078,138750,4142
1688932768081,138750,4142
1688932768084,138750,4142
1688932768088,138750,4142
1688932768091,138750,4142
1688932768095,138750,4142
1688932768098,138750,4142
1688932768102,138750,4142
1688932768106,138750,4142
1688932768110,138750,4142
1688932768114,138750,4142
1688932768119,138750,4142
1688932768123,138750,4142
1688932768127,138750,4142
1688932768131,138750,4142
1688932768135,138750,4142
1688932768139,138750,4142
1688932768143,138750,4142
1688932768146,138750,4142
1688932768150,138750,4142
1688932768154,138750,4142
1688932768158,138750,4142
1688932768162,138750,4142
1688932768165,138750,4142
1688932768169,121875,4142
1688932768173,121875,4142
1688932768177,121875,4142
1688932768181,121875,4142
1688932768184,121875,4142
1688932768188,121875,4142
1688932768191,121875,4142
1688932768195,121875,4142
1688932768198,121875,4142
1688932768201,121875,4142
1688932768204,121875,4142
1688932768208,121875,4142
1688932768212,121875,4142
1688932768215,121875,4142
1688932768219,121875,4142
1688932768223,121875,4142
1688932768226,121875,4142
1688932768231,121875,4142
1688932768235,121875,4142
1688932768239,121875,4142
1688932768243,121875,4142
1688932768246,121875,4142
1688932768250,121875,4142
1688932768254,121875,4142
1688932768257,121875,4142
1688932768261,121875,4142
1688932768264,121875,4142
1688932768269,121875,4142
1688932768273,121875,4142
1688932768277,121875,4142
1688932768281,121875,4142
1688932768285,121875,4142
1688932768289,121875,4142
1688932768292,121875,4142
1688932768296,121875,4142
1688932768299,121875,4142
1688932768303,121875,4142
1688932768307,121875,4142
1688932768310,121875,4142
1688932768312,121875,4142
1688932768315,121875,4142
1688932768317,121875,4142
1688932768320,121875,4142
1688932768323,121875,4142
1688932768325,121875,4142
1688932768328,121875,4142
1688932768332,121875,4142
1688932768336,121875,4142
1688932768341,121875,4142
1688932768344,121875,4142
1688932768348,121875,4142
1688932768351,121875,4142
1688932768354,121875,4142
1688932768358,121875,4142
1688932768361,121875,4142
1688932768364,121875,4142
1688932768368,121875,4142
1688932768372,121875,4142
1688932768376,121875,4142
1688932768379,121875,4142
1688932768382,121875,4142
1688932768386,121875,4142
1688932768390,121875,4142
1688932768394,121875,4142
1688932768399,121875,4142
1688932768402,121875,4142
1688932768405,121875,4142
1688932768409,121875,4142
1688932768412,121875,4142
1688932768416,121875,4142
1688932768420,121875,4142
1688932768424,121875,4142
1688932768428,121875,4142
1688932768431,121875,4142
1688932768435,121875,4142
1688932768438,121875,4142
1688932768442,121875,4142
1688932768445,121875,4142
1688932768448,121875,4142
1688932768452,121875,4142
1688932768455,121875,4142
1688932768458,121875,4142
1688932768461,121875,4142
1688932768464,121875,4142
1688932768467,121875,4142
1688932768471,121875,4142
1688932768474,121875,4142
1688932768478,121875,4142
1688932768481,121875,4142
1688932768485,121875,4142
1688932768488,121875,4142
1688932768492,121875,4142
1688932768495,121875,4142
1688932768499,121875,4142
1688932768503,121875,4142
1688932768506,121875,4142
1688932768509,121875,4142
1688932768513,121875,4142
1688932768516,121875,4142
1688932768520,121875,4142
1688932768523,209687,4142
1688932768527,209687,4142
1688932768530,209687,4142
1688932768534,209687,4142
1688932768538,209687,4142
1688932768544,209687,4142
1688932768548,209687,4142
1688932768551,209687,4142
1688932768554,209687,4142
1688932768557,209687,4142
1688932768560,209687,4142
1688932768563,209687,4142
1688932768567,209687,4142
1688932768570,209687,4142
1688932768573,209687,4142
1688932768576,209687,4142
1688932768579,209687,4142
1688932768583,209687,4142
1688932768586,209687,4142
1688932768589,209687,4142
1688932768592,209687,4142
1688932768596,209687,4142
1688932768599,209687,4142
1688932768602,209687,4142
1688932768606,209687,4142
1688932768609,209687,4142
1688932768612,209687,4142
1688932768616,209687,4142
1688932768619,209687,4142
1688932768622,209687,4142
1688932768626,209687,4142
1688932768630,209687,4142
1688932768633,209687,4142
1688932768636,209687,4142
1688932768640,209687,4142
1688932768643,209687,4142
1688932768646,209687,4142
1688932768650,209687,4142
1688932768653,209687,4142
1688932768656,209687,4142
1688932768660,209687,4142
1688932768663,209687,4142
1688932768667,209687,4142
1688932768670,209687,4142
1688932768674,209687,4142
1688932768677,209687,4142
1688932768681,209687,4142
1688932768685,209687,4142
1688932768689,209687,4142
1688932768693,209687,4142
1688932768697,209687,4142
1688932768701,209687,4142
1688932768704,209687,4142
1688932768708,209687,4142
1688932768712,209687,4142
1688932768716,209687,4142
1688932768719,209687,4142
1688932768722,209687,4142
1688932768724,209687,4142
1688932768728,209687,4142
1688932768731,209687,4142
1688932768733,209687,4142
1688932768736,209687,4142
1688932768739,209687,4142
1688932768741,209687,4142
1688932768744,209687,4142
1688932768746,209687,4142
1688932768749,209687,4142
1688932768752,209687,4142
1688932768755,209687,4142
1688932768758,209687,4142
1688932768760,209687,4142
1688932768763,209687,4142
1688932768766,209687,4142
1688932768770,209687,4142
1688932768773,209687,4142
1688932768776,209687,4142
1688932768779,209687,4142
1688932768783,209687,4142
1688932768787,209687,4142
1688932768790,209687,4142
1688932768793,209687,4142
1688932768796,209687,4142
1688932768800,209687,4142
1688932768803,209687,4142
1688932768807,209687,4142
1688932768811,209687,4142
1688932768814,209687,4142
1688932768818,209687,4142
1688932768822,209687,4142
1688932768826,209687,4142
1688932768829,209687,4142
1688932768834,209687,4142
1688932768837,209687,4142
1688932768841,209687,4142
1688932768844,209687,4142
1688932768848,209687,4142
1688932768852,209687,4142
1688932768857,209687,4142
1688932768860,209687,4142
1688932768864,209687,4142
1688932768868,209687,4142
1688932768872,209687,4142
1688932768876,120312,4142
1688932768880,120312,4142
1688932768884,120312,4142
1688932768889,120312,4142
1688932768893,120312,4142
1688932768896,120312,4142
1688932768901,120312,4142
1688932768904,120312,4142
1688932768908,120312,4142
1688932768911,120312,4142
1688932768914,120312,4142
1688932768917,120312,4142
1688932768921,120312,4142
1688932768924,120312,4142
1688932768928,120312,4142
1688932768933,120312,4142
1688932768937,120312,4142
1688932768940,120312,4142
1688932768945,120312,4142
1688932768948,120312,4142
1688932768951,120312,4142
1688932768954,120312,4142
1688932768957,120312,4142
1688932768960,120312,4142
1688932768963,120312,4142
1688932768966,120312,4142
1688932768969,120312,4142
1688932768972,120312,4142
1688932768976,120312,4142
1688932768979,120312,4142
1688932768983,120312,4142
1688932768986,120312,4142
1688932768990,120312,4142
1688932768996,120312,4142
1688932769000,120312,4142
1688932769003,120312,4142
1688932769007,120312,4142
1688932769011,120312,4142
1688932769014,120312,4142
1688932769018,120312,4142
1688932769022,120312,4142
1688932769025,120312,4142
1688932769029,120312,4142
1688932769034,120312,4142
1688932769038,120312,4142
1688932769041,120312,4142
1688932769045,120312,4142
1688932769048,120312,4142
1688932769052,120312,4142
1688932769055,120312,4142
1688932769058,120312,4142
1688932769062,120312,4142
1688932769065,120312,4142
1688932769068,120312,4142
1688932769072,120312,4142
1688932769076,120312,4142
1688932769080,120312,4142
1688932769084,120312,4142
1688932769088,120312,4142
1688932769091,120312,4142
1688932769094,120312,4142
1688932769097,120312,4142
1688932769100,120312,4142
1688932769104,120312,4142
1688932769108,120312,4142
1688932769112,120312,4142
1688932769116,120312,4142
1688932769119,120312,4142
1688932769124,120312,4142
1688932769128,120312,4142
1688932769132,120312,4142
1688932769136,120312,4142
1688932769139,120312,4142
1688932769142,120312,4142
1688932769146,120312,4142
1688932769150,120312,4142
1688932769154,120312,4142
1688932769158,120312,4142
1688932769161,120312,4142
1688932769165,120312,4142
1688932769169,120312,4142
1688932769172,120312,4142
1688932769175,120312,4142
1688932769178,120312,4142
1688932769181,120312,4142
1688932769184,120312,4142
1688932769188,120312,4142
1688932769191,120312,4142
1688932769194,120312,4142
1688932769198,120312,4142
1688932769201,120312,4142
1688932769205,120312,4142
1688932769208,120312,4142
1688932769212,120312,4142
1688932769215,120312,4142
1688932769218,120312,4142
1688932769221,120312,4142
1688932769225,145312,4142
1688932769228,145312,4142
1688932769232,145312,4142
1688932769235,145312,4142
1688932769239,145312,4142
1688932769242,145312,4142
1688932769246,145312,4142
1688932769249,145312,4142
1688932769254,145312,4142
1688932769257,145312,4142
1688932769261,145312,4142
1688932769264,145312,4142
1688932769268,145312,4142
1688932769271,145312,4142
1688932769275,145312,4142
1688932769278,145312,4142
1688932769282,145312,4142
1688932769285,145312,4142
1688932769289,145312,4142
1688932769292,145312,4142
1688932769296,145312,4142
1688932769299,145312,4142
1688932769304,145312,4142
1688932769308,145312,4142
1688932769312,145312,4142
1688932769315,145312,4142
1688932769319,145312,4142
1688932769322,145312,4142
1688932769326,145312,4142
1688932769330,145312,4142
1688932769334,145312,4142
1688932769338,145312,4142
1688932769342,145312,4142
1688932769346,145312,4142
1688932769350,145312,4142
1688932769354,145312,4142
1688932769357,145312,4142
1688932769361,145312,4142
1688932769365,145312,4142
1688932769368,145312,4142
1688932769372,145312,4142
1688932769375,145312,4142
1688932769379,145312,4142
1688932769382,145312,4142
1688932769385,145312,4142
1688932769388,145312,4142
1688932769392,145312,4142
1688932769396,145312,4142
1688932769400,145312,4142
1688932769404,145312,4142
1688932769407,145312,4142
1688932769411,145312,4142
1688932769415,145312,4142
1688932769419,145312,4142
1688932769422,145312,4142
1688932769426,145312,4142
1688932769429,145312,4142
1688932769432,145312,4142
1688932769436,145312,4142
1688932769439,145312,4142
1688932769443,145312,4142
1688932769447,145312,4142
1688932769451,145312,4142
1688932769454,145312,4142
1688932769457,145312,4142
1688932769461,145312,4142
1688932769465,145312,4142
1688932769468,145312,4142
1688932769471,145312,4142
1688932769475,145312,4142
1688932769479,145312,4142
1688932769482,145312,4142
1688932769486,145312,4142
1688932769490,145312,4142
1688932769493,145312,4142
1688932769497,145312,4142
1688932769500,145312,4142
1688932769504,145312,4142
1688932769507,145312,4142
1688932769510,145312,4142
1688932769514,145312,4142
1688932769518,145312,4142
1688932769522,145312,4142
1688932769526,145312,4142
1688932769530,145312,4142
1688932769533,145312,4142
1688932769537,145312,4142
1688932769541,145312,4142
1688932769545,145312,4142
1688932769549,145312,4142
1688932769552,145312,4142
1688932769556,145312,4142
1688932769559,145312,4142
1688932769563,145312,4142
1688932769566,145312,4142
1688932769570,170312,4142
1688932769574,170312,4142
1688932769577,170312,4142
1688932769581,170312,4142
1688932769584,170312,4142
1688932769587,170312,4142
1688932769591,170312,4142
1688932769594,170312,4142
1688932769598,170312,4142
1688932769601,170312,4142
1688932769604,170312,4142
1688932769608,170312,4142
1688932769611,170312,4142
1688932769614,170312,4142
1688932769617,170312,4142
1688932769620,170312,4142
1688932769623,170312,4142
1688932769627,170312,4142
1688932769630,170312,4142
1688932769633,170312,4142
1688932769636,170312,4142
1688932769639,170312,4142
1688932769642,170312,4142
1688932769645,170312,4142
1688932769648,170312,4142
1688932769651,170312,4142
1688932769654,170312,4142
1688932769658,170312,4142
1688932769661,170312,4142
1688932769664,170312,4142
1688932769668,170312,4142
1688932769671,170312,4142
1688932769674,170312,4142
1688932769678,170312,4142
1688932769681,170312,4142
1688932769684,170312,4142
1688932769688,170312,4142
1688932769691,170312,4142
1688932769694,170312,4142
1688932769698,170312,4142
1688932769701,170312,4142
1688932769705,170312,4142
1688932769708,170312,4142
1688932769711,170312,4142
1688932769714,170312,4142
1688932769718,170312,4142
1688932769721,170312,4142
1688932769724,170312,4142
1688932769727,170312,4142
1688932769731,170312,4142
1688932769734,170312,4142
1688932769738,170312,4142
1688932769742,170312,4142
1688932769746,170312,4142
1688932769749,170312,4142
1688932769752,170312,4142
1688932769756,170312,4142
1688932769759,170312,4142
1688932769762,170312,4142
1688932769766,170312,4142
1688932769769,170312,4142
1688932769772,170312,4142
1688932769776,170312,4142
1688932769779,170312,4142
1688932769782,170312,4142
1688932769785,170312,4142
1688932769788,170312,4142
1688932769791,170312,4142
1688932769794,170312,4142
1688932769797,170312,4142
1688932769801,170312,4142
1688932769804,170312,4142
1688932769807,170312,4142
1688932769811,170312,4142
1688932769814,170312,4142
1688932769818,170312,4142
1688932769821,170312,4142
1688932769824,170312,4142
1688932769827,170312,4142
1688932769830,170312,4142
1688932769834,170312,4142
1688932769838,170312,4142
1688932769841,170312,4142
1688932769845,170312,4142
1688932769850,170312,4142
1688932769853,170312,4142
1688932769857,170312,4142
1688932769860,170312,4142
1688932769863,170312,4142
1688932769866,170312,4142
1688932769869,170312,4142
1688932769873,170312,4142
1688932769876,170312,4142
1688932769879,170312,4142
1688932769883,170312,4142
1688932769887,170312,4142
1688932769891,170312,4142
1688932769894,170312,4142
1688932769898,170312,4142
1688932769901,170312,4142
1688932769905,170312,4142
1688932769908,170312,4142
1688932769912,170312,4142
1688932769915,170312,4142
1688932769919,170312,4142
1688932769922,170312,4142
1688932769926,170312,4142
1688932769929,128125,4142
1688932769933,128125,4142
1688932769937,128125,4142
1688932769940,128125,4142
1688932769944,128125,4142
1688932769948,128125,4142
1688932769951,128125,4142
1688932769954,128125,4142
1688932769959,128125,4142
1688932769962,128125,4142
1688932769966,128125,4142
1688932769970,128125,4142
1688932769974,128125,4142
1688932769977,128125,4142
1688932769981,128125,4142
1688932769985,128125,4142
1688932769988,128125,4142
1688932769992,128125,4142
1688932769995,128125,4142
1688932769998,128125,4142
1688932770001,128125,4142
1688932770003,128125,4142
1688932770006,128125,4142
1688932770009,128125,4142
1688932770011,128125,4142
1688932770014,128125,4142
1688932770017,128125,4142
1688932770020,128125,4142
1688932770023,128125,4142
1688932770026,128125,4142
1688932770029,128125,4142
1688932770033,128125,4142
1688932770037,128125,4142
1688932770041,128125,4142
1688932770045,128125,4142
1688932770049,128125,4142
1688932770053,128125,4142
1688932770057,128125,4142
1688932770061,128125,4142
1688932770064,128125,4142
1688932770068,128125,4142
1688932770072,128125,4142
1688932770076,128125,4142
1688932770080,128125,4142
1688932770083,128125,4142
1688932770087,128125,4142
1688932770091,128125,4142
1688932770095,128125,4142
1688932770099,128125,4142
1688932770102,128125,4142
1688932770106,128125,4142
1688932770109,128125,4142
1688932770113,128125,4142
1688932770117,128125,4142
1688932770120,128125,4142
1688932770124,128125,4142
1688932770128,128125,4142
1688932770131,128125,4142
1688932770135,128125,4142
1688932770138,128125,4142
1688932770142,128125,4142
1688932770145,128125,4142
1688932770148,128125,4142
1688932770151,128125,4142
1688932770155,128125,4142
1688932770159,128125,4142
1688932770162,128125,4142
1688932770165,128125,4142
1688932770168,128125,4142
1688932770171,128125,4142
1688932770174,128125,4142
1688932770177,128125,4142
1688932770180,128125,4142
1688932770183,128125,4142
1688932770186,128125,4142
1688932770189,128125,4142
1688932770192,128125,4142
1688932770195,128125,4142
1688932770198,128125,4142
1688932770201,128125,4142
1688932770204,128125,4142
1688932770207,128125,4142
1688932770210,128125,4142
1688932770214,128125,4142
1688932770218,128125,4142
1688932770221,128125,4142
1688932770225,128125,4142
1688932770229,128125,4142
1688932770233,128125,4142
1688932770237,128125,4142
1688932770241,128125,4142
1688932770245,128125,4142
1688932770249,128125,4142
1688932770253,128125,4142
1688932770257,128125,4142
1688932770260,128125,4142
1688932770263,128125,4142
1688932770267,128125,4142
1688932770271,120625,4142
1688932770274,120625,4142
1688932770278,120625,4142
1688932770282,120625,4142
1688932770286,120625,4142
1688932770290,120625,4142
1688932770293,120625,4142
1688932770296,120625,4142
1688932770300,120625,4142
1688932770303,120625,4142
1688932770307,120625,4142
1688932770311,120625,4142
1688932770315,120625,4142
1688932770319,120625,4142
1688932770322,120625,4142
1688932770326,120625,4142
1688932770329,120625,4142
1688932770332,120625,4142
1688932770336,120625,4142
1688932770339,120625,4142
1688932770342,120625,4142
1688932770345,120625,4142
1688932770348,120625,4142
1688932770352,120625,4142
1688932770355,120625,4142
1688932770358,120625,4142
1688932770362,120625,4142
1688932770366,120625,4142
1688932770369,120625,4142
1688932770373,120625,4142
1688932770378,120625,4142
1688932770381,120625,4142
1688932770385,120625,4142
1688932770388,120625,4142
1688932770391,120625,4142
1688932770395,120625,4142
1688932770398,120625,4142
1688932770401,120625,4142
1688932770405,120625,4142
1688932770408,120625,4142
1688932770413,120625,4142
1688932770417,120625,4142
1688932770421,120625,4142
1688932770424,120625,4142
1688932770429,120625,4142
1688932770433,120625,4142
1688932770437,120625,4142
1688932770441,120625,4142
1688932770444,120625,4142
1688932770448,120625,4142
1688932770451,120625,4142
1688932770456,120625,4142
1688932770459,120625,4142
1688932770462,120625,4142
1688932770466,120625,4142
1688932770470,120625,4142
1688932770474,120625,4142
1688932770478,120625,4142
1688932770481,120625,4142
1688932770484,120625,4142
1688932770487,120625,4142
1688932770491,120625,4142
1688932770495,120625,4142
1688932770498,120625,4142
1688932770501,120625,4142
1688932770505,120625,4142
1688932770508,120625,4142
1688932770511,120625,4142
1688932770514,120625,4142
1688932770517,120625,4142
1688932770520,120625,4142
1688932770523,120625,4142
1688932770526,120625,4142
1688932770530,120625,4142
1688932770533,120625,4142
1688932770538,120625,4142
1688932770541,120625,4142
1688932770545,120625,4142
1688932770549,120625,4142
1688932770553,120625,4142
1688932770557,120625,4142
1688932770561,120625,4142
1688932770564,120625,4142
1688932770569,120625,4142
1688932770573,120625,4142
1688932770576,120625,4142
1688932770579,120625,4142
1688932770582,120625,4142
1688932770586,120625,4142
1688932770589,120625,4142
1688932770593,120625,4142
1688932770596,120625,4142
1688932770600,120625,4142
1688932770603,120625,4142
1688932770606,120625,4142
1688932770610,120625,4142
1688932770614,120625,4142
1688932770618,120625,4142
1688932770622,120625,4142
1688932770626,120625,4142
1688932770630,137500,4142
1688932770634,137500,4142
1688932770637,137500,4142
1688932770641,137500,4142
1688932770644,137500,4142
1688932770648,137500,4142
1688932770652,137500,4142
1688932770656,137500,4142
1688932770659,137500,4142
1688932770662,137500,4142
1688932770666,137500,4142
1688932770670,137500,4142
1688932770673,137500,4142
1688932770676,137500,4142
1688932770680,137500,4142
1688932770683,137500,4142
1688932770686,137500,4142
1688932770690,137500,4142
1688932770693,137500,4142
1688932770696,137500,4142
1688932770700,137500,4142
1688932770703,137500,4142
1688932770706,137500,4142
1688932770710,137500,4142
1688932770713,137500,4142
1688932770716,137500,4142
1688932770720,137500,4142
1688932770723,137500,4142
1688932770726,137500,4142
1688932770729,137500,4142
1688932770732,137500,4142
1688932770736,137500,4142
1688932770739,137500,4142
1688932770742,137500,4142
1688932770745,137500,4142
1688932770748,137500,4142
1688932770751,137500,4142
1688932770754,137500,4142
1688932770757,137500,4142
1688932770761,137500,4142
1688932770764,137500,4142
1688932770767,137500,4142
1688932770771,137500,4142
1688932770774,137500,4142
1688932770777,137500,4142
1688932770780,137500,4142
1688932770784,137500,4142
1688932770787,137500,4142
1688932770790,137500,4142
1688932770794,137500,4142
1688932770797,137500,4142
1688932770800,137500,4142
1688932770803,137500,4142
1688932770806,137500,4142
1688932770809,137500,4142
1688932770813,137500,4142
1688932770816,137500,4142
1688932770819,137500,4142
1688932770822,137500,4142
1688932770826,137500,4142
1688932770829,137500,4142
1688932770832,137500,4142
1688932770835,137500,4142
1688932770838,137500,4142
1688932770841,137500,4142
1688932770845,137500,4142
1688932770848,137500,4142
1688932770851,137500,4142
1688932770854,137500,4142
1688932770857,137500,4142
1688932770860,137500,4142
1688932770863,137500,4142
1688932770867,137500,4142
1688932770871,137500,4142
1688932770874,137500,4142
1688932770877,137500,4142
1688932770881,137500,4142
1688932770884,137500,4142
1688932770887,137500,4142
1688932770891,137500,4142
1688932770894,137500,4142
1688932770897,137500,4142
1688932770901,137500,4142
1688932770905,137500,4142
1688932770908,137500,4142
1688932770913,137500,4142
1688932770916,137500,4142
1688932770919,137500,4142
1688932770922,137500,4142
1688932770925,137500,4142
1688932770927,137500,4142
1688932770930,137500,4142
1688932770934,137500,4142
1688932770937,137500,4142
1688932770940,137500,4142
1688932770944,137500,4142
1688932770947,137500,4142
1688932770950,137500,4142
1688932770953,137500,4142
1688932770956,137500,4142
1688932770960,137500,4142
1688932770964,137500,4142
1688932770968,137500,4142
1688932770972,114062,4142
1688932770976,114062,4142
1688932770980,114062,4142
1688932770983,114062,4142
1688932770987,114062,4142
1688932770991,114062,4142
1688932770996,114062,4142
1688932771000,114062,4142
1688932771004,114062,4142
1688932771007,114062,4142
1688932771011,114062,4142
1688932771015,114062,4142
1688932771019,114062,4142
1688932771023,114062,4142
1688932771026,114062,4142
1688932771029,114062,4142
1688932771034,114062,4142
1688932771037,114062,4142
1688932771041,114062,4142
1688932771045,114062,4142
1688932771048,114062,4142
1688932771052,114062,4142
1688932771056,114062,4142
1688932771060,114062,4142
1688932771064,114062,4142
1688932771068,114062,4142
1688932771073,114062,4142
1688932771077,114062,4142
1688932771080,114062,4142
1688932771084,114062,4142
1688932771088,114062,4142
1688932771092,114062,4142
1688932771095,114062,4142
1688932771098,114062,4142
1688932771102,114062,4142
1688932771105,114062,4142
1688932771109,114062,4142
1688932771112,114062,4142
1688932771115,114062,4142
1688932771119,114062,4142
1688932771124,114062,4142
1688932771129,114062,4142
1688932771132,114062,4142
1688932771135,114062,4142
1688932771137,114062,4142
1688932771141,114062,4142
1688932771145,114062,4142
1688932771148,114062,4142
1688932771150,114062,4142
1688932771153,114062,4142
1688932771156,114062,4142
1688932771158,114062,4142
1688932771160,114062,4142
1688932771163,114062,4142
1688932771165,114062,4142
1688932771168,114062,4142
1688932771172,114062,4142
1688932771174,114062,4142
1688932771177,114062,4142
1688932771180,114062,4142
1688932771184,114062,4142
1688932771187,114062,4142
1688932771190,114062,4142
1688932771193,114062,4142
1688932771197,114062,4142
1688932771200,114062,4142
1688932771204,114062,4142
1688932771207,114062,4142
1688932771211,114062,4142
1688932771214,114062,4142
1688932771218,114062,4142
1688932771221,114062,4142
1688932771224,114062,4142
1688932771228,114062,4142
1688932771232,114062,4142
1688932771235,114062,4142
1688932771239,114062,4142
1688932771242,114062,4142
1688932771245,114062,4142
1688932771249,114062,4142
1688932771252,114062,4142
1688932771256,114062,4142
1688932771259,114062,4142
1688932771262,114062,4142
1688932771266,114062,4142
1688932771269,114062,4142
1688932771272,114062,4142
1688932771276,114062,4142
1688932771279,114062,4142
1688932771282,114062,4142
1688932771286,114062,4142
1688932771289,114062,4142
1688932771292,114062,4142
1688932771296,114062,4142
1688932771299,114062,4142
1688932771302,114062,4142
1688932771306,114062,4142
1688932771309,114062,4142
1688932771314,114062,4142
1688932771318,114062,4142
1688932771321,114062,4142
1688932771324,114062,4142
1688932771327,137812,4142
1688932771331,137812,4142
1688932771335,137812,4142
1688932771338,137812,4142
1688932771341,137812,4142
1688932771344,137812,4142
1688932771348,137812,4142
1688932771351,137812,4142
1688932771355,137812,4142
1688932771358,137812,4142
1688932771361,137812,4142
1688932771364,137812,4142
1688932771368,137812,4142
1688932771371,137812,4142
1688932771375,137812,4142
1688932771378,137812,4142
1688932771383,137812,4142
1688932771387,137812,4142
1688932771391,137812,4142
1688932771394,137812,4142
1688932771398,137812,4142
1688932771401,137812,4142
1688932771404,137812,4142
1688932771408,137812,4142
1688932771412,137812,4142
1688932771415,137812,4142
1688932771418,137812,4142
1688932771421,137812,4142
1688932771425,137812,4142
1688932771428,137812,4142
1688932771431,137812,4142
1688932771435,137812,4142
1688932771438,137812,4142
1688932771441,137812,4142
1688932771444,137812,4142
1688932771448,137812,4142
1688932771451,137812,4142
1688932771455,137812,4142
1688932771458,137812,4142
1688932771461,137812,4142
1688932771464,137812,4142
1688932771467,137812,4142
1688932771470,137812,4142
1688932771474,137812,4142
1688932771477,137812,4142
1688932771481,137812,4142
1688932771484,137812,4142
1688932771487,137812,4142
1688932771491,137812,4142
1688932771494,137812,4142
1688932771497,137812,4142
1688932771500,137812,4142
1688932771503,137812,4142
1688932771507,137812,4142
1688932771511,137812,4142
1688932771514,137812,4142
1688932771518,137812,4142
1688932771522,137812,4142
1688932771526,137812,4142
1688932771530,137812,4142
1688932771533,137812,4142
1688932771536,137812,4142
1688932771540,137812,4142
1688932771543,137812,4142
1688932771546,137812,4142
1688932771550,137812,4142
1688932771553,137812,4142
1688932771556,137812,4142
1688932771560,137812,4142
1688932771565,137812,4142
1688932771568,137812,4142
1688932771571,137812,4142
1688932771574,137812,4142
1688932771577,137812,4142
1688932771581,137812,4142
1688932771584,137812,4142
1688932771589,137812,4142
1688932771593,137812,4142
1688932771596,137812,4142
1688932771600,137812,4142
1688932771604,137812,4142
1688932771608,137812,4142
1688932771611,137812,4142
1688932771614,137812,4142
1688932771618,137812,4142
1688932771622,137812,4142
1688932771626,137812,4142
1688932771630,137812,4142
1688932771634,137812,4142
1688932771638,137812,4142
1688932771642,137812,4142
1688932771646,137812,4142
1688932771650,137812,4142
1688932771654,137812,4142
1688932771658,137812,4142
1688932771661,137812,4142
1688932771665,137812,4142
1688932771668,137812,4142
1688932771673,120625,4142
1688932771676,120625,4142
1688932771679,120625,4142
1688932771682,120625,4142
1688932771686,120625,4142
1688932771689,120625,4142
1688932771692,120625,4142
1688932771696,120625,4142
1688932771699,120625,4142
1688932771702,120625,4142
1688932771705,120625,4142
1688932771707,120625,4142
1688932771711,120625,4142
1688932771714,120625,4142
1688932771717,120625,4142
1688932771721,120625,4142
1688932771724,120625,4142
1688932771727,120625,4142
1688932771731,120625,4142
1688932771734,120625,4142
1688932771738,120625,4142
1688932771741,120625,4142
1688932771744,120625,4142
1688932771747,120625,4142
1688932771751,120625,4142
1688932771755,120625,4142
1688932771758,120625,4142
1688932771761,120625,4142
1688932771764,120625,4142
1688932771768,120625,4142
1688932771771,120625,4142
1688932771775,120625,4142
1688932771779,120625,4142
1688932771782,120625,4142
1688932771785,120625,4142
1688932771788,120625,4142
1688932771791,120625,4142
1688932771794,120625,4142
1688932771797,120625,4142
1688932771801,120625,4142
1688932771804,120625,4142
1688932771807,120625,4142
1688932771810,120625,4142
1688932771813,120625,4142
1688932771817,120625,4142
1688932771821,120625,4142
1688932771824,120625,4142
1688932771827,120625,4142
1688932771831,120625,4142
1688932771834,120625,4142
1688932771837,120625,4142
1688932771841,120625,4142
1688932771844,120625,4142
1688932771847,120625,4142
1688932771850,120625,4142
1688932771854,120625,4142
1688932771857,120625,4142
1688932771860,120625,4142
1688932771863,120625,4142
1688932771867,120625,4142
1688932771870,120625,4142
1688932771873,120625,4142
1688932771876,120625,4142
1688932771879,120625,4142
1688932771882,120625,4142
1688932771885,120625,4142
1688932771888,120625,4142
1688932771891,120625,4142
1688932771894,120625,4142
1688932771897,120625,4142
1688932771900,120625,4142
1688932771903,120625,4142
1688932771906,120625,4142
1688932771909,120625,4142
1688932771912,120625,4142
1688932771915,120625,4142
1688932771918,120625,4142
1688932771921,120625,4142
1688932771924,120625,4142
1688932771927,120625,4142
1688932771930,120625,4142
1688932771933,120625,4142
1688932771936,120625,4142
1688932771939,120625,4142
1688932771942,120625,4142
1688932771945,120625,4142
1688932771948,120625,4142
1688932771951,120625,4142
1688932771954,120625,4142
1688932771957,120625,4142
1688932771961,120625,4142
1688932771964,120625,4142
1688932771967,120625,4142
1688932771971,120625,4142
1688932771974,120625,4142
1688932771978,120625,4142
1688932771981,120625,4142
1688932771984,120625,4142
1688932771987,120625,4142
1688932771991,120625,4142
1688932771994,120625,4142
1688932771997,120625,4142
1688932772000,120625,4142
1688932772004,120625,4142
1688932772007,120625,4142
1688932772010,120625,4142
1688932772014,120625,4142
1688932772017,120625,4142
1688932772020,120625,4142
1688932772023,120625,4142
1688932772026,120625,4142
1688932772030,200312,4142
1688932772033,200312,4142
1688932772036,200312,4142
1688932772039,200312,4142
1688932772042,200312,4142
1688932772045,200312,4142
1688932772048,200312,4142
1688932772051,200312,4142
1688932772054,200312,4142
1688932772057,200312,4142
1688932772061,200312,4142
1688932772064,200312,4142
1688932772068,200312,4142
1688932772072,200312,4142
1688932772076,200312,4142
1688932772079,200312,4142
1688932772082,200312,4142
1688932772086,200312,4142
1688932772089,200312,4142
1688932772092,200312,4142
1688932772096,200312,4142
1688932772099,200312,4142
1688932772103,200312,4142
1688932772107,200312,4142
1688932772111,200312,4142
1688932772114,200312,4142
1688932772117,200312,4142
1688932772121,200312,4142
1688932772124,200312,4142
1688932772127,200312,4142
1688932772130,200312,4142
1688932772134,200312,4142
1688932772137,200312,4142
1688932772141,200312,4142
1688932772144,200312,4142
1688932772147,200312,4142
1688932772151,200312,4142
1688932772154,200312,4142
1688932772158,200312,4142
1688932772161,200312,4142
1688932772165,200312,4142
1688932772168,200312,4142
1688932772171,200312,4142
1688932772174,200312,4142
1688932772177,200312,4142
1688932772181,200312,4142
1688932772184,200312,4142
1688932772187,200312,4142
1688932772191,200312,4142
1688932772194,200312,4142
1688932772199,200312,4142
1688932772202,200312,4142
1688932772206,200312,4142
1688932772209,200312,4142
1688932772212,200312,4142
1688932772216,200312,4142
1688932772219,200312,4142
1688932772222,200312,4142
1688932772225,200312,4142
1688932772228,200312,4142
1688932772231,200312,4142
1688932772234,200312,4142
1688932772238,200312,4142
1688932772241,200312,4142
1688932772244,200312,4142
1688932772247,200312,4142
1688932772251,200312,4142
1688932772256,200312,4142
1688932772260,200312,4142
1688932772264,200312,4142
1688932772267,200312,4142
1688932772271,200312,4142
1688932772275,200312,4142
1688932772278,200312,4142
1688932772282,200312,4142
1688932772286,200312,4142
1688932772289,200312,4142
1688932772293,200312,4142
1688932772297,200312,4142
1688932772300,200312,4142
1688932772303,200312,4142
1688932772307,200312,4142
1688932772311,200312,4142
1688932772315,200312,4142
1688932772318,200312,4142
1688932772321,200312,4142
1688932772325,200312,4142
1688932772328,200312,4142
1688932772331,200312,4142
1688932772334,200312,4142
1688932772337,200312,4142
1688932772341,200312,4142
1688932772344,200312,4142
1688932772348,200312,4142
1688932772351,200312,4142
1688932772354,200312,4142
1688932772357,200312,4142
1688932772361,200312,4142
1688932772365,200312,4142
1688932772369,200312,4142
1688932772373,200312,4142
1688932772377,200312,4142
1688932772381,122500,4142
1688932772385,122500,4142
1688932772389,122500,4142
1688932772393,122500,4142
1688932772397,122500,4142
1688932772401,122500,4142
1688932772404,122500,4142
1688932772408,122500,4142
1688932772412,122500,4142
1688932772415,122500,4142
1688932772419,122500,4142
1688932772423,122500,4142
1688932772427,122500,4142
1688932772430,122500,4142
1688932772434,122500,4142
1688932772438,122500,4142
1688932772442,122500,4142
1688932772446,122500,4142
1688932772450,122500,4142
1688932772454,122500,4142
1688932772457,122500,4142
1688932772461,122500,4142
1688932772464,122500,4142
1688932772468,122500,4142
1688932772471,122500,4142
1688932772475,122500,4142
1688932772479,122500,4142
1688932772482,122500,4142
1688932772486,122500,4142
1688932772489,122500,4142
1688932772492,122500,4142
1688932772495,122500,4142
1688932772498,122500,4142
1688932772501,122500,4142
1688932772504,122500,4142
1688932772508,122500,4142
1688932772510,122500,4142
1688932772513,122500,4142
1688932772516,122500,4142
1688932772519,122500,4142
1688932772522,122500,4142
1688932772525,122500,4142
1688932772528,122500,4142
1688932772531,122500,4142
1688932772533,122500,4142
1688932772536,122500,4142
1688932772539,122500,4142
1688932772542,122500,4142
1688932772544,122500,4142
1688932772547,122500,4142
1688932772550,122500,4142
1688932772553,122500,4142
1688932772556,122500,4142
1688932772559,122500,4142
1688932772562,122500,4142
1688932772565,122500,4142
1688932772568,122500,4142
1688932772571,122500,4142
1688932772574,122500,4142
1688932772577,122500,4142
1688932772580,122500,4142
1688932772583,122500,4142
1688932772586,122500,4142
1688932772589,122500,4142
1688932772592,122500,4142
1688932772596,122500,4142
1688932772600,122500,4142
1688932772604,122500,4142
1688932772607,122500,4142
1688932772611,122500,4142
1688932772615,122500,4142
1688932772619,122500,4142
1688932772625,122500,4142
1688932772628,122500,4142
1688932772631,122500,4142
1688932772634,122500,4142
1688932772638,122500,4142
1688932772641,122500,4142
1688932772644,122500,4142
1688932772647,122500,4142
1688932772651,122500,4142
1688932772654,122500,4142
1688932772658,122500,4142
1688932772661,122500,4142
1688932772666,122500,4142
1688932772670,122500,4142
1688932772676,122500,4142
1688932772680,122500,4142
1688932772684,122500,4142
1688932772687,122500,4142
1688932772691,122500,4142
1688932772695,122500,4142
1688932772699,122500,4142
1688932772703,122500,4142
1688932772706,122500,4142
1688932772711,122500,4142
1688932772715,122500,4142
1688932772718,122500,4142
1688932772721,122500,4142
1688932772725,122500,4142
1688932772728,114375,4142
1688932772732,114375,4142
1688932772735,114375,4142
1688932772738,114375,4142
1688932772741,114375,4142
1688932772745,114375,4142
1688932772750,114375,4142
1688932772754,114375,4142
1688932772758,114375,4142
1688932772761,114375,4142
1688932772765,114375,4142
1688932772768,114375,4142
1688932772772,114375,4142
1688932772775,114375,4142
1688932772778,114375,4142
1688932772782,114375,4142
1688932772786,114375,4142
1688932772790,114375,4142
1688932772793,114375,4142
1688932772798,114375,4142
1688932772801,114375,4142
1688932772805,114375,4142
1688932772808,114375,4142
1688932772812,114375,4142
1688932772815,114375,4142
1688932772818,114375,4142
1688932772822,114375,4142
1688932772825,114375,4142
1688932772828,114375,4142
1688932772831,114375,4142
1688932772834,114375,4142
1688932772837,114375,4142
1688932772841,114375,4142
1688932772845,114375,4142
1688932772849,114375,4142
1688932772853,114375,4142
1688932772856,114375,4142
1688932772860,114375,4142
1688932772863,114375,4142
1688932772866,114375,4142
1688932772869,114375,4142
1688932772872,114375,4142
1688932772876,114375,4142
1688932772879,114375,4142
1688932772882,114375,4142
1688932772886,114375,4142
1688932772890,114375,4142
1688932772894,114375,4142
1688932772898,114375,4142
1688932772902,114375,4142
1688932772906,114375,4142
1688932772910,114375,4142
1688932772913,114375,4142
1688932772917,114375,4142
1688932772921,114375,4142
1688932772925,114375,4142
1688932772929,114375,4142
1688932772932,114375,4142
1688932772936,114375,4142
1688932772939,114375,4142
1688932772942,114375,4142
1688932772945,114375,4142
1688932772948,114375,4142
1688932772951,114375,4142
1688932772954,114375,4142
1688932772958,114375,4142
1688932772961,114375,4142
1688932772964,114375,4142
1688932772967,114375,4142
1688932772970,114375,4142
1688932772973,114375,4142
1688932772976,114375,4142
1688932772979,114375,4142
1688932772982,114375,4142
1688932772985,114375,4142
1688932772988,114375,4142
1688932772991,114375,4142
1688932772994,114375,4142
1688932772997,114375,4142
1688932773000,114375,4142
1688932773003,114375,4142
1688932773007,114375,4142
1688932773010,114375,4142
1688932773013,114375,4142
1688932773016,114375,4142
1688932773019,114375,4142
1688932773022,114375,4142
1688932773025,114375,4142
1688932773028,114375,4142
1688932773031,114375,4142
1688932773034,114375,4142
1688932773037,114375,4142
1688932773041,114375,4142
1688932773044,114375,4142
1688932773047,114375,4142
1688932773050,114375,4142
1688932773054,114375,4142
1688932773057,114375,4142
1688932773060,114375,4142
1688932773064,114375,4142
1688932773067,114375,4142
1688932773070,114375,4142
1688932773074,202500,4142
1688932773077,202500,4142
1688932773080,202500,4142
1688932773084,202500,4142
1688932773087,202500,4142
1688932773091,202500,4142
1688932773094,202500,4142
1688932773097,202500,4142
1688932773101,202500,4142
1688932773104,202500,4142
1688932773107,202500,4142
1688932773111,202500,4142
1688932773114,202500,4142
1688932773117,202500,4142
1688932773121,202500,4142
1688932773124,202500,4142
1688932773127,202500,4142
1688932773131,202500,4142
1688932773134,202500,4142
1688932773137,202500,4142
1688932773140,202500,4142
1688932773144,202500,4142
1688932773147,202500,4142
1688932773151,202500,4142
1688932773154,202500,4142
1688932773157,202500,4142
1688932773161,202500,4142
1688932773164,202500,4142
1688932773167,202500,4142
1688932773170,202500,4142
1688932773173,202500,4142
1688932773177,202500,4142
1688932773180,202500,4142
1688932773184,202500,4142
1688932773188,202500,4142
1688932773191,202500,4142
1688932773195,202500,4142
1688932773199,202500,4142
1688932773202,202500,4142
1688932773205,202500,4142
1688932773208,202500,4142
1688932773217,202500,4142
1688932773221,202500,4142
1688932773224,202500,4142
1688932773227,202500,4142
1688932773231,202500,4142
1688932773234,202500,4142
1688932773238,202500,4142
1688932773241,202500,4142
1688932773244,202500,4142
1688932773247,202500,4142
1688932773251,202500,4142
1688932773254,202500,4142
1688932773258,202500,4142
1688932773261,202500,4142
1688932773264,202500,4142
1688932773268,202500,4142
1688932773271,202500,4142
1688932773274,202500,4142
1688932773278,202500,4142
1688932773281,202500,4142
1688932773284,202500,4142
1688932773287,202500,4142
1688932773291,202500,4142
1688932773295,202500,4142
1688932773299,202500,4142
1688932773302,202500,4142
1688932773306,202500,4142
1688932773310,202500,4142
1688932773314,202500,4142
1688932773317,202500,4142
1688932773321,202500,4142
1688932773325,202500,4142
1688932773328,202500,4142
1688932773331,202500,4142
1688932773334,202500,4142
1688932773338,202500,4142
1688932773342,202500,4142
1688932773346,202500,4142
1688932773349,202500,4142
1688932773352,202500,4142
1688932773356,202500,4142
1688932773359,202500,4142
1688932773362,202500,4142
1688932773365,202500,4142
1688932773368,202500,4142
1688932773371,202500,4142
1688932773376,202500,4142
1688932773379,202500,4142
1688932773382,202500,4142
1688932773385,202500,4142
1688932773391,202500,4142
1688932773395,202500,4142
1688932773398,202500,4142
1688932773402,202500,4142
1688932773405,202500,4142
1688932773408,202500,4142
1688932773412,202500,4142
1688932773415,202500,4142
1688932773418,202500,4142
1688932773421,202500,4142
1688932773425,202500,4142
1688932773428,202500,4142
1688932773431,202500,4142
1688932773435,107812,4142
1688932773438,107812,4142
1688932773441,107812,4142
1688932773444,107812,4142
1688932773448,107812,4142
1688932773451,107812,4142
1688932773455,107812,4142
1688932773458,107812,4142
1688932773461,107812,4142
1688932773465,107812,4142
1688932773468,107812,4142
1688932773471,107812,4142
1688932773474,107812,4142
1688932773478,107812,4142
1688932773481,107812,4142
1688932773484,107812,4142
1688932773487,107812,4142
1688932773491,107812,4142
1688932773495,107812,4142
1688932773498,107812,4142
1688932773501,107812,4142
1688932773504,107812,4142
1688932773508,107812,4142
1688932773511,107812,4142
1688932773515,107812,4142
1688932773518,107812,4142
1688932773521,107812,4142
1688932773524,107812,4142
1688932773527,107812,4142
1688932773531,107812,4142
1688932773534,107812,4142
1688932773538,107812,4142
1688932773541,107812,4142
1688932773545,107812,4142
1688932773548,107812,4142
1688932773551,107812,4142
1688932773555,107812,4142
1688932773558,107812,4142
1688932773561,107812,4142
1688932773564,107812,4142
1688932773567,107812,4142
1688932773571,107812,4142
1688932773575,107812,4142
1688932773578,107812,4142
1688932773582,107812,4142
1688932773586,107812,4142
1688932773589,107812,4142
1688932773592,107812,4142
1688932773596,107812,4142
1688932773599,107812,4142
1688932773603,107812,4142
1688932773606,107812,4142
1688932773609,107812,4142
1688932773612,107812,4142
1688932773616,107812,4142
1688932773619,107812,4142
1688932773622,107812,4142
1688932773625,107812,4142
1688932773628,107812,4142
1688932773632,107812,4142
1688932773635,107812,4142
1688932773638,107812,4142
1688932773641,107812,4142
1688932773645,107812,4142
1688932773649,107812,4142
1688932773653,107812,4142
1688932773657,107812,4142
1688932773661,107812,4142
1688932773665,107812,4142
1688932773669,107812,4142
1688932773673,107812,4142
1688932773677,107812,4142
1688932773681,107812,4142
1688932773684,107812,4142
1688932773687,107812,4142
1688932773691,107812,4142
1688932773695,107812,4142
1688932773699,107812,4142
1688932773702,107812,4142
1688932773705,107812,4142
1688932773709,107812,4142
1688932773714,107812,4142
1688932773717,107812,4142
1688932773721,107812,4142
1688932773725,107812,4142
1688932773729,107812,4142
1688932773733,107812,4142
1688932773737,107812,4142
1688932773744,107812,4142
1688932773748,107812,4142
1688932773751,107812,4142
1688932773755,107812,4142
1688932773759,107812,4142
1688932773763,107812,4142
1688932773767,107812,4142
1688932773773,107812,4142
1688932773776,124062,4142
1688932773780,124062,4142
1688932773783,124062,4142
1688932773786,124062,4142
1688932773790,124062,4142
1688932773793,124062,4142
1688932773796,124062,4142
1688932773800,124062,4142
1688932773804,124062,4142
1688932773808,124062,4142
1688932773811,124062,4142
1688932773814,124062,4142
1688932773818,124062,4142
1688932773822,124062,4142
1688932773826,124062,4142
1688932773830,124062,4142
1688932773833,124062,4142
1688932773836,124062,4142
1688932773840,124062,4142
1688932773844,124062,4142
1688932773848,124062,4142
1688932773852,124062,4142
1688932773855,124062,4142
1688932773859,124062,4142
1688932773862,124062,4142
1688932773866,124062,4142
1688932773870,124062,4142
1688932773873,124062,4142
1688932773877,124062,4142
1688932773881,124062,4142
1688932773885,124062,4142
1688932773889,124062,4142
1688932773893,124062,4142
1688932773897,124062,4142
1688932773900,124062,4142
1688932773904,124062,4142
1688932773907,124062,4142
1688932773912,124062,4142
1688932773915,124062,4142
1688932773919,124062,4142
1688932773924,124062,4142
1688932773927,124062,4142
1688932773931,124062,4142
1688932773935,124062,4142
1688932773938,124062,4142
1688932773941,124062,4142
1688932773945,124062,4142
1688932773949,124062,4142
1688932773952,124062,4142
1688932773956,124062,4142
1688932773959,124062,4142
1688932773963,124062,4142
1688932773966,124062,4142
1688932773969,124062,4142
1688932773973,124062,4142
1688932773976,124062,4142
1688932773979,124062,4142
1688932773982,124062,4142
1688932773986,124062,4142
1688932773989,124062,4142
1688932773994,124062,4142
1688932773997,124062,4142
1688932774000,124062,4142
1688932774003,124062,4142
1688932774006,124062,4142
1688932774009,124062,4142
1688932774012,124062,4142
1688932774014,124062,4142
1688932774018,124062,4142
1688932774021,124062,4142
1688932774025,124062,4142
1688932774028,124062,4142
1688932774032,124062,4142
1688932774036,124062,4142
1688932774039,124062,4142
1688932774043,124062,4142
1688932774047,124062,4142
1688932774051,124062,4142
1688932774054,124062,4142
1688932774057,124062,4142
1688932774061,124062,4142
1688932774064,124062,4142
1688932774068,124062,4142
1688932774071,124062,4142
1688932774074,124062,4142
1688932774077,124062,4142
1688932774085,124062,4142
1688932774088,124062,4142
1688932774091,124062,4142
1688932774094,124062,4142
1688932774097,124062,4142
1688932774100,124062,4142
1688932774103,124062,4142
1688932774106,124062,4142
1688932774109,124062,4142
1688932774113,124062,4142
1688932774116,124062,4142
1688932774119,124062,4142
1688932774122,124062,4142
1688932774126,124062,4142
1688932774129,190937,4142
1688932774132,190937,4142
1688932774135,190937,4142
1688932774138,190937,4142
1688932774141,190937,4142
1688932774145,190937,4142
1688932774148,190937,4142
1688932774151,190937,4142
1688932774154,190937,4142
1688932774157,190937,4142
1688932774160,190937,4142
1688932774163,190937,4142
1688932774166,190937,4142
1688932774169,190937,4142
1688932774172,190937,4142
1688932774175,190937,4142
1688932774178,190937,4142
1688932774181,190937,4142
1688932774184,190937,4142
1688932774187,190937,4142
1688932774190,190937,4142
1688932774193,190937,4142
1688932774196,190937,4142
1688932774199,190937,4142
1688932774202,190937,4142
1688932774206,190937,4142
1688932774209,190937,4142
1688932774212,190937,4142
1688932774215,190937,4142
1688932774218,190937,4142
1688932774220,190937,4142
1688932774223,190937,4142
1688932774226,190937,4142
1688932774229,190937,4142
1688932774232,190937,4142
1688932774235,190937,4142
1688932774238,190937,4142
1688932774241,190937,4142
1688932774244,190937,4142
1688932774247,190937,4142
1688932774251,190937,4142
1688932774254,190937,4142
1688932774257,190937,4142
1688932774260,190937,4142
1688932774264,190937,4142
1688932774267,190937,4142
1688932774270,190937,4142
1688932774273,190937,4142
1688932774277,190937,4142
1688932774280,190937,4142
1688932774283,190937,4142
1688932774287,190937,4142
1688932774290,190937,4142
1688932774294,190937,4142
1688932774297,190937,4142
1688932774300,190937,4142
1688932774303,190937,4142
1688932774306,190937,4142
1688932774310,190937,4142
1688932774314,190937,4142
1688932774317,190937,4142
1688932774320,190937,4142
1688932774324,190937,4142
1688932774327,190937,4142
1688932774331,190937,4142
1688932774335,190937,4142
1688932774338,190937,4142
1688932774342,190937,4142
1688932774345,190937,4142
1688932774349,190937,4142
1688932774353,190937,4142
1688932774357,190937,4142
1688932774360,190937,4142
1688932774364,190937,4142
1688932774367,190937,4142
1688932774370,190937,4142
1688932774374,190937,4142
1688932774377,190937,4142
1688932774380,190937,4142
1688932774384,190937,4142
1688932774387,190937,4142
1688932774390,190937,4142
1688932774393,190937,4142
1688932774397,190937,4142
1688932774401,190937,4142
1688932774405,190937,4142
1688932774408,190937,4142
1688932774412,190937,4142
1688932774416,190937,4142
1688932774419,190937,4142
1688932774423,190937,4142
1688932774426,190937,4142
1688932774429,190937,4142
1688932774433,190937,4142
1688932774436,190937,4142
1688932774439,190937,4142
1688932774443,190937,4142
1688932774446,190937,4142
1688932774451,190937,4142
1688932774454,190937,4142
1688932774458,190937,4142
1688932774461,190937,4142
1688932774465,190937,4142
1688932774468,190937,4142
1688932774472,190937,4142
1688932774475,190937,4142
1688932774478,190937,4142
1688932774481,179062,4142
1688932774484,179062,4142
1688932774487,179062,4142
1688932774490,179062,4142
1688932774493,179062,4142
1688932774497,179062,4142
1688932774501,179062,4142
1688932774504,179062,4142
1688932774508,179062,4142
1688932774512,179062,4142
1688932774515,179062,4142
1688932774518,179062,4142
1688932774521,179062,4142
1688932774524,179062,4142
1688932774527,179062,4142
1688932774530,179062,4142
1688932774534,179062,4142
1688932774538,179062,4142
1688932774541,179062,4142
1688932774544,179062,4142
1688932774548,179062,4142
1688932774551,179062,4142
1688932774555,179062,4142
1688932774558,179062,4142
1688932774561,179062,4142
1688932774565,179062,4142
1688932774568,179062,4142
1688932774571,179062,4142
1688932774575,179062,4142
1688932774579,179062,4142
1688932774582,179062,4142
1688932774585,179062,4142
1688932774588,179062,4142
1688932774591,179062,4142
1688932774594,179062,4142
1688932774597,179062,4142
1688932774600,179062,4142
1688932774603,179062,4142
1688932774606,179062,4142
1688932774608,179062,4142
1688932774611,179062,4142
1688932774614,179062,4142
1688932774617,179062,4142
1688932774621,179062,4142
1688932774624,179062,4142
1688932774627,179062,4142
1688932774630,179062,4142
1688932774634,179062,4142
1688932774638,179062,4142
1688932774641,179062,4142
1688932774644,179062,4142
1688932774648,179062,4142
1688932774651,179062,4142
1688932774654,179062,4142
1688932774658,179062,4142
1688932774661,179062,4142
1688932774664,179062,4142
1688932774667,179062,4142
1688932774671,179062,4142
1688932774674,179062,4142
1688932774678,179062,4142
1688932774682,179062,4142
1688932774685,179062,4142
1688932774689,179062,4142
1688932774693,179062,4142
1688932774697,179062,4142
1688932774701,179062,4142
1688932774705,179062,4142
1688932774708,179062,4142
1688932774711,179062,4142
1688932774715,179062,4142
1688932774718,179062,4142
1688932774722,179062,4142
1688932774725,179062,4142
1688932774728,179062,4142
1688932774732,179062,4142
1688932774736,179062,4142
1688932774741,179062,4142
1688932774744,179062,4142
1688932774748,179062,4142
1688932774751,179062,4142
1688932774754,179062,4142
1688932774758,179062,4142
1688932774761,179062,4142
1688932774764,179062,4142
1688932774767,179062,4142
1688932774771,179062,4142
1688932774774,179062,4142
1688932774777,179062,4142
1688932774780,179062,4142
1688932774784,179062,4142
1688932774787,179062,4142
1688932774790,179062,4142
1688932774793,179062,4142
1688932774797,179062,4142
1688932774800,179062,4142
1688932774803,179062,4142
1688932774807,179062,4142
1688932774810,179062,4142
1688932774814,179062,4142
1688932774818,179062,4142
1688932774822,179062,4142
1688932774825,179062,4142
1688932774829,179062,4142
1688932774832,179062,4142
1688932774836,123750,4142
1688932774840,123750,4142
1688932774843,123750,4142
1688932774847,123750,4142
1688932774851,123750,4142
1688932774854,123750,4142
1688932774858,123750,4142
1688932774862,123750,4142
1688932774865,123750,4142
1688932774869,123750,4142
1688932774873,123750,4142
1688932774876,123750,4142
1688932774880,123750,4142
1688932774883,123750,4142
1688932774887,123750,4142
1688932774890,123750,4142
1688932774893,123750,4142
1688932774897,123750,4142
1688932774901,123750,4142
1688932774904,123750,4142
1688932774907,123750,4142
1688932774911,123750,4142
1688932774915,123750,4142
1688932774918,123750,4142
1688932774921,123750,4142
1688932774924,123750,4142
1688932774928,123750,4142
1688932774932,123750,4142
1688932774936,123750,4142
1688932774940,123750,4142
1688932774943,123750,4142
1688932774947,123750,4142
1688932774951,123750,4142
1688932774954,123750,4142
1688932774957,123750,4142
1688932774961,123750,4142
1688932774964,123750,4142
1688932774968,123750,4142
1688932774972,123750,4142
1688932774976,123750,4142
1688932774979,123750,4142
1688932774983,123750,4142
1688932774986,123750,4142
1688932774989,123750,4142
1688932774992,123750,4142
1688932774996,123750,4142
1688932774999,123750,4142
1688932775002,123750,4142
1688932775006,123750,4142
1688932775010,123750,4142
1688932775013,123750,4142
1688932775017,123750,4142
1688932775021,123750,4142
1688932775024,123750,4142
1688932775027,123750,4142
1688932775030,123750,4142
1688932775034,123750,4142
1688932775037,123750,4142
1688932775041,123750,4142
1688932775045,123750,4142
1688932775049,123750,4142
1688932775053,123750,4142
1688932775056,123750,4142
1688932775060,123750,4142
1688932775064,123750,4142
1688932775068,123750,4142
1688932775071,123750,4142
1688932775076,123750,4142
1688932775079,123750,4142
1688932775083,123750,4142
1688932775086,123750,4142
1688932775090,123750,4142
1688932775093,123750,4142
1688932775096,123750,4142
1688932775099,123750,4142
1688932775103,123750,4142
1688932775106,123750,4142
1688932775109,123750,4142
1688932775112,123750,4142
1688932775116,123750,4142
1688932775119,123750,4142
1688932775123,123750,4142
1688932775126,123750,4142
1688932775129,123750,4142
1688932775132,123750,4142
1688932775136,123750,4142
1688932775139,123750,4142
1688932775142,123750,4142
1688932775146,123750,4142
1688932775150,123750,4142
1688932775153,123750,4142
1688932775156,123750,4142
1688932775159,123750,4142
1688932775162,123750,4142
1688932775166,123750,4142
1688932775169,123750,4142
1688932775172,123750,4142
1688932775175,119687,4142
1688932775179,119687,4142
1688932775182,119687,4142
1688932775185,119687,4142
1688932775187,119687,4142
1688932775191,119687,4142
1688932775194,119687,4142
1688932775198,119687,4142
1688932775201,119687,4142
1688932775204,119687,4142
1688932775207,119687,4142
1688932775211,119687,4142
1688932775214,119687,4142
1688932775217,119687,4142
1688932775220,119687,4142
1688932775223,119687,4142
1688932775226,119687,4142
1688932775229,119687,4142
1688932775232,119687,4142
1688932775236,119687,4142
1688932775239,119687,4142
1688932775242,119687,4142
1688932775245,119687,4142
1688932775248,119687,4142
1688932775251,119687,4142
1688932775254,119687,4142
1688932775257,119687,4142
1688932775260,119687,4142
1688932775263,119687,4142
1688932775266,119687,4142
1688932775269,119687,4142
1688932775271,119687,4142
1688932775274,119687,4142
1688932775278,119687,4142
1688932775280,119687,4142
1688932775283,119687,4142
1688932775286,119687,4142
1688932775289,119687,4142
1688932775291,119687,4142
1688932775294,119687,4142
1688932775297,119687,4142
1688932775301,119687,4142
1688932775304,119687,4142
1688932775307,119687,4142
1688932775310,119687,4142
1688932775314,119687,4142
1688932775317,119687,4142
1688932775320,119687,4142
1688932775324,119687,4142
1688932775327,119687,4142
1688932775330,119687,4142
1688932775334,119687,4142
1688932775337,119687,4142
1688932775340,119687,4142
1688932775343,119687,4142
1688932775347,119687,4142
1688932775350,119687,4142
1688932775353,119687,4142
1688932775357,119687,4142
1688932775360,119687,4142
1688932775363,119687,4142
1688932775367,119687,4142
1688932775370,119687,4142
1688932775373,119687,4142
1688932775376,119687,4142
1688932775379,119687,4142
1688932775382,119687,4142
1688932775385,119687,4142
1688932775388,119687,4142
1688932775391,119687,4142
1688932775394,119687,4142
1688932775397,119687,4142
1688932775401,119687,4142
1688932775404,119687,4142
1688932775408,119687,4142
1688932775411,119687,4142
1688932775414,119687,4142
1688932775417,119687,4142
1688932775420,119687,4142
1688932775424,119687,4142
1688932775427,119687,4142
1688932775430,119687,4142
1688932775433,119687,4142
1688932775437,119687,4142
1688932775441,119687,4142
1688932775444,119687,4142
1688932775448,119687,4142
1688932775451,119687,4142
1688932775454,119687,4142
1688932775458,119687,4142
1688932775461,119687,4142
1688932775464,119687,4142
1688932775467,119687,4142
1688932775470,119687,4142
1688932775473,119687,4142
1688932775477,119687,4142
1688932775482,119687,4142
1688932775485,119687,4142
1688932775489,119687,4142
1688932775493,119687,4142
1688932775497,119687,4142
1688932775501,119687,4142
1688932775504,119687,4142
1688932775508,119687,4142
1688932775511,119687,4142
1688932775514,119687,4142
1688932775519,119687,4142
1688932775522,119687,4142
1688932775526,119687,4142
1688932775530,119687,4142
1688932775534,126250,4142
1688932775538,126250,4142
1688932775541,126250,4142
1688932775545,126250,4142
1688932775548,126250,4142
1688932775551,126250,4142
1688932775554,126250,4142
1688932775557,126250,4142
1688932775560,126250,4142
1688932775563,126250,4142
1688932775566,126250,4142
1688932775569,126250,4142
1688932775572,126250,4142
1688932775576,126250,4142
1688932775579,126250,4142
1688932775582,126250,4142
1688932775585,126250,4142
1688932775588,126250,4142
1688932775591,126250,4142
1688932775595,126250,4142
1688932775599,126250,4142
1688932775602,126250,4142
1688932775606,126250,4142
1688932775609,126250,4142
1688932775612,126250,4142
1688932775614,126250,4142
1688932775617,126250,4142
1688932775619,126250,4142
1688932775621,126250,4142
1688932775624,126250,4142
1688932775626,126250,4142
1688932775629,126250,4142
1688932775631,126250,4142
1688932775634,126250,4142
1688932775637,126250,4142
1688932775640,126250,4142
1688932775642,126250,4142
1688932775645,126250,4142
1688932775648,126250,4142
1688932775651,126250,4142
1688932775653,126250,4142
1688932775656,126250,4142
1688932775659,126250,4142
1688932775662,126250,4142
1688932775665,126250,4142
1688932775668,126250,4142
1688932775671,126250,4142
1688932775674,126250,4142
1688932775677,126250,4142
1688932775680,126250,4142
1688932775682,126250,4142
1688932775685,126250,4142
1688932775688,126250,4142
1688932775691,126250,4142
1688932775694,126250,4142
1688932775697,126250,4142
1688932775700,126250,4142
1688932775704,126250,4142
1688932775707,126250,4142
1688932775711,126250,4142
1688932775715,126250,4142
1688932775718,126250,4142
1688932775722,126250,4142
1688932775726,126250,4142
1688932775729,126250,4142
1688932775732,126250,4142
1688932775736,126250,4142
1688932775739,126250,4142
1688932775742,126250,4142
1688932775745,126250,4142
1688932775749,126250,4142
1688932775753,126250,4142
1688932775757,126250,4142
1688932775761,126250,4142
1688932775764,126250,4142
1688932775768,126250,4142
1688932775772,126250,4142
1688932775776,126250,4142
1688932775779,126250,4142
1688932775783,126250,4142
1688932775786,126250,4142
1688932775789,126250,4142
1688932775793,126250,4142
1688932775796,126250,4142
1688932775800,126250,4142
1688932775804,126250,4142
1688932775807,126250,4142
1688932775811,126250,4142
1688932775814,126250,4142
1688932775818,126250,4142
1688932775822,126250,4142
1688932775825,126250,4142
1688932775828,126250,4142
1688932775831,126250,4142
1688932775834,126250,4142
1688932775837,126250,4142
1688932775840,126250,4142
1688932775844,126250,4142
1688932775848,126250,4142
1688932775852,126250,4142
1688932775855,126250,4142
1688932775858,126250,4142
1688932775861,126250,4142
1688932775865,126250,4142
1688932775868,126250,4142
1688932775872,126250,4142
1688932775876,136562,4142
1688932775879,136562,4142
1688932775883,136562,4142
1688932775887,136562,4142
1688932775891,136562,4142
1688932775895,136562,4142
1688932775898,136562,4142
1688932775902,136562,4142
1688932775906,136562,4142
1688932775909,136562,4142
1688932775913,136562,4142
1688932775917,136562,4142
1688932775921,136562,4142
1688932775924,136562,4142
1688932775928,136562,4142
1688932775931,136562,4142
1688932775934,136562,4142
1688932775938,136562,4142
1688932775940,136562,4142
1688932775944,136562,4142
1688932775947,136562,4142
1688932775951,136562,4142
1688932775956,136562,4142
1688932775959,136562,4142
1688932775962,136562,4142
1688932775965,136562,4142
1688932775968,136562,4142
1688932775971,136562,4142
1688932775974,136562,4142
1688932775977,136562,4142
1688932775980,136562,4142
1688932775983,136562,4142
1688932775986,136562,4142
1688932775990,136562,4142
1688932775993,136562,4142
1688932775996,136562,4142
1688932776000,136562,4142
1688932776004,136562,4142
1688932776007,136562,4142
1688932776010,136562,4142
1688932776014,136562,4142
1688932776017,136562,4142
1688932776020,136562,4142
1688932776024,136562,4142
1688932776027,136562,4142
1688932776030,136562,4142
1688932776034,136562,4142
1688932776037,136562,4142
1688932776041,136562,4142
1688932776046,136562,4142
1688932776050,136562,4142
1688932776053,136562,4142
1688932776057,136562,4142
1688932776060,136562,4142
1688932776063,136562,4142
1688932776066,136562,4142
1688932776069,136562,4142
1688932776073,136562,4142
1688932776077,136562,4142
1688932776081,136562,4142
1688932776085,136562,4142
1688932776088,136562,4142
1688932776092,136562,4142
1688932776095,136562,4142
1688932776099,136562,4142
1688932776102,136562,4142
1688932776105,136562,4142
1688932776108,136562,4142
1688932776111,136562,4142
1688932776114,136562,4142
1688932776118,136562,4142
1688932776121,136562,4142
1688932776124,136562,4142
1688932776127,136562,4142
1688932776130,136562,4142
1688932776134,136562,4142
1688932776137,136562,4142
1688932776140,136562,4142
1688932776143,136562,4142
1688932776146,136562,4142
1688932776149,136562,4142
1688932776152,136562,4142
1688932776156,136562,4142
1688932776160,136562,4142
1688932776164,136562,4142
1688932776168,136562,4142
1688932776171,136562,4142
1688932776175,136562,4142
1688932776178,136562,4142
1688932776181,136562,4142
1688932776185,136562,4142
1688932776189,136562,4142
1688932776193,136562,4142
1688932776197,136562,4142
1688932776201,136562,4142
1688932776205,136562,4142
1688932776208,136562,4142
1688932776211,136562,4142
1688932776215,136562,4142
1688932776218,136562,4142
1688932776222,136562,4142
1688932776225,136562,4142
1688932776228,136562,4142
1688932776231,136562,4142
1688932776234,147187,4142
1688932776238,147187,4142
1688932776242,147187,4142
1688932776246,147187,4142
1688932776249,147187,4142
1688932776252,147187,4142
1688932776256,147187,4142
1688932776259,147187,4142
1688932776262,147187,4142
1688932776265,147187,4142
1688932776268,147187,4142
1688932776272,147187,4142
1688932776275,147187,4142
1688932776279,147187,4142
1688932776282,147187,4142
1688932776285,147187,4142
1688932776288,147187,4142
1688932776291,147187,4142
1688932776294,147187,4142
1688932776297,147187,4142
1688932776300,147187,4142
1688932776303,147187,4142
1688932776306,147187,4142
1688932776310,147187,4142
1688932776313,147187,4142
1688932776317,147187,4142
1688932776321,147187,4142
1688932776324,147187,4142
1688932776328,147187,4142
1688932776331,147187,4142
1688932776334,147187,4142
1688932776337,147187,4142
1688932776340,147187,4142
1688932776343,147187,4142
1688932776347,147187,4142
1688932776350,147187,4142
1688932776353,147187,4142
1688932776356,147187,4142
1688932776359,147187,4142
1688932776362,147187,4142
1688932776365,147187,4142
1688932776368,147187,4142
1688932776371,147187,4142
1688932776374,147187,4142
1688932776377,147187,4142
1688932776380,147187,4142
1688932776383,147187,4142
1688932776386,147187,4142
1688932776390,147187,4142
1688932776393,147187,4142
1688932776396,147187,4142
1688932776399,147187,4142
1688932776402,147187,4142
1688932776406,147187,4142
1688932776409,147187,4142
1688932776413,147187,4142
1688932776416,147187,4142
1688932776419,147187,4142
1688932776422,147187,4142
1688932776425,147187,4142
1688932776429,147187,4142
1688932776432,147187,4142
1688932776435,147187,4142
1688932776439,147187,4142
1688932776442,147187,4142
1688932776445,147187,4142
1688932776448,147187,4142
1688932776452,147187,4142
1688932776455,147187,4142
1688932776458,147187,4142
1688932776461,147187,4142
1688932776464,147187,4142
1688932776467,147187,4142
1688932776470,147187,4142
1688932776474,147187,4142
1688932776477,147187,4142
1688932776480,147187,4142
1688932776484,147187,4142
1688932776487,147187,4142
1688932776490,147187,4142
1688932776493,147187,4142
1688932776496,147187,4142
1688932776500,147187,4142
1688932776503,147187,4142
1688932776506,147187,4142
1688932776509,147187,4142
1688932776512,147187,4142
1688932776516,147187,4142
1688932776519,147187,4142
1688932776522,147187,4142
1688932776525,147187,4142
1688932776528,147187,4142
1688932776531,147187,4142
1688932776534,147187,4142
1688932776537,147187,4142
1688932776540,147187,4142
1688932776544,147187,4142
1688932776547,147187,4142
1688932776550,147187,4142
1688932776554,147187,4142
1688932776557,147187,4142
1688932776560,147187,4142
1688932776564,147187,4142
1688932776567,147187,4142
1688932776570,147187,4142
1688932776574,147187,4142
1688932776578,142812,4142
1688932776582,142812,4142
1688932776585,142812,4142
1688932776589,142812,4142
1688932776593,142812,4142
1688932776597,142812,4142
1688932776601,142812,4142
1688932776604,142812,4142
1688932776608,142812,4142
1688932776612,142812,4142
1688932776615,142812,4142
1688932776618,142812,4142
1688932776621,142812,4142
1688932776624,142812,4142
1688932776627,142812,4142
1688932776631,142812,4142
1688932776635,142812,4142
1688932776639,142812,4142
1688932776643,142812,4142
1688932776647,142812,4142
1688932776650,142812,4142
1688932776654,142812,4142
1688932776658,142812,4142
1688932776662,142812,4142
1688932776665,142812,4142
1688932776669,142812,4142
1688932776673,142812,4142
1688932776677,142812,4142
1688932776680,142812,4142
1688932776684,142812,4142
1688932776688,142812,4142
1688932776691,142812,4142
1688932776695,142812,4142
1688932776698,142812,4142
1688932776701,142812,4142
1688932776705,142812,4142
1688932776708,142812,4142
1688932776712,142812,4142
1688932776716,142812,4142
1688932776719,142812,4142
1688932776723,142812,4142
1688932776727,142812,4142
1688932776731,142812,4142
1688932776735,142812,4142
1688932776740,142812,4142
1688932776743,142812,4142
1688932776748,142812,4142
1688932776751,142812,4142
1688932776755,142812,4142
1688932776758,142812,4142
1688932776762,142812,4142
1688932776766,142812,4142
1688932776770,142812,4142
1688932776773,142812,4142
1688932776777,142812,4142
1688932776781,142812,4142
1688932776785,142812,4142
1688932776789,142812,4142
1688932776792,142812,4142
1688932776796,142812,4142
1688932776800,142812,4142
1688932776804,142812,4142
1688932776808,142812,4142
1688932776811,142812,4142
1688932776815,142812,4142
1688932776818,142812,4142
1688932776821,142812,4142
1688932776824,142812,4142
1688932776827,142812,4142
1688932776830,142812,4142
1688932776833,142812,4142
1688932776836,142812,4142
1688932776839,142812,4142
1688932776842,142812,4142
1688932776844,142812,4142
1688932776847,142812,4142
1688932776850,142812,4142
1688932776853,142812,4142
1688932776856,142812,4142
1688932776859,142812,4142
1688932776861,142812,4142
1688932776864,142812,4142
1688932776867,142812,4142
1688932776869,142812,4142
1688932776872,142812,4142
1688932776876,142812,4142
1688932776879,142812,4142
1688932776882,142812,4142
1688932776885,142812,4142
1688932776888,142812,4142
1688932776891,142812,4142
1688932776894,142812,4142
1688932776896,142812,4142
1688932776899,142812,4142
1688932776902,142812,4142
1688932776905,142812,4142
1688932776907,142812,4142
1688932776911,142812,4142
1688932776914,142812,4142
1688932776918,142812,4142
1688932776922,142812,4142
1688932776925,142812,4142
1688932776928,142812,4142
1688932776932,136562,4142
1688932776935,136562,4142
1688932776939,136562,4142
1688932776943,136562,4142
1688932776946,136562,4142
1688932776949,136562,4142
1688932776952,136562,4142
1688932776956,136562,4142
1688932776959,136562,4142
1688932776962,136562,4142
1688932776965,136562,4142
1688932776968,136562,4142
1688932776972,136562,4142
1688932776976,136562,4142
1688932776979,136562,4142
1688932776982,136562,4142
1688932776986,136562,4142
1688932776989,136562,4142
1688932776992,136562,4142
1688932776995,136562,4142
1688932776998,136562,4142
1688932777001,136562,4142
1688932777004,136562,4142
1688932777008,136562,4142
1688932777011,136562,4142
1688932777014,136562,4142
1688932777018,136562,4142
1688932777022,136562,4142
1688932777025,136562,4142
1688932777028,136562,4142
1688932777031,136562,4142
1688932777034,136562,4142
1688932777037,136562,4142
1688932777040,136562,4142
1688932777044,136562,4142
1688932777047,136562,4142
1688932777050,136562,4142
1688932777053,136562,4142
1688932777057,136562,4142
1688932777060,136562,4142
1688932777064,136562,4142
1688932777067,136562,4142
1688932777070,136562,4142
1688932777074,136562,4142
1688932777077,136562,4142
1688932777081,136562,4142
1688932777084,136562,4142
1688932777088,136562,4142
1688932777090,136562,4142
1688932777094,136562,4142
1688932777097,136562,4142
1688932777101,136562,4142
1688932777104,136562,4142
1688932777107,136562,4142
1688932777110,136562,4142
1688932777113,136562,4142
1688932777117,136562,4142
1688932777120,136562,4142
1688932777125,136562,4142
1688932777128,136562,4142
1688932777132,136562,4142
1688932777135,136562,4142
1688932777138,136562,4142
1688932777141,136562,4142
1688932777144,136562,4142
1688932777148,136562,4142
1688932777151,136562,4142
1688932777154,136562,4142
1688932777158,136562,4142
1688932777161,136562,4142
1688932777164,136562,4142
1688932777167,136562,4142
1688932777171,136562,4142
1688932777174,136562,4142
1688932777178,136562,4142
1688932777181,136562,4142
1688932777185,136562,4142
1688932777189,136562,4142
1688932777193,136562,4142
1688932777196,136562,4142
1688932777200,136562,4142
1688932777203,136562,4142
1688932777207,136562,4142
1688932777211,136562,4142
1688932777214,136562,4142
1688932777218,136562,4142
1688932777223,136562,4142
1688932777227,136562,4142
1688932777230,136562,4142
1688932777233,136562,4142
1688932777236,136562,4142
1688932777239,136562,4142
1688932777242,136562,4142
1688932777245,136562,4142
1688932777248,136562,4142
1688932777252,136562,4142
1688932777255,136562,4142
1688932777258,136562,4142
1688932777262,136562,4142
1688932777265,136562,4142
1688932777269,136562,4142
1688932777273,136562,4142
1688932777277,136562,4142
1688932777281,133125,4142
1688932777285,133125,4142
1688932777289,133125,4142
1688932777293,133125,4142
1688932777296,133125,4142
1688932777299,133125,4142
1688932777303,133125,4142
1688932777307,133125,4142
1688932777311,133125,4142
1688932777314,133125,4142
1688932777318,133125,4142
1688932777322,133125,4142
1688932777325,133125,4142
1688932777329,133125,4142
1688932777333,133125,4142
1688932777337,133125,4142
1688932777340,133125,4142
1688932777343,133125,4142
1688932777347,133125,4142
1688932777351,133125,4142
1688932777355,133125,4142
1688932777358,133125,4142
1688932777361,133125,4142
1688932777365,133125,4142
1688932777369,133125,4142
1688932777373,133125,4142
1688932777376,133125,4142
1688932777380,133125,4142
1688932777384,133125,4142
1688932777388,133125,4142
1688932777392,133125,4142
1688932777396,133125,4142
1688932777400,133125,4142
1688932777403,133125,4142
1688932777407,133125,4142
1688932777410,133125,4142
1688932777413,133125,4142
1688932777416,133125,4142
1688932777419,133125,4142
1688932777422,133125,4142
1688932777425,133125,4142
1688932777429,133125,4142
1688932777432,133125,4142
1688932777436,133125,4142
1688932777439,133125,4142
1688932777442,133125,4142
1688932777445,133125,4142
1688932777448,133125,4142
1688932777451,133125,4142
1688932777454,133125,4142
1688932777457,133125,4142
1688932777460,133125,4142
1688932777463,133125,4142
1688932777466,133125,4142
1688932777469,133125,4142
1688932777473,133125,4142
1688932777476,133125,4142
1688932777480,133125,4142
1688932777483,133125,4142
1688932777486,133125,4142
1688932777490,133125,4142
1688932777493,133125,4142
1688932777496,133125,4142
1688932777500,133125,4142
1688932777503,133125,4142
1688932777507,133125,4142
1688932777510,133125,4142
1688932777513,133125,4142
1688932777517,133125,4142
1688932777520,133125,4142
1688932777523,133125,4142
1688932777526,133125,4142
1688932777529,133125,4142
1688932777532,133125,4142
1688932777536,133125,4142
1688932777539,133125,4142
1688932777542,133125,4142
1688932777545,133125,4142
1688932777548,133125,4142
1688932777551,133125,4142
1688932777554,133125,4142
1688932777557,133125,4142
1688932777560,133125,4142
1688932777563,133125,4142
1688932777566,133125,4142
1688932777569,133125,4142
1688932777573,133125,4142
1688932777576,133125,4142
1688932777579,133125,4142
1688932777583,133125,4142
1688932777586,133125,4142
1688932777590,133125,4142
1688932777594,133125,4142
1688932777600,133125,4142
1688932777603,133125,4142
1688932777606,133125,4142
1688932777609,133125,4142
1688932777612,133125,4142
1688932777615,133125,4142
1688932777618,133125,4142
1688932777621,133125,4142
1688932777624,133125,4142
1688932777627,133125,4142
1688932777630,133125,4142
1688932777634,133125,4142
1688932777637,222187,4142
1688932777640,222187,4142
1688932777643,222187,4142
1688932777647,222187,4142
1688932777651,222187,4142
1688932777654,222187,4142
1688932777657,222187,4142
1688932777660,222187,4142
1688932777663,222187,4142
1688932777666,222187,4142
1688932777669,222187,4142
1688932777672,222187,4142
1688932777675,222187,4142
1688932777678,222187,4142
1688932777680,222187,4142
1688932777683,222187,4142
1688932777686,222187,4142
1688932777688,222187,4142
1688932777691,222187,4142
1688932777694,222187,4142
1688932777697,222187,4142
1688932777699,222187,4142
1688932777702,222187,4142
1688932777704,222187,4142
1688932777707,222187,4142
1688932777709,222187,4142
1688932777712,222187,4142
1688932777715,222187,4142
1688932777719,222187,4142
1688932777722,222187,4142
1688932777726,222187,4142
1688932777729,222187,4142
1688932777733,222187,4142
1688932777737,222187,4142
1688932777740,222187,4142
1688932777744,222187,4142
1688932777747,222187,4142
1688932777751,222187,4142
1688932777755,222187,4142
1688932777758,222187,4142
1688932777762,222187,4142
1688932777765,222187,4142
1688932777769,222187,4142
1688932777772,222187,4142
1688932777775,222187,4142
1688932777779,222187,4142
1688932777783,222187,4142
1688932777787,222187,4142
1688932777790,222187,4142
1688932777793,222187,4142
1688932777797,222187,4142
1688932777801,222187,4142
1688932777805,222187,4142
1688932777809,222187,4142
1688932777813,222187,4142
1688932777816,222187,4142
1688932777819,222187,4142
1688932777823,222187,4142
1688932777827,222187,4142
1688932777831,222187,4142
1688932777834,222187,4142
1688932777837,222187,4142
1688932777841,222187,4142
1688932777844,222187,4142
1688932777847,222187,4142
1688932777850,222187,4142
1688932777853,222187,4142
1688932777856,222187,4142
1688932777859,222187,4142
1688932777862,222187,4142
1688932777865,222187,4142
1688932777868,222187,4142
1688932777871,222187,4142
1688932777874,222187,4142
1688932777877,222187,4142
1688932777881,222187,4142
1688932777885,222187,4142
1688932777888,222187,4142
1688932777892,222187,4142
1688932777896,222187,4142
1688932777900,222187,4142
1688932777904,222187,4142
1688932777907,222187,4142
1688932777912,222187,4142
1688932777915,222187,4142
1688932777919,222187,4142
1688932777923,222187,4142
1688932777926,222187,4142
1688932777931,222187,4142
1688932777934,222187,4142
1688932777938,222187,4142
1688932777942,222187,4142
1688932777945,222187,4142
1688932777949,222187,4142
1688932777953,222187,4142
1688932777956,222187,4142
1688932777959,222187,4142
1688932777963,222187,4142
1688932777966,222187,4142
1688932777969,222187,4142
1688932777973,222187,4142
1688932777977,222187,4142
1688932777981,222187,4142
1688932777985,134375,4142
1688932777988,134375,4142
1688932777992,134375,4142
1688932777996,134375,4142
1688932778000,134375,4142
1688932778004,134375,4142
1688932778008,134375,4142
1688932778011,134375,4142
1688932778014,134375,4142
1688932778017,134375,4142
1688932778020,134375,4142
1688932778023,134375,4142
1688932778026,134375,4142
1688932778029,134375,4142
1688932778032,134375,4142
1688932778035,134375,4142
1688932778038,134375,4142
1688932778041,134375,4142
1688932778045,134375,4142
1688932778048,134375,4142
1688932778051,134375,4142
1688932778054,134375,4142
1688932778057,134375,4142
1688932778060,134375,4142
1688932778063,134375,4142
1688932778066,134375,4142
1688932778069,134375,4142
1688932778072,134375,4142
1688932778075,134375,4142
1688932778079,134375,4142
1688932778083,134375,4142
1688932778086,134375,4142
1688932778090,134375,4142
1688932778093,134375,4142
1688932778096,134375,4142
1688932778099,134375,4142
1688932778102,134375,4142
1688932778105,134375,4142
1688932778109,134375,4142
1688932778112,134375,4142
1688932778115,134375,4142
1688932778118,134375,4142
1688932778123,134375,4142
1688932778126,134375,4142
1688932778129,134375,4142
1688932778133,134375,4142
1688932778137,134375,4142
1688932778140,134375,4142
1688932778144,134375,4142
1688932778148,134375,4142
1688932778151,134375,4142
1688932778155,134375,4142
1688932778158,134375,4142
1688932778163,134375,4142
1688932778167,134375,4142
1688932778170,134375,4142
1688932778174,134375,4142
1688932778178,134375,4142
1688932778181,134375,4142
1688932778184,134375,4142
1688932778188,134375,4142
1688932778191,134375,4142
1688932778195,134375,4142
1688932778198,134375,4142
1688932778201,134375,4142
1688932778204,134375,4142
1688932778208,134375,4142
1688932778211,134375,4142
1688932778214,134375,4142
1688932778217,134375,4142
1688932778221,134375,4142
1688932778224,134375,4142
1688932778228,134375,4142
1688932778231,134375,4142
1688932778234,134375,4142
1688932778238,134375,4142
1688932778241,134375,4142
1688932778245,134375,4142
1688932778248,134375,4142
1688932778251,134375,4142
1688932778254,134375,4142
1688932778257,134375,4142
1688932778260,134375,4142
1688932778263,134375,4142
1688932778267,134375,4142
1688932778270,134375,4142
1688932778273,134375,4142
1688932778276,134375,4142
1688932778280,134375,4142
1688932778284,134375,4142
1688932778287,134375,4142
1688932778291,134375,4142
1688932778294,134375,4142
1688932778297,134375,4142
1688932778301,134375,4142
1688932778305,134375,4142
1688932778308,134375,4142
1688932778312,134375,4142
1688932778315,134375,4142
1688932778318,134375,4142
1688932778321,134375,4142
1688932778323,134375,4142
1688932778327,134375,4142
1688932778331,134375,4142
1688932778335,136875,4142
1688932778338,136875,4142
1688932778341,136875,4142
1688932778345,136875,4142
1688932778349,136875,4142
1688932778352,136875,4142
1688932778356,136875,4142
1688932778359,136875,4142
1688932778362,136875,4142
1688932778366,136875,4142
1688932778371,136875,4142
1688932778374,136875,4142
1688932778377,136875,4142
1688932778381,136875,4142
1688932778384,136875,4142
1688932778388,136875,4142
1688932778392,136875,4142
1688932778395,136875,4142
1688932778398,136875,4142
1688932778401,136875,4142
1688932778404,136875,4142
1688932778408,136875,4142
1688932778411,136875,4142
1688932778414,136875,4142
1688932778418,136875,4142
1688932778422,136875,4142
1688932778426,136875,4142
1688932778430,136875,4142
1688932778433,136875,4142
1688932778437,136875,4142
1688932778441,136875,4142
1688932778445,136875,4142
1688932778449,136875,4142
1688932778453,136875,4142
1688932778456,136875,4142
1688932778460,136875,4142
1688932778464,136875,4142
1688932778467,136875,4142
1688932778471,136875,4142
1688932778474,136875,4142
1688932778478,136875,4142
1688932778481,136875,4142
1688932778485,136875,4142
1688932778489,136875,4142
1688932778492,136875,4142
1688932778495,136875,4142
1688932778499,136875,4142
1688932778503,136875,4142
1688932778506,136875,4142
1688932778510,136875,4142
1688932778513,136875,4142
1688932778517,136875,4142
1688932778521,136875,4142
1688932778525,136875,4142
1688932778529,136875,4142
1688932778532,136875,4142
1688932778536,136875,4142
1688932778540,136875,4142
1688932778544,136875,4142
1688932778547,136875,4142
1688932778554,136875,4142
1688932778557,136875,4142
1688932778560,136875,4142
1688932778563,136875,4142
1688932778566,136875,4142
1688932778569,136875,4142
1688932778571,136875,4142
1688932778574,136875,4142
1688932778577,136875,4142
1688932778580,136875,4142
1688932778583,136875,4142
1688932778586,136875,4142
1688932778589,136875,4142
1688932778593,136875,4142
1688932778596,136875,4142
1688932778599,136875,4142
1688932778602,136875,4142
1688932778605,136875,4142
1688932778608,136875,4142
1688932778611,136875,4142
1688932778614,136875,4142
1688932778617,136875,4142
1688932778619,136875,4142
1688932778622,136875,4142
1688932778625,136875,4142
1688932778628,136875,4142
1688932778632,136875,4142
1688932778635,136875,4142
1688932778638,136875,4142
1688932778641,136875,4142
1688932778644,136875,4142
1688932778647,136875,4142
1688932778650,136875,4142
1688932778654,136875,4142
1688932778657,136875,4142
1688932778660,136875,4142
1688932778663,136875,4142
1688932778667,136875,4142
1688932778670,136875,4142
1688932778673,136875,4142
1688932778677,136875,4142
1688932778680,200937,4142
1688932778684,200937,4142
1688932778687,200937,4142
1688932778691,200937,4142
1688932778694,200937,4142
1688932778697,200937,4142
1688932778700,200937,4142
1688932778704,200937,4142
1688932778707,200937,4142
1688932778710,200937,4142
1688932778714,200937,4142
1688932778717,200937,4142
1688932778720,200937,4142
1688932778723,200937,4142
1688932778727,200937,4142
1688932778730,200937,4142
1688932778733,200937,4142
1688932778736,200937,4142
1688932778739,200937,4142
1688932778742,200937,4142
1688932778746,200937,4142
1688932778749,200937,4142
1688932778752,200937,4142
1688932778755,200937,4142
1688932778758,200937,4142
1688932778761,200937,4142
1688932778764,200937,4142
1688932778767,200937,4142
1688932778770,200937,4142
1688932778774,200937,4142
1688932778776,200937,4142
1688932778779,200937,4142
1688932778782,200937,4142
1688932778786,200937,4142
1688932778789,200937,4142
1688932778792,200937,4142
1688932778796,200937,4142
1688932778799,200937,4142
1688932778802,200937,4142
1688932778805,200937,4142
1688932778808,200937,4142
1688932778811,200937,4142
1688932778815,200937,4142
1688932778818,200937,4142
1688932778822,200937,4142
1688932778826,200937,4142
1688932778829,200937,4142
1688932778833,200937,4142
1688932778837,200937,4142
1688932778841,200937,4142
1688932778844,200937,4142
1688932778848,200937,4142
1688932778852,200937,4142
1688932778856,200937,4142
1688932778859,200937,4142
1688932778863,200937,4142
1688932778866,200937,4142
1688932778870,200937,4142
1688932778874,200937,4142
1688932778877,200937,4142
1688932778881,200937,4142
1688932778885,200937,4142
1688932778889,200937,4142
1688932778892,200937,4142
1688932778896,200937,4142
1688932778900,200937,4142
1688932778903,200937,4142
1688932778906,200937,4142
1688932778909,200937,4142
1688932778913,200937,4142
1688932778916,200937,4142
1688932778919,200937,4142
1688932778922,200937,4142
1688932778926,200937,4142
1688932778930,200937,4142
1688932778933,200937,4142
1688932778940,200937,4142
1688932778944,200937,4142
1688932778947,200937,4142
1688932778950,200937,4142
1688932778954,200937,4142
1688932778957,200937,4142
1688932778960,200937,4142
1688932778964,200937,4142
1688932778967,200937,4142
1688932778970,200937,4142
1688932778973,200937,4142
1688932778977,200937,4142
1688932778980,200937,4142
1688932778983,200937,4142
1688932778986,200937,4142
1688932778989,200937,4142
1688932778992,200937,4142
1688932778996,200937,4142
1688932778999,200937,4142
1688932779003,200937,4142
1688932779007,200937,4142
1688932779011,200937,4142
1688932779014,200937,4142
1688932779018,200937,4142
1688932779021,200937,4142
1688932779025,200937,4142
1688932779029,200937,4142
1688932779033,200937,4142
1688932779036,200937,4142
1688932779040,145937,4142
1688932779044,145937,4142
1688932779048,145937,4142
1688932779052,145937,4142
1688932779056,145937,4142
1688932779059,145937,4142
1688932779063,145937,4142
1688932779067,145937,4142
1688932779071,145937,4142
1688932779074,145937,4142
1688932779077,145937,4142
1688932779081,145937,4142
1688932779084,145937,4142
1688932779088,145937,4142
1688932779091,145937,4142
1688932779094,145937,4142
1688932779098,145937,4142
1688932779101,145937,4142
1688932779104,145937,4142
1688932779107,145937,4142
1688932779110,145937,4142
1688932779113,145937,4142
1688932779117,145937,4142
1688932779120,145937,4142
1688932779123,145937,4142
1688932779127,145937,4142
1688932779130,145937,4142
1688932779133,145937,4142
1688932779136,145937,4142
1688932779140,145937,4142
1688932779144,145937,4142
1688932779147,145937,4142
1688932779150,145937,4142
1688932779153,145937,4142
1688932779156,145937,4142
1688932779159,145937,4142
1688932779162,145937,4142
1688932779166,145937,4142
1688932779169,145937,4142
1688932779172,145937,4142
1688932779175,145937,4142
1688932779178,145937,4142
1688932779180,145937,4142
1688932779183,145937,4142
1688932779186,145937,4142
1688932779189,145937,4142
1688932779192,145937,4142
1688932779195,145937,4142
1688932779198,145937,4142
1688932779201,145937,4142
1688932779204,145937,4142
1688932779207,145937,4142
1688932779210,145937,4142
1688932779214,145937,4142
1688932779218,145937,4142
1688932779222,145937,4142
1688932779225,145937,4142
1688932779229,145937,4142
1688932779232,145937,4142
1688932779237,145937,4142
1688932779240,145937,4142
1688932779244,145937,4142
1688932779247,145937,4142
1688932779251,145937,4142
1688932779254,145937,4142
1688932779258,145937,4142
1688932779262,145937,4142
1688932779266,145937,4142
1688932779269,145937,4142
1688932779273,145937,4142
1688932779276,145937,4142
1688932779279,145937,4142
1688932779283,145937,4142
1688932779286,145937,4142
1688932779289,145937,4142
1688932779292,145937,4142
1688932779295,145937,4142
1688932779298,145937,4142
1688932779302,145937,4142
1688932779305,145937,4142
1688932779308,145937,4142
1688932779311,145937,4142
1688932779315,145937,4142
1688932779318,145937,4142
1688932779321,145937,4142
1688932779325,145937,4142
1688932779328,145937,4142
1688932779331,145937,4142
1688932779334,145937,4142
1688932779337,145937,4142
1688932779341,145937,4142
1688932779344,145937,4142
1688932779348,145937,4142
1688932779352,145937,4142
1688932779356,145937,4142
1688932779359,145937,4142
1688932779362,145937,4142
1688932779365,145937,4142
1688932779368,145937,4142
1688932779371,145937,4142
1688932779376,145937,4142
1688932779379,136562,4142
1688932779382,136562,4142
1688932779386,136562,4142
1688932779389,136562,4142
1688932779392,136562,4142
1688932779395,136562,4142
1688932779398,136562,4142
1688932779401,136562,4142
1688932779405,136562,4142
1688932779409,136562,4142
1688932779412,136562,4142
1688932779416,136562,4142
1688932779419,136562,4142
1688932779423,136562,4142
1688932779427,136562,4142
1688932779430,136562,4142
1688932779433,136562,4142
1688932779437,136562,4142
1688932779440,136562,4142
1688932779444,136562,4142
1688932779447,136562,4142
1688932779450,136562,4142
1688932779454,136562,4142
1688932779458,136562,4142
1688932779461,136562,4142
1688932779465,136562,4142
1688932779469,136562,4142
1688932779473,136562,4142
1688932779476,136562,4142
1688932779481,136562,4142
1688932779484,136562,4142
1688932779488,136562,4142
1688932779492,136562,4142
1688932779496,136562,4142
1688932779500,136562,4142
1688932779504,136562,4142
1688932779507,136562,4142
1688932779511,136562,4142
1688932779514,136562,4142
1688932779517,136562,4142
1688932779520,136562,4142
1688932779523,136562,4142
1688932779526,136562,4142
1688932779528,136562,4142
1688932779532,136562,4142
1688932779536,136562,4142
1688932779539,136562,4142
1688932779543,136562,4142
1688932779546,136562,4142
1688932779550,136562,4142
1688932779554,136562,4142
1688932779558,136562,4142
1688932779562,136562,4142
1688932779569,136562,4142
1688932779573,136562,4142
1688932779578,136562,4142
1688932779581,136562,4142
1688932779584,136562,4142
1688932779589,136562,4142
1688932779593,136562,4142
1688932779597,136562,4142
1688932779601,136562,4142
1688932779605,136562,4142
1688932779609,136562,4142
1688932779613,136562,4142
1688932779617,136562,4142
1688932779621,136562,4142
1688932779624,136562,4142
1688932779628,136562,4142
1688932779632,136562,4142
1688932779635,136562,4142
1688932779638,136562,4142
1688932779641,136562,4142
1688932779644,136562,4142
1688932779649,136562,4142
1688932779652,136562,4142
1688932779655,136562,4142
1688932779658,136562,4142
1688932779661,136562,4142
1688932779664,136562,4142
1688932779668,136562,4142
1688932779672,136562,4142
1688932779675,136562,4142
1688932779679,136562,4142
1688932779682,136562,4142
1688932779685,136562,4142
1688932779688,136562,4142
1688932779691,136562,4142
1688932779694,136562,4142
1688932779697,136562,4142
1688932779699,136562,4142
1688932779702,136562,4142
1688932779705,136562,4142
1688932779707,136562,4142
1688932779710,136562,4142
1688932779713,136562,4142
1688932779717,136562,4142
1688932779720,136562,4142
1688932779723,136562,4142
1688932779727,136562,4142
1688932779730,136562,4142
1688932779733,136562,4142
1688932779736,215312,4142
1688932779739,215312,4142
1688932779743,215312,4142
1688932779746,215312,4142
1688932779749,215312,4142
1688932779752,215312,4142
1688932779755,215312,4142
1688932779759,215312,4142
1688932779762,215312,4142
1688932779765,215312,4142
1688932779767,215312,4142
1688932779770,215312,4142
1688932779773,215312,4142
1688932779776,215312,4142
1688932779778,215312,4142
1688932779781,215312,4142
1688932779784,215312,4142
1688932779786,215312,4142
1688932779789,215312,4142
1688932779792,215312,4142
1688932779795,215312,4142
1688932779798,215312,4142
1688932779801,215312,4142
1688932779804,215312,4142
1688932779807,215312,4142
1688932779810,215312,4142
1688932779813,215312,4142
1688932779816,215312,4142
1688932779820,215312,4142
1688932779823,215312,4142
1688932779826,215312,4142
1688932779830,215312,4142
1688932779833,215312,4142
1688932779836,215312,4142
1688932779839,215312,4142
1688932779842,215312,4142
1688932779845,215312,4142
1688932779848,215312,4142
1688932779851,215312,4142
1688932779854,215312,4142
1688932779857,215312,4142
1688932779860,215312,4142
1688932779864,215312,4142
1688932779867,215312,4142
1688932779870,215312,4142
1688932779873,215312,4142
1688932779877,215312,4142
1688932779880,215312,4142
1688932779884,215312,4142
1688932779887,215312,4142
1688932779890,215312,4142
1688932779894,215312,4142
1688932779897,215312,4142
1688932779900,215312,4142
1688932779903,215312,4142
1688932779907,215312,4142
1688932779910,215312,4142
1688932779913,215312,4142
1688932779917,215312,4142
1688932779920,215312,4142
1688932779923,215312,4142
1688932779927,215312,4142
1688932779930,215312,4142
1688932779933,215312,4142
1688932779936,215312,4142
1688932779939,215312,4142
1688932779943,215312,4142
1688932779947,215312,4142
1688932779951,215312,4142
1688932779955,215312,4142
1688932779959,215312,4142
1688932779962,215312,4142
1688932779966,215312,4142
1688932779969,215312,4142
1688932779972,215312,4142
1688932779976,215312,4142
1688932779980,215312,4142
1688932779983,215312,4142
1688932779986,215312,4142
1688932779989,215312,4142
1688932779992,215312,4142
1688932779995,215312,4142
1688932779998,215312,4142
1688932780001,215312,4142
1688932780004,215312,4142
1688932780008,215312,4142
1688932780012,215312,4142
1688932780015,215312,4142
1688932780018,215312,4142
1688932780021,215312,4142
1688932780024,215312,4142
1688932780027,215312,4142
1688932780031,215312,4142
1688932780034,215312,4142
1688932780037,215312,4142
1688932780040,215312,4142
1688932780044,215312,4142
1688932780047,215312,4142
1688932780051,215312,4142
1688932780055,215312,4142
1688932780059,215312,4142
1688932780062,215312,4142
1688932780066,215312,4142
1688932780070,215312,4142
1688932780073,215312,4142
1688932780078,215312,4142
1688932780082,215312,4142
1688932780085,122812,4142
1688932780088,122812,4142
1688932780091,122812,4142
1688932780095,122812,4142
1688932780098,122812,4142
1688932780101,122812,4142
1688932780104,122812,4142
1688932780107,122812,4142
1688932780110,122812,4142
1688932780113,122812,4142
1688932780117,122812,4142
1688932780120,122812,4142
1688932780123,122812,4142
1688932780127,122812,4142
1688932780130,122812,4142
1688932780134,122812,4142
1688932780138,122812,4142
1688932780142,122812,4142
1688932780145,122812,4142
1688932780148,122812,4142
1688932780151,122812,4142
1688932780154,122812,4142
1688932780157,122812,4142
1688932780160,122812,4142
1688932780163,122812,4142
1688932780166,122812,4142
1688932780170,122812,4142
1688932780174,122812,4142
1688932780178,122812,4142
1688932780181,122812,4142
1688932780185,122812,4142
1688932780188,122812,4142
1688932780192,122812,4142
1688932780196,122812,4142
1688932780199,122812,4142
1688932780202,122812,4142
1688932780206,122812,4142
1688932780210,122812,4142
1688932780214,122812,4142
1688932780218,122812,4142
1688932780221,122812,4142
1688932780224,122812,4142
1688932780227,122812,4142
1688932780231,122812,4142
1688932780234,122812,4142
1688932780238,122812,4142
1688932780241,122812,4142
1688932780244,122812,4142
1688932780247,122812,4142
1688932780250,122812,4142
1688932780253,122812,4142
1688932780257,122812,4142
1688932780260,122812,4142
1688932780263,122812,4142
1688932780266,122812,4142
1688932780269,122812,4142
1688932780272,122812,4142
1688932780275,122812,4142
1688932780278,122812,4142
1688932780281,122812,4142
1688932780284,122812,4142
1688932780287,122812,4142
1688932780290,122812,4142
1688932780293,122812,4142
1688932780296,122812,4142
1688932780299,122812,4142
1688932780302,122812,4142
1688932780305,122812,4142
1688932780308,122812,4142
1688932780311,122812,4142
1688932780314,122812,4142
1688932780317,122812,4142
1688932780320,122812,4142
1688932780323,122812,4142
1688932780326,122812,4142
1688932780329,122812,4142
1688932780332,122812,4142
1688932780335,122812,4142
1688932780338,122812,4142
1688932780341,122812,4142
1688932780344,122812,4142
1688932780347,122812,4142
1688932780350,122812,4142
1688932780353,122812,4142
1688932780357,122812,4142
1688932780360,122812,4142
1688932780363,122812,4142
1688932780367,122812,4142
1688932780370,122812,4142
1688932780373,122812,4142
1688932780377,122812,4142
1688932780380,122812,4142
1688932780383,122812,4142
1688932780387,122812,4142
1688932780390,122812,4142
1688932780394,122812,4142
1688932780397,122812,4142
1688932780400,122812,4142
1688932780403,122812,4142
1688932780406,122812,4142
1688932780410,122812,4142
1688932780413,122812,4142
1688932780417,122812,4142
1688932780420,122812,4142
1688932780423,122812,4142
1688932780427,122812,4142
1688932780430,122812,4142
1688932780434,122812,4142
1688932780437,210937,4142
1688932780440,210937,4142
1688932780443,210937,4142
1688932780446,210937,4142
1688932780450,210937,4142
1688932780453,210937,4142
1688932780456,210937,4142
1688932780459,210937,4142
1688932780462,210937,4142
1688932780466,210937,4142
1688932780469,210937,4142
1688932780473,210937,4142
1688932780477,210937,4142
1688932780480,210937,4142
1688932780484,210937,4142
1688932780488,210937,4142
1688932780492,210937,4142
1688932780495,210937,4142
1688932780498,210937,4142
1688932780501,210937,4142
1688932780505,210937,4142
1688932780508,210937,4142
1688932780511,210937,4142
1688932780514,210937,4142
1688932780517,210937,4142
1688932780521,210937,4142
1688932780524,210937,4142
1688932780528,210937,4142
1688932780531,210937,4142
1688932780535,210937,4142
1688932780538,210937,4142
1688932780541,210937,4142
1688932780545,210937,4142
1688932780548,210937,4142
1688932780551,210937,4142
1688932780555,210937,4142
1688932780561,210937,4142
1688932780564,210937,4142
1688932780568,210937,4142
1688932780571,210937,4142
1688932780574,210937,4142
1688932780577,210937,4142
1688932780580,210937,4142
1688932780584,210937,4142
1688932780587,210937,4142
1688932780591,210937,4142
1688932780595,210937,4142
1688932780597,210937,4142
1688932780602,210937,4142
1688932780605,210937,4142
1688932780608,210937,4142
1688932780611,210937,4142
1688932780614,210937,4142
1688932780618,210937,4142
1688932780623,210937,4142
1688932780626,210937,4142
1688932780629,210937,4142
1688932780632,210937,4142
1688932780634,210937,4142
1688932780637,210937,4142
1688932780640,210937,4142
1688932780643,210937,4142
1688932780647,210937,4142
1688932780652,210937,4142
1688932780654,210937,4142
1688932780659,210937,4142
1688932780663,210937,4142
1688932780666,210937,4142
1688932780669,210937,4142
1688932780673,210937,4142
1688932780677,210937,4142
1688932780681,210937,4142
1688932780685,210937,4142
1688932780689,210937,4142
1688932780692,210937,4142
1688932780695,210937,4142
1688932780699,210937,4142
1688932780702,210937,4142
1688932780706,210937,4142
1688932780709,210937,4142
1688932780712,210937,4142
1688932780716,210937,4142
1688932780719,210937,4142
1688932780723,210937,4142
1688932780726,210937,4142
1688932780730,210937,4142
1688932780733,210937,4142
1688932780736,210937,4142
1688932780740,210937,4142
1688932780744,210937,4142
1688932780747,210937,4142
1688932780751,210937,4142
1688932780754,210937,4142
1688932780758,210937,4142
1688932780761,210937,4142
1688932780765,210937,4142
1688932780769,210937,4142
1688932780773,210937,4142
1688932780777,210937,4142
1688932780780,210937,4142
1688932780784,210937,4142
1688932780788,131875,4142
1688932780791,131875,4142
1688932780795,131875,4142
1688932780799,131875,4142
1688932780803,131875,4142
1688932780807,131875,4142
1688932780810,131875,4142
1688932780813,131875,4142
1688932780817,131875,4142
1688932780820,131875,4142
1688932780824,131875,4142
1688932780827,131875,4142
1688932780830,131875,4142
1688932780833,131875,4142
1688932780837,131875,4142
1688932780840,131875,4142
1688932780843,131875,4142
1688932780846,131875,4142
1688932780849,131875,4142
1688932780853,131875,4142
1688932780856,131875,4142
1688932780859,131875,4142
1688932780862,131875,4142
1688932780866,131875,4142
1688932780869,131875,4142
1688932780872,131875,4142
1688932780876,131875,4142
1688932780879,131875,4142
1688932780882,131875,4142
1688932780885,131875,4142
1688932780888,131875,4142
1688932780891,131875,4142
1688932780894,131875,4142
1688932780897,131875,4142
1688932780900,131875,4142
1688932780903,131875,4142
1688932780906,131875,4142
1688932780908,131875,4142
1688932780912,131875,4142
1688932780915,131875,4142
1688932780918,131875,4142
1688932780921,131875,4142
1688932780924,131875,4142
1688932780927,131875,4142
1688932780930,131875,4142
1688932780933,131875,4142
1688932780936,131875,4142
1688932780939,131875,4142
1688932780943,131875,4142
1688932780946,131875,4142
1688932780949,131875,4142
1688932780952,131875,4142
1688932780955,131875,4142
1688932780958,131875,4142
1688932780961,131875,4142
1688932780964,131875,4142
1688932780967,131875,4142
1688932780970,131875,4142
1688932780973,131875,4142
1688932780977,131875,4142
1688932780980,131875,4142
1688932780983,131875,4142
1688932780987,131875,4142
1688932780990,131875,4142
1688932780993,131875,4142
1688932780997,131875,4142
1688932781000,131875,4142
1688932781003,131875,4142
1688932781007,131875,4142
1688932781010,131875,4142
1688932781014,131875,4142
1688932781017,131875,4142
1688932781020,131875,4142
1688932781024,131875,4142
1688932781027,131875,4142
1688932781030,131875,4142
1688932781033,131875,4142
1688932781037,131875,4142
1688932781040,131875,4142
1688932781043,131875,4142
1688932781047,131875,4142
1688932781050,131875,4142
1688932781054,131875,4142
1688932781057,131875,4142
1688932781060,131875,4142
1688932781064,131875,4142
1688932781067,131875,4142
1688932781071,131875,4142
1688932781075,131875,4142
1688932781078,131875,4142
1688932781081,131875,4142
1688932781085,131875,4142
1688932781088,131875,4142
1688932781092,131875,4142
1688932781096,131875,4142
1688932781099,131875,4142
1688932781103,131875,4142
1688932781107,131875,4142
1688932781111,131875,4142
1688932781114,131875,4142
1688932781118,131875,4142
1688932781121,131875,4142
1688932781125,131875,4142
1688932781128,131875,4142
1688932781132,131875,4142
1688932781136,135000,4142
1688932781140,135000,4142
1688932781144,135000,4142
1688932781147,135000,4142
1688932781151,135000,4142
1688932781155,135000,4142
1688932781159,135000,4142
1688932781162,135000,4142
1688932781165,135000,4142
1688932781169,135000,4142
1688932781172,135000,4142
1688932781176,135000,4142
1688932781179,135000,4142
1688932781183,135000,4142
1688932781187,135000,4142
1688932781190,135000,4142
1688932781194,135000,4142
1688932781198,135000,4142
1688932781201,135000,4142
1688932781204,135000,4142
1688932781208,135000,4142
1688932781212,135000,4142
1688932781216,135000,4142
1688932781220,135000,4142
1688932781224,135000,4142
1688932781227,135000,4142
1688932781231,135000,4142
1688932781235,135000,4142
1688932781238,135000,4142
1688932781241,135000,4142
1688932781244,135000,4142
1688932781248,135000,4142
1688932781251,135000,4142
1688932781254,135000,4142
1688932781257,135000,4142
1688932781261,135000,4142
1688932781264,135000,4142
1688932781267,135000,4142
1688932781271,135000,4142
1688932781273,135000,4142
1688932781277,135000,4142
1688932781280,135000,4142
1688932781284,135000,4142
1688932781288,135000,4142
1688932781291,135000,4142
1688932781294,135000,4142
1688932781297,135000,4142
1688932781301,135000,4142
1688932781305,135000,4142
1688932781308,135000,4142
1688932781312,135000,4142
1688932781316,135000,4142
1688932781319,135000,4142
1688932781322,135000,4142
1688932781326,135000,4142
1688932781329,135000,4142
1688932781332,135000,4142
1688932781336,135000,4142
1688932781339,135000,4142
1688932781342,135000,4142
1688932781345,135000,4142
1688932781348,135000,4142
1688932781352,135000,4142
1688932781355,135000,4142
1688932781358,135000,4142
1688932781362,135000,4142
1688932781366,135000,4142
1688932781369,135000,4142
1688932781372,135000,4142
1688932781377,135000,4142
1688932781381,135000,4142
1688932781384,135000,4142
1688932781388,135000,4142
1688932781391,135000,4142
1688932781394,135000,4142
1688932781397,135000,4142
1688932781401,135000,4142
1688932781405,135000,4142
1688932781409,135000,4142
1688932781412,135000,4142
1688932781416,135000,4142
1688932781420,135000,4142
1688932781424,135000,4142
1688932781428,135000,4142
1688932781431,135000,4142
1688932781434,135000,4142
1688932781438,135000,4142
1688932781441,135000,4142
1688932781445,135000,4142
1688932781449,135000,4142
1688932781453,135000,4142
1688932781456,135000,4142
1688932781459,135000,4142
1688932781463,135000,4142
1688932781466,135000,4142
1688932781469,135000,4142
1688932781472,135000,4142
1688932781476,135000,4142
1688932781480,135000,4142
1688932781483,118125,4142
1688932781487,118125,4142
1688932781490,118125,4142
1688932781493,118125,4142
1688932781496,118125,4142
1688932781499,118125,4142
1688932781502,118125,4142
1688932781505,118125,4142
1688932781508,118125,4142
1688932781512,118125,4142
1688932781515,118125,4142
1688932781519,118125,4142
1688932781521,118125,4142
1688932781524,118125,4142
1688932781527,118125,4142
1688932781530,118125,4142
1688932781533,118125,4142
1688932781536,118125,4142
1688932781539,118125,4142
1688932781542,118125,4142
1688932781545,118125,4142
1688932781548,118125,4142
1688932781551,118125,4142
1688932781555,118125,4142
1688932781558,118125,4142
1688932781561,118125,4142
1688932781565,118125,4142
1688932781568,118125,4142
1688932781571,118125,4142
1688932781574,118125,4142
1688932781578,118125,4142
1688932781582,118125,4142
1688932781585,118125,4142
1688932781588,118125,4142
1688932781591,118125,4142
1688932781595,118125,4142
1688932781599,118125,4142
1688932781602,118125,4142
1688932781605,118125,4142
1688932781609,118125,4142
1688932781612,118125,4142
1688932781615,118125,4142
1688932781618,118125,4142
1688932781621,118125,4142
1688932781624,118125,4142
1688932781627,118125,4142
1688932781631,118125,4142
1688932781634,118125,4142
1688932781637,118125,4142
1688932781640,118125,4142
1688932781644,118125,4142
1688932781647,118125,4142
1688932781650,118125,4142
1688932781653,118125,4142
1688932781656,118125,4142
1688932781659,118125,4142
1688932781663,118125,4142
1688932781666,118125,4142
1688932781669,118125,4142
1688932781672,118125,4142
1688932781675,118125,4142
1688932781678,118125,4142
1688932781681,118125,4142
1688932781685,118125,4142
1688932781689,118125,4142
1688932781693,118125,4142
1688932781697,118125,4142
1688932781701,118125,4142
1688932781705,118125,4142
1688932781708,118125,4142
1688932781712,118125,4142
1688932781716,118125,4142
1688932781719,118125,4142
1688932781722,118125,4142
1688932781725,118125,4142
1688932781728,118125,4142
1688932781731,118125,4142
1688932781734,118125,4142
1688932781738,118125,4142
1688932781741,118125,4142
1688932781744,118125,4142
1688932781747,118125,4142
1688932781750,118125,4142
1688932781753,118125,4142
1688932781757,118125,4142
1688932781760,118125,4142
1688932781764,118125,4142
1688932781768,118125,4142
1688932781771,118125,4142
1688932781775,118125,4142
1688932781778,118125,4142
1688932781781,118125,4142
1688932781785,118125,4142
1688932781788,118125,4142
1688932781791,118125,4142
1688932781795,118125,4142
1688932781798,118125,4142
1688932781801,118125,4142
1688932781805,118125,4142
1688932781808,118125,4142
1688932781811,118125,4142
1688932781814,118125,4142
1688932781817,118125,4142
1688932781821,118125,4142
1688932781824,118125,4142
1688932781828,118125,4142
1688932781831,118125,4142
1688932781834,118125,4142
1688932781837,128125,4142
1688932781841,128125,4142
1688932781844,128125,4142
1688932781848,128125,4142
1688932781852,128125,4142
1688932781856,128125,4142
1688932781859,128125,4142
1688932781862,128125,4142
1688932781865,128125,4142
1688932781868,128125,4142
1688932781872,128125,4142
1688932781876,128125,4142
1688932781880,128125,4142
1688932781883,128125,4142
1688932781887,128125,4142
1688932781890,128125,4142
1688932781894,128125,4142
1688932781897,128125,4142
1688932781901,128125,4142
1688932781904,128125,4142
1688932781907,128125,4142
1688932781911,128125,4142
1688932781914,128125,4142
1688932781917,128125,4142
1688932781921,128125,4142
1688932781924,128125,4142
1688932781927,128125,4142
1688932781931,128125,4142
1688932781934,128125,4142
1688932781937,128125,4142
1688932781940,128125,4142
1688932781943,128125,4142
1688932781946,128125,4142
1688932781949,128125,4142
1688932781952,128125,4142
1688932781955,128125,4142
1688932781957,128125,4142
1688932781960,128125,4142
1688932781963,128125,4142
1688932781966,128125,4142
1688932781969,128125,4142
1688932781972,128125,4142
1688932781975,128125,4142
1688932781978,128125,4142
1688932781981,128125,4142
1688932781984,128125,4142
1688932781987,128125,4142
1688932781990,128125,4142
1688932781994,128125,4142
1688932781997,128125,4142
1688932782000,128125,4142
1688932782003,128125,4142
1688932782007,128125,4142
1688932782010,128125,4142
1688932782013,128125,4142
1688932782017,128125,4142
1688932782020,128125,4142
1688932782023,128125,4142
1688932782026,128125,4142
1688932782029,128125,4142
1688932782032,128125,4142
1688932782035,128125,4142
1688932782039,128125,4142
1688932782042,128125,4142
1688932782045,128125,4142
1688932782048,128125,4142
1688932782051,128125,4142
1688932782054,128125,4142
1688932782057,128125,4142
1688932782060,128125,4142
1688932782063,128125,4142
1688932782066,128125,4142
1688932782069,128125,4142
1688932782072,128125,4142
1688932782076,128125,4142
1688932782079,128125,4142
1688932782082,128125,4142
1688932782086,128125,4142
1688932782089,128125,4142
1688932782092,128125,4142
1688932782095,128125,4142
1688932782098,128125,4142
1688932782101,128125,4142
1688932782104,128125,4142
1688932782107,128125,4142
1688932782110,128125,4142
1688932782113,128125,4142
1688932782116,128125,4142
1688932782119,128125,4142
1688932782122,128125,4142
1688932782125,128125,4142
1688932782128,128125,4142
1688932782132,128125,4142
1688932782135,128125,4142
1688932782137,128125,4142
1688932782140,128125,4142
1688932782143,128125,4142
1688932782146,128125,4142
1688932782150,128125,4142
1688932782153,128125,4142
1688932782156,128125,4142
1688932782159,128125,4142
1688932782162,128125,4142
1688932782165,128125,4142
1688932782168,128125,4142
1688932782171,128125,4142
1688932782174,128125,4142
1688932782177,128125,4142
1688932782180,128125,4142
1688932782183,150625,4142
1688932782187,150625,4142
1688932782191,150625,4142
1688932782194,150625,4142
1688932782197,150625,4142
1688932782201,150625,4142
1688932782204,150625,4142
1688932782208,150625,4142
1688932782211,150625,4142
1688932782214,150625,4142
1688932782218,150625,4142
1688932782221,150625,4142
1688932782224,150625,4142
1688932782228,150625,4142
1688932782231,150625,4142
1688932782234,150625,4142
1688932782237,150625,4142
1688932782241,150625,4142
1688932782244,150625,4142
1688932782247,150625,4142
1688932782250,150625,4142
1688932782253,150625,4142
1688932782256,150625,4142
1688932782259,150625,4142
1688932782262,150625,4142
1688932782265,150625,4142
1688932782267,150625,4142
1688932782271,150625,4142
1688932782274,150625,4142
1688932782278,150625,4142
1688932782281,150625,4142
1688932782285,150625,4142
1688932782288,150625,4142
1688932782291,150625,4142
1688932782294,150625,4142
1688932782298,150625,4142
1688932782302,150625,4142
1688932782306,150625,4142
1688932782309,150625,4142
1688932782313,150625,4142
1688932782317,150625,4142
1688932782321,150625,4142
1688932782325,150625,4142
1688932782329,150625,4142
1688932782333,150625,4142
1688932782337,150625,4142
1688932782340,150625,4142
1688932782344,150625,4142
1688932782348,150625,4142
1688932782351,150625,4142
1688932782355,150625,4142
1688932782359,150625,4142
1688932782363,150625,4142
1688932782366,150625,4142
1688932782370,150625,4142
1688932782373,150625,4142
1688932782377,150625,4142
1688932782380,150625,4142
1688932782383,150625,4142
1688932782387,150625,4142
1688932782390,150625,4142
1688932782393,150625,4142
1688932782397,150625,4142
1688932782400,150625,4142
1688932782403,150625,4142
1688932782407,150625,4142
1688932782411,150625,4142
1688932782415,150625,4142
1688932782419,150625,4142
1688932782422,150625,4142
1688932782426,150625,4142
1688932782429,150625,4142
1688932782433,150625,4142
1688932782437,150625,4142
1688932782441,150625,4142
1688932782445,150625,4142
1688932782448,150625,4142
1688932782451,150625,4142
1688932782455,150625,4142
1688932782459,150625,4142
1688932782462,150625,4142
1688932782466,150625,4142
1688932782469,150625,4142
1688932782474,150625,4142
1688932782478,150625,4142
1688932782481,150625,4142
1688932782484,150625,4142
1688932782488,150625,4142
1688932782492,150625,4142
1688932782496,150625,4142
1688932782499,150625,4142
1688932782502,150625,4142
1688932782505,150625,4142
1688932782509,150625,4142
1688932782513,150625,4142
1688932782517,150625,4142
1688932782521,150625,4142
1688932782525,150625,4142
1688932782529,150625,4142
1688932782533,150625,4142
1688932782538,116562,4142
1688932782541,116562,4142
1688932782545,116562,4142
1688932782548,116562,4142
1688932782551,116562,4142
1688932782555,116562,4142
1688932782558,116562,4142
1688932782561,116562,4142
1688932782565,116562,4142
1688932782567,116562,4142
1688932782570,116562,4142
1688932782573,116562,4142
1688932782576,116562,4142
1688932782579,116562,4142
1688932782581,116562,4142
1688932782585,116562,4142
1688932782588,116562,4142
1688932782591,116562,4142
1688932782594,116562,4142
1688932782598,116562,4142
1688932782600,116562,4142
1688932782603,116562,4142
1688932782606,116562,4142
1688932782609,116562,4142
1688932782613,116562,4142
1688932782617,116562,4142
1688932782620,116562,4142
1688932782623,116562,4142
1688932782627,116562,4142
1688932782631,116562,4142
1688932782635,116562,4142
1688932782638,116562,4142
1688932782642,116562,4142
1688932782646,116562,4142
1688932782649,116562,4142
1688932782653,116562,4142
1688932782656,116562,4142
1688932782659,116562,4142
1688932782662,116562,4142
1688932782666,116562,4142
1688932782669,116562,4142
1688932782672,116562,4142
1688932782675,116562,4142
1688932782678,116562,4142
1688932782681,116562,4142
1688932782684,116562,4142
1688932782688,116562,4142
1688932782691,116562,4142
1688932782694,116562,4142
1688932782698,116562,4142
1688932782701,116562,4142
1688932782704,116562,4142
1688932782708,116562,4142
1688932782711,116562,4142
1688932782714,116562,4142
1688932782717,116562,4142
1688932782720,116562,4142
1688932782723,116562,4142
1688932782727,116562,4142
1688932782730,116562,4142
1688932782733,116562,4142
1688932782737,116562,4142
1688932782741,116562,4142
1688932782745,116562,4142
1688932782749,116562,4142
1688932782752,116562,4142
1688932782755,116562,4142
1688932782758,116562,4142
1688932782761,116562,4142
1688932782764,116562,4142
1688932782768,116562,4142
1688932782771,116562,4142
1688932782774,116562,4142
1688932782777,116562,4142
1688932782780,116562,4142
1688932782782,116562,4142
1688932782785,116562,4142
1688932782788,116562,4142
1688932782791,116562,4142
1688932782794,116562,4142
1688932782797,116562,4142
1688932782799,116562,4142
1688932782802,116562,4142
1688932782805,116562,4142
1688932782808,116562,4142
1688932782811,116562,4142
1688932782814,116562,4142
1688932782817,116562,4142
1688932782820,116562,4142
1688932782824,116562,4142
1688932782827,116562,4142
1688932782830,116562,4142
1688932782833,116562,4142
1688932782837,116562,4142
1688932782840,116562,4142
1688932782843,116562,4142
1688932782847,116562,4142
1688932782851,116562,4142
1688932782854,116562,4142
1688932782857,116562,4142
1688932782861,116562,4142
1688932782864,116562,4142
1688932782867,116562,4142
1688932782871,116562,4142
1688932782875,116562,4142
1688932782878,116562,4142
1688932782883,116562,4142
1688932782886,129062,4142
1688932782890,129062,4142
1688932782894,129062,4142
1688932782898,129062,4142
1688932782901,129062,4142
1688932782905,129062,4142
1688932782910,129062,4142
1688932782914,129062,4142
1688932782917,129062,4142
1688932782921,129062,4142
1688932782924,129062,4142
1688932782927,129062,4142
1688932782930,129062,4142
1688932782934,129062,4142
1688932782937,129062,4142
1688932782941,129062,4142
1688932782944,129062,4142
1688932782948,129062,4142
1688932782951,129062,4142
1688932782957,129062,4142
1688932782960,129062,4142
1688932782964,129062,4142
1688932782967,129062,4142
1688932782970,129062,4142
1688932782973,129062,4142
1688932782976,129062,4142
1688932782979,129062,4142
1688932782983,129062,4142
1688932782986,129062,4142
1688932782989,129062,4142
1688932782992,129062,4142
1688932782996,129062,4142
1688932782999,129062,4142
1688932783002,129062,4142
1688932783006,129062,4142
1688932783009,129062,4142
1688932783012,129062,4142
1688932783015,129062,4142
1688932783019,129062,4142
1688932783022,129062,4142
1688932783025,129062,4142
1688932783028,129062,4142
1688932783032,129062,4142
1688932783036,129062,4142
1688932783039,129062,4142
1688932783043,129062,4142
1688932783047,129062,4142
1688932783051,129062,4142
1688932783054,129062,4142
1688932783059,129062,4142
1688932783062,129062,4142
1688932783065,129062,4142
1688932783068,129062,4142
1688932783072,129062,4142
1688932783075,129062,4142
1688932783078,129062,4142
1688932783081,129062,4142
1688932783084,129062,4142
1688932783087,129062,4142
1688932783091,129062,4142
1688932783094,129062,4142
1688932783097,129062,4142
1688932783100,129062,4142
1688932783103,129062,4142
1688932783107,129062,4142
1688932783110,129062,4142
1688932783113,129062,4142
1688932783116,129062,4142
1688932783119,129062,4142
1688932783122,129062,4142
1688932783125,129062,4142
1688932783128,129062,4142
1688932783131,129062,4142
1688932783134,129062,4142
1688932783137,129062,4142
1688932783140,129062,4142
1688932783143,129062,4142
1688932783146,129062,4142
1688932783149,129062,4142
1688932783152,129062,4142
1688932783155,129062,4142
1688932783158,129062,4142
1688932783161,129062,4142
1688932783164,129062,4142
1688932783167,129062,4142
1688932783171,129062,4142
1688932783174,129062,4142
1688932783177,129062,4142
1688932783180,129062,4142
1688932783184,129062,4142
1688932783187,129062,4142
1688932783190,129062,4142
1688932783193,129062,4142
1688932783196,129062,4142
1688932783199,129062,4142
1688932783202,129062,4142
1688932783206,129062,4142
1688932783209,129062,4142
1688932783212,129062,4142
1688932783215,129062,4142
1688932783218,129062,4142
1688932783221,129062,4142
1688932783224,129062,4142
1688932783227,129062,4142
1688932783230,129062,4142
1688932783233,129062,4142
1688932783236,129062,4142
1688932783239,214062,4142
1688932783242,214062,4142
1688932783245,214062,4142
1688932783248,214062,4142
1688932783251,214062,4142
1688932783254,214062,4142
1688932783257,214062,4142
1688932783260,214062,4142
1688932783264,214062,4142
1688932783267,214062,4142
1688932783270,214062,4142
1688932783273,214062,4142
1688932783276,214062,4142
1688932783279,214062,4142
1688932783282,214062,4142
1688932783285,214062,4142
1688932783288,214062,4142
1688932783291,214062,4142
1688932783294,214062,4142
1688932783297,214062,4142
1688932783300,214062,4142
1688932783303,214062,4142
1688932783306,214062,4142
1688932783310,214062,4142
1688932783312,214062,4142
1688932783315,214062,4142
1688932783318,214062,4142
1688932783321,214062,4142
1688932783326,214062,4142
1688932783330,214062,4142
1688932783333,214062,4142
1688932783337,214062,4142
1688932783341,214062,4142
1688932783345,214062,4142
1688932783348,214062,4142
1688932783352,214062,4142
1688932783355,214062,4142
1688932783359,214062,4142
1688932783363,214062,4142
1688932783366,214062,4142
1688932783370,214062,4142
1688932783374,214062,4142
1688932783377,214062,4142
1688932783380,214062,4142
1688932783384,214062,4142
1688932783388,214062,4142
1688932783391,214062,4142
1688932783395,214062,4142
1688932783399,214062,4142
1688932783402,214062,4142
1688932783405,214062,4142
1688932783409,214062,4142
1688932783412,214062,4142
1688932783416,214062,4142
1688932783420,214062,4142
1688932783423,214062,4142
1688932783430,214062,4142
1688932783434,214062,4142
1688932783437,214062,4142
1688932783441,214062,4142
1688932783444,214062,4142
1688932783447,214062,4142
1688932783451,214062,4142
1688932783455,214062,4142
1688932783458,214062,4142
1688932783462,214062,4142
1688932783465,214062,4142
1688932783468,214062,4142
1688932783472,214062,4142
1688932783475,214062,4142
1688932783479,214062,4142
1688932783483,214062,4142
1688932783486,214062,4142
1688932783489,214062,4142
1688932783493,214062,4142
1688932783496,214062,4142
1688932783499,214062,4142
1688932783503,214062,4142
1688932783506,214062,4142
1688932783510,214062,4142
1688932783514,214062,4142
1688932783518,214062,4142
1688932783521,214062,4142
1688932783525,214062,4142
1688932783529,214062,4142
1688932783533,214062,4142
1688932783536,214062,4142
1688932783540,214062,4142
1688932783543,214062,4142
1688932783547,214062,4142
1688932783551,214062,4142
1688932783554,214062,4142
1688932783558,214062,4142
1688932783562,214062,4142
1688932783566,214062,4142
1688932783570,214062,4142
1688932783574,214062,4142
1688932783577,214062,4142
1688932783581,214062,4142
1688932783585,214062,4142
1688932783589,121562,4142
1688932783593,121562,4142
1688932783597,121562,4142
1688932783601,121562,4142
1688932783605,121562,4142
1688932783609,121562,4142
1688932783613,121562,4142
1688932783617,121562,4142
1688932783621,121562,4142
1688932783625,121562,4142
1688932783628,121562,4142
1688932783631,121562,4142
1688932783634,121562,4142
1688932783637,121562,4142
1688932783640,121562,4142
1688932783644,121562,4142
1688932783649,121562,4142
1688932783652,121562,4142
1688932783655,121562,4142
1688932783658,121562,4142
1688932783661,121562,4142
1688932783664,121562,4142
1688932783667,121562,4142
1688932783670,121562,4142
1688932783673,121562,4142
1688932783677,121562,4142
1688932783680,121562,4142
1688932783683,121562,4142
1688932783687,121562,4142
1688932783690,121562,4142
1688932783694,121562,4142
1688932783697,121562,4142
1688932783700,121562,4142
1688932783704,121562,4142
1688932783707,121562,4142
1688932783711,121562,4142
1688932783714,121562,4142
1688932783720,121562,4142
1688932783724,121562,4142
1688932783728,121562,4142
1688932783732,121562,4142
1688932783736,121562,4142
1688932783740,121562,4142
1688932783743,121562,4142
1688932783747,121562,4142
1688932783750,121562,4142
1688932783754,121562,4142
1688932783758,121562,4142
1688932783762,121562,4142
1688932783766,121562,4142
1688932783769,121562,4142
1688932783772,121562,4142
1688932783776,121562,4142
1688932783780,121562,4142
1688932783783,121562,4142
1688932783787,121562,4142
1688932783791,121562,4142
1688932783794,121562,4142
1688932783798,121562,4142
1688932783802,121562,4142
1688932783805,121562,4142
1688932783808,121562,4142
1688932783813,121562,4142
1688932783817,121562,4142
1688932783820,121562,4142
1688932783824,121562,4142
1688932783827,121562,4142
1688932783830,121562,4142
1688932783834,121562,4142
1688932783838,121562,4142
1688932783842,121562,4142
1688932783846,121562,4142
1688932783849,121562,4142
1688932783853,121562,4142
1688932783857,121562,4142
1688932783860,121562,4142
1688932783864,121562,4142
1688932783867,121562,4142
1688932783871,121562,4142
1688932783874,121562,4142
1688932783878,121562,4142
1688932783882,121562,4142
1688932783887,121562,4142
1688932783890,121562,4142
1688932783894,121562,4142
1688932783898,121562,4142
1688932783902,121562,4142
1688932783906,121562,4142
1688932783909,121562,4142
1688932783913,121562,4142
1688932783917,121562,4142
1688932783920,121562,4142
1688932783924,121562,4142
1688932783927,121562,4142
1688932783931,121562,4142
1688932783934,121562,4142
1688932783938,124687,4142
1688932783942,124687,4142
1688932783946,124687,4142
1688932783950,124687,4142
1688932783954,124687,4142
1688932783958,124687,4142
1688932783962,124687,4142
1688932783965,124687,4142
1688932783969,124687,4142
1688932783974,124687,4142
1688932783978,124687,4142
1688932783981,124687,4142
1688932783984,124687,4142
1688932783987,124687,4142
1688932783990,124687,4142
1688932783994,124687,4142
1688932783997,124687,4142
1688932784001,124687,4142
1688932784004,124687,4142
1688932784009,124687,4142
1688932784012,124687,4142
1688932784016,124687,4142
1688932784019,124687,4142
1688932784022,124687,4142
1688932784025,124687,4142
1688932784029,124687,4142
1688932784033,124687,4142
1688932784036,124687,4142
1688932784039,124687,4142
1688932784043,124687,4142
1688932784046,124687,4142
1688932784049,124687,4142
1688932784053,124687,4142
1688932784056,124687,4142
1688932784059,124687,4142
1688932784063,124687,4142
1688932784066,124687,4142
1688932784070,124687,4142
1688932784073,124687,4142
1688932784077,124687,4142
1688932784080,124687,4142
1688932784084,124687,4142
1688932784088,124687,4142
1688932784091,124687,4142
1688932784095,124687,4142
1688932784099,124687,4142
1688932784102,124687,4142
1688932784106,124687,4142
1688932784110,124687,4142
1688932784113,124687,4142
1688932784117,124687,4142
1688932784121,124687,4142
1688932784125,124687,4142
1688932784129,124687,4142
1688932784133,124687,4142
1688932784137,124687,4142
1688932784141,124687,4142
1688932784144,124687,4142
1688932784148,124687,4142
1688932784151,124687,4142
1688932784154,124687,4142
1688932784157,124687,4142
1688932784161,124687,4142
1688932784164,124687,4142
1688932784167,124687,4142
1688932784171,124687,4142
1688932784175,124687,4142
1688932784178,124687,4142
1688932784182,124687,4142
1688932784185,124687,4142
1688932784189,124687,4142
1688932784193,124687,4142
1688932784196,124687,4142
1688932784199,124687,4142
1688932784202,124687,4142
1688932784205,124687,4142
1688932784208,124687,4142
1688932784212,124687,4142
1688932784214,124687,4142
1688932784218,124687,4142
1688932784221,124687,4142
1688932784224,124687,4142
1688932784227,124687,4142
1688932784230,124687,4142
1688932784233,124687,4142
1688932784237,124687,4142
1688932784240,124687,4142
1688932784243,124687,4142
1688932784246,124687,4142
1688932784249,124687,4142
1688932784252,124687,4142
1688932784255,124687,4142
1688932784258,124687,4142
1688932784261,124687,4142
1688932784264,124687,4142
1688932784267,124687,4142
1688932784270,124687,4142
1688932784273,124687,4142
1688932784276,124687,4142
1688932784279,124687,4142
1688932784283,124687,4142
1688932784286,199375,4142
1688932784289,199375,4142
1688932784292,199375,4142
1688932784295,199375,4142
1688932784298,199375,4142
1688932784301,199375,4142
1688932784304,199375,4142
1688932784307,199375,4142
1688932784310,199375,4142
1688932784313,199375,4142
1688932784316,199375,4142
1688932784320,199375,4142
1688932784323,199375,4142
1688932784326,199375,4142
1688932784329,199375,4142
1688932784332,199375,4142
1688932784335,199375,4142
1688932784338,199375,4142
1688932784341,199375,4142
1688932784344,199375,4142
1688932784347,199375,4142
1688932784350,199375,4142
1688932784353,199375,4142
1688932784357,199375,4142
1688932784360,199375,4142
1688932784363,199375,4142
1688932784367,199375,4142
1688932784370,199375,4142
1688932784373,199375,4142
1688932784377,199375,4142
1688932784380,199375,4142
1688932784383,199375,4142
1688932784387,199375,4142
1688932784390,199375,4142
1688932784393,199375,4142
1688932784397,199375,4142
1688932784400,199375,4142
1688932784404,199375,4142
1688932784407,199375,4142
1688932784410,199375,4142
1688932784413,199375,4142
1688932784417,199375,4142
1688932784420,199375,4142
1688932784423,199375,4142
1688932784426,199375,4142
1688932784430,199375,4142
1688932784433,199375,4142
1688932784436,199375,4142
1688932784439,199375,4142
1688932784443,199375,4142
1688932784446,199375,4142
1688932784449,199375,4142
1688932784453,199375,4142
1688932784457,199375,4142
1688932784461,199375,4142
1688932784464,199375,4142
1688932784468,199375,4142
1688932784472,199375,4142
1688932784475,199375,4142
1688932784478,199375,4142
1688932784481,199375,4142
1688932784484,199375,4142
1688932784487,199375,4142
1688932784490,199375,4142
1688932784494,199375,4142
1688932784497,199375,4142
1688932784501,199375,4142
1688932784505,199375,4142
1688932784508,199375,4142
1688932784512,199375,4142
1688932784515,199375,4142
1688932784518,199375,4142
1688932784521,199375,4142
1688932784525,199375,4142
1688932784528,199375,4142
1688932784532,199375,4142
1688932784536,199375,4142
1688932784539,199375,4142
1688932784543,199375,4142
1688932784546,199375,4142
1688932784549,199375,4142
1688932784557,199375,4142
1688932784560,199375,4142
1688932784564,199375,4142
1688932784567,199375,4142
1688932784570,199375,4142
1688932784574,199375,4142
1688932784577,199375,4142
1688932784581,199375,4142
1688932784584,199375,4142
1688932784588,199375,4142
1688932784592,199375,4142
1688932784595,199375,4142
1688932784598,199375,4142
1688932784601,199375,4142
1688932784604,199375,4142
1688932784608,199375,4142
1688932784611,199375,4142
1688932784614,199375,4142
1688932784617,199375,4142
1688932784620,199375,4142
1688932784624,199375,4142
1688932784627,199375,4142
1688932784631,199375,4142
1688932784634,199375,4142
1688932784637,199375,4142
1688932784641,199375,4142
1688932784644,199375,4142
1688932784647,132500,4142
1688932784650,132500,4142
1688932784654,132500,4142
1688932784657,132500,4142
1688932784661,132500,4142
1688932784664,132500,4142
1688932784668,132500,4142
1688932784672,132500,4142
1688932784675,132500,4142
1688932784678,132500,4142
1688932784682,132500,4142
1688932784685,132500,4142
1688932784688,132500,4142
1688932784692,132500,4142
1688932784695,132500,4142
1688932784699,132500,4142
1688932784702,132500,4142
1688932784705,132500,4142
1688932784708,132500,4142
1688932784711,132500,4142
1688932784714,132500,4142
1688932784717,132500,4142
1688932784720,132500,4142
1688932784723,132500,4142
1688932784726,132500,4142
1688932784730,132500,4142
1688932784733,132500,4142
1688932784737,132500,4142
1688932784741,132500,4142
1688932784744,132500,4142
1688932784747,132500,4142
1688932784751,132500,4142
1688932784754,132500,4142
1688932784758,132500,4142
1688932784762,132500,4142
1688932784765,132500,4142
1688932784768,132500,4142
1688932784772,132500,4142
1688932784776,132500,4142
1688932784779,132500,4142
1688932784783,132500,4142
1688932784787,132500,4142
1688932784791,132500,4142
1688932784796,132500,4142
1688932784799,132500,4142
1688932784802,132500,4142
1688932784806,132500,4142
1688932784809,132500,4142
1688932784813,132500,4142
1688932784816,132500,4142
1688932784819,132500,4142
1688932784822,132500,4142
1688932784826,132500,4142
1688932784830,132500,4142
1688932784834,132500,4142
1688932784838,132500,4142
1688932784842,132500,4142
1688932784846,132500,4142
1688932784850,132500,4142
1688932784854,132500,4142
1688932784858,132500,4142
1688932784861,132500,4142
1688932784864,132500,4142
1688932784868,132500,4142
1688932784872,132500,4142
1688932784875,132500,4142
1688932784879,132500,4142
1688932784883,132500,4142
1688932784886,132500,4142
1688932784890,132500,4142
1688932784893,132500,4142
1688932784897,132500,4142
1688932784901,132500,4142
1688932784904,132500,4142
1688932784908,132500,4142
1688932784911,132500,4142
1688932784914,132500,4142
1688932784917,132500,4142
1688932784920,132500,4142
1688932784924,132500,4142
1688932784927,132500,4142
1688932784931,132500,4142
1688932784934,132500,4142
1688932784937,132500,4142
1688932784941,132500,4142
1688932784944,132500,4142
1688932784948,132500,4142
1688932784951,132500,4142
1688932784954,132500,4142
1688932784958,132500,4142
1688932784961,132500,4142
1688932784965,132500,4142
1688932784969,132500,4142
1688932784972,132500,4142
1688932784975,132500,4142
1688932784979,132500,4142
1688932784982,132500,4142
1688932784987,128750,4142
1688932784992,128750,4142
1688932784996,128750,4142
1688932784999,128750,4142
1688932785002,128750,4142
1688932785005,128750,4142
1688932785008,128750,4142
1688932785011,128750,4142
1688932785015,128750,4142
1688932785018,128750,4142
1688932785021,128750,4142
1688932785024,128750,4142
1688932785028,128750,4142
1688932785031,128750,4142
1688932785035,128750,4142
1688932785038,128750,4142
1688932785042,128750,4142
1688932785045,128750,4142
1688932785048,128750,4142
1688932785051,128750,4142
1688932785054,128750,4142
1688932785057,128750,4142
1688932785060,128750,4142
1688932785063,128750,4142
1688932785068,128750,4142
1688932785071,128750,4142
1688932785074,128750,4142
1688932785078,128750,4142
1688932785081,128750,4142
1688932785084,128750,4142
1688932785088,128750,4142
1688932785091,128750,4142
1688932785095,128750,4142
1688932785098,128750,4142
1688932785101,128750,4142
1688932785104,128750,4142
1688932785108,128750,4142
1688932785111,128750,4142
1688932785114,128750,4142
1688932785117,128750,4142
1688932785121,128750,4142
1688932785124,128750,4142
1688932785127,128750,4142
1688932785130,128750,4142
1688932785133,128750,4142
1688932785136,128750,4142
1688932785140,128750,4142
1688932785144,128750,4142
1688932785147,128750,4142
1688932785151,128750,4142
1688932785155,128750,4142
1688932785158,128750,4142
1688932785161,128750,4142
1688932785165,128750,4142
1688932785168,128750,4142
1688932785171,128750,4142
1688932785175,128750,4142
1688932785179,128750,4142
1688932785183,128750,4142
1688932785187,128750,4142
1688932785191,128750,4142
1688932785196,128750,4142
1688932785200,128750,4142
1688932785203,128750,4142
1688932785208,128750,4142
1688932785211,128750,4142
1688932785214,128750,4142
1688932785218,128750,4142
1688932785221,128750,4142
1688932785224,128750,4142
1688932785228,128750,4142
1688932785231,128750,4142
1688932785234,128750,4142
1688932785237,128750,4142
1688932785241,128750,4142
1688932785244,128750,4142
1688932785247,128750,4142
1688932785251,128750,4142
1688932785254,128750,4142
1688932785257,128750,4142
1688932785261,128750,4142
1688932785265,128750,4142
1688932785269,128750,4142
1688932785272,128750,4142
1688932785275,128750,4142
1688932785278,128750,4142
1688932785282,128750,4142
1688932785285,128750,4142
1688932785288,128750,4142
1688932785292,128750,4142
1688932785295,128750,4142
1688932785299,128750,4142
1688932785303,128750,4142
1688932785307,128750,4142
1688932785310,128750,4142
1688932785314,128750,4142
1688932785317,128750,4142
1688932785321,128750,4142
1688932785324,128750,4142
1688932785327,128750,4142
1688932785330,128750,4142
1688932785333,128750,4142
1688932785337,128750,4142
1688932785340,240625,4142
1688932785343,240625,4142
1688932785346,240625,4142
1688932785349,240625,4142
1688932785352,240625,4142
1688932785355,240625,4142
1688932785359,240625,4142
1688932785362,240625,4142
1688932785365,240625,4142
1688932785368,240625,4142
1688932785371,240625,4142
1688932785374,240625,4142
1688932785377,240625,4142
1688932785380,240625,4142
1688932785384,240625,4142
1688932785387,240625,4142
1688932785390,240625,4142
1688932785394,240625,4142
1688932785397,240625,4142
1688932785400,240625,4142
1688932785403,240625,4142
1688932785407,240625,4142
1688932785410,240625,4142
1688932785413,240625,4142
1688932785416,240625,4142
1688932785420,240625,4142
1688932785423,240625,4142
1688932785426,240625,4142
1688932785429,240625,4142
1688932785432,240625,4142
1688932785435,240625,4142
1688932785439,240625,4142
1688932785442,240625,4142
1688932785445,240625,4142
1688932785448,240625,4142
1688932785451,240625,4142
1688932785454,240625,4142
1688932785457,240625,4142
1688932785460,240625,4142
1688932785463,240625,4142
1688932785467,240625,4142
1688932785470,240625,4142
1688932785473,240625,4142
1688932785476,240625,4142
1688932785479,240625,4142
1688932785482,240625,4142
1688932785485,240625,4142
1688932785488,240625,4142
1688932785491,240625,4142
1688932785494,240625,4142
1688932785498,240625,4142
1688932785501,240625,4142
1688932785505,240625,4142
1688932785508,240625,4142
1688932785511,240625,4142
1688932785514,240625,4142
1688932785517,240625,4142
1688932785520,240625,4142
1688932785524,240625,4142
1688932785527,240625,4142
1688932785530,240625,4142
1688932785533,240625,4142
1688932785537,240625,4142
1688932785540,240625,4142
1688932785542,240625,4142
1688932785545,240625,4142
1688932785548,240625,4142
1688932785551,240625,4142
1688932785554,240625,4142
1688932785556,240625,4142
1688932785559,240625,4142
1688932785562,240625,4142
1688932785565,240625,4142
1688932785568,240625,4142
1688932785571,240625,4142
1688932785574,240625,4142
1688932785577,240625,4142
1688932785580,240625,4142
1688932785583,240625,4142
1688932785587,240625,4142
1688932785591,240625,4142
1688932785595,240625,4142
1688932785599,240625,4142
1688932785602,240625,4142
1688932785606,240625,4142
1688932785609,240625,4142
1688932785613,240625,4142
1688932785617,240625,4142
1688932785620,240625,4142
1688932785624,240625,4142
1688932785627,240625,4142
1688932785630,240625,4142
1688932785634,240625,4142
1688932785637,240625,4142
1688932785640,240625,4142
1688932785643,240625,4142
1688932785647,240625,4142
1688932785650,240625,4142
1688932785654,240625,4142
1688932785658,240625,4142
1688932785661,240625,4142
1688932785664,240625,4142
1688932785668,240625,4142
1688932785672,240625,4142
1688932785676,240625,4142
1688932785679,240625,4142
1688932785682,240625,4142
1688932785685,240625,4142
1688932785688,240625,4142
1688932785692,108750,4142
1688932785696,108750,4142
1688932785700,108750,4142
1688932785703,108750,4142
1688932785707,108750,4142
1688932785711,108750,4142
1688932785714,108750,4142
1688932785717,108750,4142
1688932785720,108750,4142
1688932785724,108750,4142
1688932785728,108750,4142
1688932785732,108750,4142
1688932785736,108750,4142
1688932785740,108750,4142
1688932785744,108750,4142
1688932785748,108750,4142
1688932785751,108750,4142
1688932785755,108750,4142
1688932785759,108750,4142
1688932785763,108750,4142
1688932785767,108750,4142
1688932785771,108750,4142
1688932785774,108750,4142
1688932785778,108750,4142
1688932785781,108750,4142
1688932785785,108750,4142
1688932785789,108750,4142
1688932785793,108750,4142
1688932785796,108750,4142
1688932785800,108750,4142
1688932785804,108750,4142
1688932785808,108750,4142
1688932785812,108750,4142
1688932785816,108750,4142
1688932785819,108750,4142
1688932785823,108750,4142
1688932785826,108750,4142
1688932785830,108750,4142
1688932785833,108750,4142
1688932785837,108750,4142
1688932785840,108750,4142
1688932785843,108750,4142
1688932785847,108750,4142
1688932785850,108750,4142
1688932785854,108750,4142
1688932785857,108750,4142
1688932785861,108750,4142
1688932785865,108750,4142
1688932785868,108750,4142
1688932785873,108750,4142
1688932785876,108750,4142
1688932785880,108750,4142
1688932785884,108750,4142
1688932785888,108750,4142
1688932785892,108750,4142
1688932785895,108750,4142
1688932785899,108750,4142
1688932785903,108750,4142
1688932785906,108750,4142
1688932785910,108750,4142
1688932785914,108750,4142
1688932785917,108750,4142
1688932785921,108750,4142
1688932785925,108750,4142
1688932785928,108750,4142
1688932785931,108750,4142
1688932785935,108750,4142
1688932785938,108750,4142
1688932785941,108750,4142
1688932785944,108750,4142
1688932785948,108750,4142
1688932785951,108750,4142
1688932785954,108750,4142
1688932785957,108750,4142
1688932785961,108750,4142
1688932785964,108750,4142
1688932785968,108750,4142
1688932785972,108750,4142
1688932785976,108750,4142
1688932785979,108750,4142
1688932785983,108750,4142
1688932785986,108750,4142
1688932785989,108750,4142
1688932785993,108750,4142
1688932785997,108750,4142
1688932786000,108750,4142
1688932786004,108750,4142
1688932786007,108750,4142
1688932786011,108750,4142
1688932786014,108750,4142
1688932786017,108750,4142
1688932786021,108750,4142
1688932786024,108750,4142
1688932786027,108750,4142
1688932786031,108750,4142
1688932786034,108750,4142
1688932786038,108750,4142
1688932786041,160312,4142
1688932786044,160312,4142
1688932786048,160312,4142
1688932786051,160312,4142
1688932786054,160312,4142
1688932786057,160312,4142
1688932786061,160312,4142
1688932786064,160312,4142
1688932786067,160312,4142
1688932786070,160312,4142
1688932786074,160312,4142
1688932786078,160312,4142
1688932786082,160312,4142
1688932786086,160312,4142
1688932786090,160312,4142
1688932786093,160312,4142
1688932786097,160312,4142
1688932786101,160312,4142
1688932786104,160312,4142
1688932786109,160312,4142
1688932786113,160312,4142
1688932786117,160312,4142
1688932786121,160312,4142
1688932786125,160312,4142
1688932786129,160312,4142
1688932786132,160312,4142
1688932786136,160312,4142
1688932786139,160312,4142
1688932786142,160312,4142
1688932786145,160312,4142
1688932786148,160312,4142
1688932786151,160312,4142
1688932786154,160312,4142
1688932786157,160312,4142
1688932786161,160312,4142
1688932786164,160312,4142
1688932786168,160312,4142
1688932786171,160312,4142
1688932786174,160312,4142
1688932786177,160312,4142
1688932786180,160312,4142
1688932786184,160312,4142
1688932786188,160312,4142
1688932786191,160312,4142
1688932786195,160312,4142
1688932786199,160312,4142
1688932786203,160312,4142
1688932786206,160312,4142
1688932786210,160312,4142
1688932786214,160312,4142
1688932786217,160312,4142
1688932786221,160312,4142
1688932786225,160312,4142
1688932786229,160312,4142
1688932786233,160312,4142
1688932786236,160312,4142
1688932786240,160312,4142
1688932786243,160312,4142
1688932786246,160312,4142
1688932786250,160312,4142
1688932786253,160312,4142
1688932786257,160312,4142
1688932786261,160312,4142
1688932786265,160312,4142
1688932786269,160312,4142
1688932786273,160312,4142
1688932786277,160312,4142
1688932786280,160312,4142
1688932786284,160312,4142
1688932786288,160312,4142
1688932786292,160312,4142
1688932786295,160312,4142
1688932786299,160312,4142
1688932786302,160312,4142
1688932786306,160312,4142
1688932786310,160312,4142
1688932786313,160312,4142
1688932786316,160312,4142
1688932786320,160312,4142
1688932786323,160312,4142
1688932786327,160312,4142
1688932786330,160312,4142
1688932786334,160312,4142
1688932786337,160312,4142
1688932786340,160312,4142
1688932786344,160312,4142
1688932786347,160312,4142
1688932786351,160312,4142
1688932786354,160312,4142
1688932786357,160312,4142
1688932786361,160312,4142
1688932786364,160312,4142
1688932786367,160312,4142
1688932786370,160312,4142
1688932786374,160312,4142
1688932786378,160312,4142
1688932786381,160312,4142
1688932786384,160312,4142
1688932786388,160312,4142
1688932786391,118125,4142
1688932786394,118125,4142
1688932786396,118125,4142
1688932786399,118125,4142
1688932786402,118125,4142
1688932786405,118125,4142
1688932786409,118125,4142
1688932786412,118125,4142
1688932786416,118125,4142
1688932786419,118125,4142
1688932786422,118125,4142
1688932786426,118125,4142
1688932786429,118125,4142
1688932786432,118125,4142
1688932786436,118125,4142
1688932786439,118125,4142
1688932786442,118125,4142
1688932786445,118125,4142
1688932786448,118125,4142
1688932786451,118125,4142
1688932786454,118125,4142
1688932786457,118125,4142
1688932786460,118125,4142
1688932786463,118125,4142
1688932786466,118125,4142
1688932786469,118125,4142
1688932786473,118125,4142
1688932786476,118125,4142
1688932786479,118125,4142
1688932786483,118125,4142
1688932786486,118125,4142
1688932786489,118125,4142
1688932786492,118125,4142
1688932786496,118125,4142
1688932786499,118125,4142
1688932786502,118125,4142
1688932786505,118125,4142
1688932786508,118125,4142
1688932786511,118125,4142
1688932786514,118125,4142
1688932786517,118125,4142
1688932786521,118125,4142
1688932786524,118125,4142
1688932786527,118125,4142
1688932786530,118125,4142
1688932786533,118125,4142
1688932786537,118125,4142
1688932786540,118125,4142
1688932786543,118125,4142
1688932786547,118125,4142
1688932786550,118125,4142
1688932786553,118125,4142
1688932786557,118125,4142
1688932786560,118125,4142
1688932786563,118125,4142
1688932786567,118125,4142
1688932786570,118125,4142
1688932786573,118125,4142
1688932786576,118125,4142
1688932786580,118125,4142
1688932786583,118125,4142
1688932786586,118125,4142
1688932786589,118125,4142
1688932786592,118125,4142
1688932786595,118125,4142
1688932786598,118125,4142
1688932786601,118125,4142
1688932786604,118125,4142
1688932786607,118125,4142
1688932786610,118125,4142
1688932786614,118125,4142
1688932786617,118125,4142
1688932786621,118125,4142
1688932786624,118125,4142
1688932786627,118125,4142
1688932786630,118125,4142
1688932786633,118125,4142
1688932786636,118125,4142
1688932786640,118125,4142
1688932786643,118125,4142
1688932786646,118125,4142
1688932786650,118125,4142
1688932786654,118125,4142
1688932786658,118125,4142
1688932786665,118125,4142
1688932786668,118125,4142
1688932786671,118125,4142
1688932786674,118125,4142
1688932786677,118125,4142
1688932786680,118125,4142
1688932786683,118125,4142
1688932786686,118125,4142
1688932786688,118125,4142
1688932786692,118125,4142
1688932786695,118125,4142
1688932786698,118125,4142
1688932786702,118125,4142
1688932786705,118125,4142
1688932786708,118125,4142
1688932786712,118125,4142
1688932786715,118125,4142
1688932786718,118125,4142
1688932786721,118125,4142
1688932786724,118125,4142
1688932786728,118125,4142
1688932786731,118125,4142
1688932786734,118125,4142
1688932786737,118125,4142
1688932786741,181875,4142
1688932786744,181875,4142
1688932786747,181875,4142
1688932786750,181875,4142
1688932786754,181875,4142
1688932786757,181875,4142
1688932786761,181875,4142
1688932786764,181875,4142
1688932786767,181875,4142
1688932786770,181875,4142
1688932786774,181875,4142
1688932786777,181875,4142
1688932786781,181875,4142
1688932786784,181875,4142
1688932786787,181875,4142
1688932786791,181875,4142
1688932786795,181875,4142
1688932786799,181875,4142
1688932786802,181875,4142
1688932786805,181875,4142
1688932786808,181875,4142
1688932786811,181875,4142
1688932786814,181875,4142
1688932786818,181875,4142
1688932786822,181875,4142
1688932786826,181875,4142
1688932786829,181875,4142
1688932786833,181875,4142
1688932786837,181875,4142
1688932786841,181875,4142
1688932786845,181875,4142
1688932786848,181875,4142
1688932786851,181875,4142
1688932786854,181875,4142
1688932786857,181875,4142
1688932786860,181875,4142
1688932786863,181875,4142
1688932786866,181875,4142
1688932786869,181875,4142
1688932786872,181875,4142
1688932786876,181875,4142
1688932786880,181875,4142
1688932786883,181875,4142
1688932786887,181875,4142
1688932786890,181875,4142
1688932786894,181875,4142
1688932786898,181875,4142
1688932786902,181875,4142
1688932786906,181875,4142
1688932786909,181875,4142
1688932786913,181875,4142
1688932786916,181875,4142
1688932786919,181875,4142
1688932786923,181875,4142
1688932786926,181875,4142
1688932786929,181875,4142
1688932786933,181875,4142
1688932786937,181875,4142
1688932786940,181875,4142
1688932786944,181875,4142
1688932786947,181875,4142
1688932786951,181875,4142
1688932786954,181875,4142
1688932786957,181875,4142
1688932786961,181875,4142
1688932786964,181875,4142
1688932786967,181875,4142
1688932786970,181875,4142
1688932786973,181875,4142
1688932786976,181875,4142
1688932786980,181875,4142
1688932786984,181875,4142
1688932786988,181875,4142
1688932786992,181875,4142
1688932786996,181875,4142
1688932787000,181875,4142
1688932787003,181875,4142
1688932787006,181875,4142
1688932787010,181875,4142
1688932787014,181875,4142
1688932787018,181875,4142
1688932787022,181875,4142
1688932787026,181875,4142
1688932787031,181875,4142
1688932787035,181875,4142
1688932787039,181875,4142
1688932787042,181875,4142
1688932787046,181875,4142
1688932787051,181875,4142
1688932787054,181875,4142
1688932787057,181875,4142
1688932787061,181875,4142
1688932787064,181875,4142
1688932787067,181875,4142
1688932787070,181875,4142
1688932787073,181875,4142
1688932787077,181875,4142
1688932787080,181875,4142
1688932787083,181875,4142
1688932787087,181875,4142
1688932787091,152500,4142
1688932787096,152500,4142
1688932787100,152500,4142
1688932787104,152500,4142
1688932787108,152500,4142
1688932787111,152500,4142
1688932787115,152500,4142
1688932787118,152500,4142
1688932787121,152500,4142
1688932787124,152500,4142
1688932787127,152500,4142
1688932787131,152500,4142
1688932787134,152500,4142
1688932787138,152500,4142
1688932787142,152500,4142
1688932787145,152500,4142
1688932787148,152500,4142
1688932787152,152500,4142
1688932787155,152500,4142
1688932787159,152500,4142
1688932787162,152500,4142
1688932787165,152500,4142
1688932787168,152500,4142
1688932787171,152500,4142
1688932787175,152500,4142
1688932787178,152500,4142
1688932787181,152500,4142
1688932787184,152500,4142
1688932787187,152500,4142
1688932787191,152500,4142
1688932787194,152500,4142
1688932787198,152500,4142
1688932787201,152500,4142
1688932787205,152500,4142
1688932787208,152500,4142
1688932787211,152500,4142
1688932787215,152500,4142
1688932787218,152500,4142
1688932787221,152500,4142
1688932787225,152500,4142
1688932787228,152500,4142
1688932787231,152500,4142
1688932787234,152500,4142
1688932787238,152500,4142
1688932787241,152500,4142
1688932787244,152500,4142
1688932787248,152500,4142
1688932787251,152500,4142
1688932787254,152500,4142
1688932787257,152500,4142
1688932787261,152500,4142
1688932787264,152500,4142
1688932787267,152500,4142
1688932787271,152500,4142
1688932787273,152500,4142
1688932787277,152500,4142
1688932787279,152500,4142
1688932787282,152500,4142
1688932787285,152500,4142
1688932787288,152500,4142
1688932787291,152500,4142
1688932787294,152500,4142
1688932787297,152500,4142
1688932787300,152500,4142
1688932787302,152500,4142
1688932787305,152500,4142
1688932787308,152500,4142
1688932787311,152500,4142
1688932787316,152500,4142
1688932787319,152500,4142
1688932787322,152500,4142
1688932787325,152500,4142
1688932787328,152500,4142
1688932787332,152500,4142
1688932787336,152500,4142
1688932787339,152500,4142
1688932787342,152500,4142
1688932787345,152500,4142
1688932787349,152500,4142
1688932787352,152500,4142
1688932787355,152500,4142
1688932787358,152500,4142
1688932787362,152500,4142
1688932787365,152500,4142
1688932787368,152500,4142
1688932787371,152500,4142
1688932787374,152500,4142
1688932787377,152500,4142
1688932787380,152500,4142
1688932787383,152500,4142
1688932787387,152500,4142
1688932787391,152500,4142
1688932787394,152500,4142
1688932787397,152500,4142
1688932787401,152500,4142
1688932787405,152500,4142
1688932787409,152500,4142
1688932787413,152500,4142
1688932787416,152500,4142
1688932787419,152500,4142
1688932787423,152500,4142
1688932787427,152500,4142
1688932787431,152500,4142
1688932787434,152500,4142
1688932787438,152500,4142
1688932787441,152500,4142
1688932787445,129062,4142
1688932787449,129062,4142
1688932787453,129062,4142
1688932787457,129062,4142
1688932787460,129062,4142
1688932787464,129062,4142
1688932787468,129062,4142
1688932787472,129062,4142
1688932787476,129062,4142
1688932787479,129062,4142
1688932787483,129062,4142
1688932787487,129062,4142
1688932787490,129062,4142
1688932787494,129062,4142
1688932787498,129062,4142
1688932787502,129062,4142
1688932787505,129062,4142
1688932787509,129062,4142
1688932787513,129062,4142
1688932787516,129062,4142
1688932787520,129062,4142
1688932787524,129062,4142
1688932787527,129062,4142
1688932787531,129062,4142
1688932787535,129062,4142
1688932787539,129062,4142
1688932787543,129062,4142
1688932787546,129062,4142
1688932787550,129062,4142
1688932787554,129062,4142
1688932787558,129062,4142
1688932787561,129062,4142
1688932787564,129062,4142
1688932787568,129062,4142
1688932787572,129062,4142
1688932787575,129062,4142
1688932787578,129062,4142
1688932787581,129062,4142
1688932787584,129062,4142
1688932787587,129062,4142
1688932787590,129062,4142
1688932787593,129062,4142
1688932787595,129062,4142
1688932787598,129062,4142
1688932787601,129062,4142
1688932787604,129062,4142
1688932787606,129062,4142
1688932787609,129062,4142
1688932787611,129062,4142
1688932787614,129062,4142
1688932787617,129062,4142
1688932787620,129062,4142
1688932787622,129062,4142
1688932787625,129062,4142
1688932787628,129062,4142
1688932787631,129062,4142
1688932787634,129062,4142
1688932787637,129062,4142
1688932787640,129062,4142
1688932787643,129062,4142
1688932787647,129062,4142
1688932787650,129062,4142
1688932787653,129062,4142
1688932787657,129062,4142
1688932787660,129062,4142
1688932787663,129062,4142
1688932787666,129062,4142
1688932787669,129062,4142
1688932787672,129062,4142
1688932787676,129062,4142
1688932787679,129062,4142
1688932787682,129062,4142
1688932787685,129062,4142
1688932787688,129062,4142
1688932787691,129062,4142
1688932787694,129062,4142
1688932787697,129062,4142
1688932787700,129062,4142
1688932787703,129062,4142
1688932787706,129062,4142
1688932787710,129062,4142
1688932787713,129062,4142
1688932787716,129062,4142
1688932787719,129062,4142
1688932787722,129062,4142
1688932787725,129062,4142
1688932787728,129062,4142
1688932787732,129062,4142
1688932787735,129062,4142
1688932787738,129062,4142
1688932787742,129062,4142
1688932787745,129062,4142
1688932787748,129062,4142
1688932787751,129062,4142
1688932787754,129062,4142
1688932787758,129062,4142
1688932787761,129062,4142
1688932787764,129062,4142
1688932787767,129062,4142
1688932787770,129062,4142
1688932787773,129062,4142
1688932787777,129062,4142
1688932787780,129062,4142
1688932787783,129062,4142
1688932787786,196875,4142
1688932787789,196875,4142
1688932787792,196875,4142
1688932787796,196875,4142
1688932787799,196875,4142
1688932787802,196875,4142
1688932787805,196875,4142
1688932787808,196875,4142
1688932787811,196875,4142
1688932787814,196875,4142
1688932787817,196875,4142
1688932787820,196875,4142
1688932787823,196875,4142
1688932787826,196875,4142
1688932787829,196875,4142
1688932787833,196875,4142
1688932787837,196875,4142
1688932787841,196875,4142
1688932787844,196875,4142
1688932787847,196875,4142
1688932787851,196875,4142
1688932787854,196875,4142
1688932787858,196875,4142
1688932787862,196875,4142
1688932787865,196875,4142
1688932787869,196875,4142
1688932787873,196875,4142
1688932787877,196875,4142
1688932787880,196875,4142
1688932787884,196875,4142
1688932787888,196875,4142
1688932787895,196875,4142
1688932787900,196875,4142
1688932787903,196875,4142
1688932787906,196875,4142
1688932787909,196875,4142
1688932787912,196875,4142
1688932787915,196875,4142
1688932787917,196875,4142
1688932787920,196875,4142
1688932787923,196875,4142
1688932787926,196875,4142
1688932787929,196875,4142
1688932787932,196875,4142
1688932787935,196875,4142
1688932787938,196875,4142
1688932787941,196875,4142
1688932787944,196875,4142
1688932787947,196875,4142
1688932787950,196875,4142
1688932787953,196875,4142
1688932787956,196875,4142
1688932787959,196875,4142
1688932787962,196875,4142
1688932787965,196875,4142
1688932787968,196875,4142
1688932787971,196875,4142
1688932787974,196875,4142
1688932787977,196875,4142
1688932787980,196875,4142
1688932787984,196875,4142
1688932787987,196875,4142
1688932787990,196875,4142
1688932787993,196875,4142
1688932787996,196875,4142
1688932787999,196875,4142
1688932788003,196875,4142
1688932788006,196875,4142
1688932788010,196875,4142
1688932788013,196875,4142
1688932788017,196875,4142
1688932788020,196875,4142
1688932788023,196875,4142
1688932788026,196875,4142
1688932788030,196875,4142
1688932788033,196875,4142
1688932788037,196875,4142
1688932788040,196875,4142
1688932788043,196875,4142
1688932788047,196875,4142
1688932788050,196875,4142
1688932788053,196875,4142
1688932788057,196875,4142
1688932788060,196875,4142
1688932788063,196875,4142
1688932788067,196875,4142
1688932788071,196875,4142
1688932788074,196875,4142
1688932788078,196875,4142
1688932788081,196875,4142
1688932788084,196875,4142
1688932788087,196875,4142
1688932788091,196875,4142
1688932788094,196875,4142
1688932788097,196875,4142
1688932788100,196875,4142
1688932788104,196875,4142
1688932788107,196875,4142
1688932788110,196875,4142
1688932788114,196875,4142
1688932788117,196875,4142
1688932788121,196875,4142
1688932788124,196875,4142
1688932788128,196875,4142
1688932788131,196875,4142
1688932788134,196875,4142
1688932788138,196875,4142
1688932788141,196875,4142
1688932788145,196875,4142
1688932788149,122187,4142
1688932788153,122187,4142
1688932788156,122187,4142
1688932788159,122187,4142
1688932788164,122187,4142
1688932788167,122187,4142
1688932788171,122187,4142
1688932788175,122187,4142
1688932788178,122187,4142
1688932788181,122187,4142
1688932788184,122187,4142
1688932788187,122187,4142
1688932788191,122187,4142
1688932788195,122187,4142
1688932788199,122187,4142
1688932788203,122187,4142
1688932788206,122187,4142
1688932788210,122187,4142
1688932788214,122187,4142
1688932788218,122187,4142
1688932788222,122187,4142
1688932788225,122187,4142
1688932788229,122187,4142
1688932788233,122187,4142
1688932788236,122187,4142
1688932788240,122187,4142
1688932788244,122187,4142
1688932788247,122187,4142
1688932788251,122187,4142
1688932788256,122187,4142
1688932788259,122187,4142
1688932788263,122187,4142
1688932788266,122187,4142
1688932788270,122187,4142
1688932788273,122187,4142
1688932788277,122187,4142
1688932788281,122187,4142
1688932788284,122187,4142
1688932788287,122187,4142
1688932788291,122187,4142
1688932788295,122187,4142
1688932788298,122187,4142
1688932788302,122187,4142
1688932788305,122187,4142
1688932788309,122187,4142
1688932788312,122187,4142
1688932788316,122187,4142
1688932788320,122187,4142
1688932788323,122187,4142
1688932788327,122187,4142
1688932788331,122187,4142
1688932788335,122187,4142
1688932788339,122187,4142
1688932788342,122187,4142
1688932788345,122187,4142
1688932788348,122187,4142
1688932788351,122187,4142
1688932788355,122187,4142
1688932788358,122187,4142
1688932788361,122187,4142
1688932788364,122187,4142
1688932788367,122187,4142
1688932788374,122187,4142
1688932788381,122187,4142
1688932788383,122187,4142
1688932788387,122187,4142
1688932788390,122187,4142
1688932788392,122187,4142
1688932788395,122187,4142
1688932788398,122187,4142
1688932788401,122187,4142
1688932788404,122187,4142
1688932788407,122187,4142
1688932788410,122187,4142
1688932788413,122187,4142
1688932788416,122187,4142
1688932788419,122187,4142
1688932788422,122187,4142
1688932788425,122187,4142
1688932788429,122187,4142
1688932788432,122187,4142
1688932788435,122187,4142
1688932788438,122187,4142
1688932788441,122187,4142
1688932788444,122187,4142
1688932788449,122187,4142
1688932788453,122187,4142
1688932788456,122187,4142
1688932788460,122187,4142
1688932788464,122187,4142
1688932788468,122187,4142
1688932788471,122187,4142
1688932788475,122187,4142
1688932788479,122187,4142
1688932788482,122187,4142
1688932788486,122187,4142
1688932788489,122500,4142
1688932788493,122500,4142
1688932788497,122500,4142
1688932788501,122500,4142
1688932788505,122500,4142
1688932788509,122500,4142
1688932788513,122500,4142
1688932788517,122500,4142
1688932788520,122500,4142
1688932788524,122500,4142
1688932788528,122500,4142
1688932788532,122500,4142
1688932788535,122500,4142
1688932788539,122500,4142
1688932788543,122500,4142
1688932788546,122500,4142
1688932788550,122500,4142
1688932788553,122500,4142
1688932788558,122500,4142
1688932788561,122500,4142
1688932788565,122500,4142
1688932788568,122500,4142
1688932788571,122500,4142
1688932788574,122500,4142
1688932788578,122500,4142
1688932788581,122500,4142
1688932788584,122500,4142
1688932788587,122500,4142
1688932788590,122500,4142
1688932788594,122500,4142
1688932788597,122500,4142
1688932788600,122500,4142
1688932788603,122500,4142
1688932788607,122500,4142
1688932788610,122500,4142
1688932788613,122500,4142
1688932788617,122500,4142
1688932788620,122500,4142
1688932788623,122500,4142
1688932788627,122500,4142
1688932788631,122500,4142
1688932788635,122500,4142
1688932788639,122500,4142
1688932788642,122500,4142
1688932788645,122500,4142
1688932788648,122500,4142
1688932788651,122500,4142
1688932788655,122500,4142
1688932788659,122500,4142
1688932788663,122500,4142
1688932788666,122500,4142
1688932788669,122500,4142
1688932788673,122500,4142
1688932788677,122500,4142
1688932788681,122500,4142
1688932788684,122500,4142
1688932788687,122500,4142
1688932788691,122500,4142
1688932788695,122500,4142
1688932788698,122500,4142
1688932788701,122500,4142
1688932788705,122500,4142
1688932788708,122500,4142
1688932788711,122500,4142
1688932788715,122500,4142
1688932788718,122500,4142
1688932788721,122500,4142
1688932788725,122500,4142
1688932788728,122500,4142
1688932788731,122500,4142
1688932788734,122500,4142
1688932788737,122500,4142
1688932788740,122500,4142
1688932788743,122500,4142
1688932788746,122500,4142
1688932788749,122500,4142
1688932788751,122500,4142
1688932788754,122500,4142
1688932788757,122500,4142
1688932788760,122500,4142
1688932788763,122500,4142
1688932788766,122500,4142
1688932788768,122500,4142
1688932788771,122500,4142
1688932788774,122500,4142
1688932788777,122500,4142
1688932788780,122500,4142
1688932788783,122500,4142
1688932788786,122500,4142
1688932788790,122500,4142
1688932788793,122500,4142
1688932788796,122500,4142
1688932788799,122500,4142
1688932788802,122500,4142
1688932788805,122500,4142
1688932788808,122500,4142
1688932788811,122500,4142
1688932788814,122500,4142
1688932788817,122500,4142
1688932788819,122500,4142
1688932788822,122500,4142
1688932788826,122500,4142
1688932788828,122500,4142
1688932788831,122500,4142
1688932788834,122500,4142
1688932788837,122500,4142
1688932788840,122500,4142
1688932788843,122500,4142
1688932788846,201250,4142
1688932788848,201250,4142
1688932788851,201250,4142
1688932788854,201250,4142
1688932788857,201250,4142
1688932788860,201250,4142
1688932788864,201250,4142
1688932788867,201250,4142
1688932788870,201250,4142
1688932788873,201250,4142
1688932788876,201250,4142
1688932788879,201250,4142
1688932788883,201250,4142
1688932788886,201250,4142
1688932788889,201250,4142
1688932788892,201250,4142
1688932788895,201250,4142
1688932788898,201250,4142
1688932788901,201250,4142
1688932788904,201250,4142
1688932788907,201250,4142
1688932788911,201250,4142
1688932788913,201250,4142
1688932788917,201250,4142
1688932788919,201250,4142
1688932788922,201250,4142
1688932788925,201250,4142
1688932788928,201250,4142
1688932788931,201250,4142
1688932788934,201250,4142
1688932788937,201250,4142
1688932788940,201250,4142
1688932788944,201250,4142
1688932788947,201250,4142
1688932788950,201250,4142
1688932788953,201250,4142
1688932788958,201250,4142
1688932788962,201250,4142
1688932788965,201250,4142
1688932788968,201250,4142
1688932788972,201250,4142
1688932788977,201250,4142
1688932788980,201250,4142
1688932788984,201250,4142
1688932788987,201250,4142
1688932788990,201250,4142
1688932788994,201250,4142
1688932788997,201250,4142
1688932789001,201250,4142
1688932789004,201250,4142
1688932789009,201250,4142
1688932789012,201250,4142
1688932789016,201250,4142
1688932789019,201250,4142
1688932789023,201250,4142
1688932789027,201250,4142
1688932789031,201250,4142
1688932789034,201250,4142
1688932789038,201250,4142
1688932789042,201250,4142
1688932789045,201250,4142
1688932789048,201250,4142
1688932789053,201250,4142
1688932789056,201250,4142
1688932789060,201250,4142
1688932789063,201250,4142
1688932789067,201250,4142
1688932789071,201250,4142
1688932789074,201250,4142
1688932789078,201250,4142
1688932789082,201250,4142
1688932789086,201250,4142
1688932789089,201250,4142
1688932789094,201250,4142
1688932789099,201250,4142
1688932789103,201250,4142
1688932789107,201250,4142
1688932789111,201250,4142
1688932789114,201250,4142
1688932789118,201250,4142
1688932789121,201250,4142
1688932789125,201250,4142
1688932789128,201250,4142
1688932789135,201250,4142
1688932789139,201250,4142
1688932789143,201250,4142
1688932789146,201250,4142
1688932789149,201250,4142
1688932789153,201250,4142
1688932789157,201250,4142
1688932789161,201250,4142
1688932789165,201250,4142
1688932789168,201250,4142
1688932789171,201250,4142
1688932789175,201250,4142
1688932789179,201250,4142
1688932789182,201250,4142
1688932789186,201250,4142
1688932789189,201250,4142
1688932789193,201250,4142
1688932789196,124375,4142
1688932789199,124375,4142
1688932789202,124375,4142
1688932789206,124375,4142
1688932789209,124375,4142
1688932789211,124375,4142
1688932789214,124375,4142
1688932789217,124375,4142
1688932789220,124375,4142
1688932789222,124375,4142
1688932789225,124375,4142
1688932789228,124375,4142
1688932789231,124375,4142
1688932789234,124375,4142
1688932789237,124375,4142
1688932789239,124375,4142
1688932789242,124375,4142
1688932789246,124375,4142
1688932789250,124375,4142
1688932789253,124375,4142
1688932789257,124375,4142
1688932789260,124375,4142
1688932789264,124375,4142
1688932789267,124375,4142
1688932789270,124375,4142
1688932789273,124375,4142
1688932789277,124375,4142
1688932789281,124375,4142
1688932789284,124375,4142
1688932789287,124375,4142
1688932789291,124375,4142
1688932789294,124375,4142
1688932789297,124375,4142
1688932789301,124375,4142
1688932789304,124375,4142
1688932789308,124375,4142
1688932789311,124375,4142
1688932789315,124375,4142
1688932789318,124375,4142
1688932789321,124375,4142
1688932789324,124375,4142
1688932789328,124375,4142
1688932789331,124375,4142
1688932789334,124375,4142
1688932789338,124375,4142
1688932789341,124375,4142
1688932789345,124375,4142
1688932789349,124375,4142
1688932789353,124375,4142
1688932789357,124375,4142
1688932789361,124375,4142
1688932789365,124375,4142
1688932789369,124375,4142
1688932789373,124375,4142
1688932789376,124375,4142
1688932789380,124375,4142
1688932789384,124375,4142
1688932789388,124375,4142
1688932789391,124375,4142
1688932789394,124375,4142
1688932789397,124375,4142
1688932789400,124375,4142
1688932789404,124375,4142
1688932789407,124375,4142
1688932789410,124375,4142
1688932789414,124375,4142
1688932789417,124375,4142
1688932789420,124375,4142
1688932789424,124375,4142
1688932789426,124375,4142
1688932789430,124375,4142
1688932789434,124375,4142
1688932789438,124375,4142
1688932789441,124375,4142
1688932789445,124375,4142
1688932789448,124375,4142
1688932789452,124375,4142
1688932789456,124375,4142
1688932789459,124375,4142
1688932789463,124375,4142
1688932789467,124375,4142
1688932789471,124375,4142
1688932789474,124375,4142
1688932789478,124375,4142
1688932789481,124375,4142
1688932789485,124375,4142
1688932789489,124375,4142
1688932789493,124375,4142
1688932789496,124375,4142
1688932789499,124375,4142
1688932789503,124375,4142
1688932789506,124375,4142
1688932789509,124375,4142
1688932789513,124375,4142
1688932789517,124375,4142
1688932789520,124375,4142
1688932789524,124375,4142
1688932789528,124375,4142
1688932789532,124375,4142
1688932789536,124375,4142
1688932789540,124375,4142
1688932789543,128437,4142
1688932789546,128437,4142
1688932789550,128437,4142
1688932789553,128437,4142
1688932789556,128437,4142
1688932789561,128437,4142
1688932789564,128437,4142
1688932789568,128437,4142
1688932789571,128437,4142
1688932789574,128437,4142
1688932789577,128437,4142
1688932789581,128437,4142
1688932789584,128437,4142
1688932789588,128437,4142
1688932789591,128437,4142
1688932789595,128437,4142
1688932789599,128437,4142
1688932789602,128437,4142
1688932789605,128437,4142
1688932789608,128437,4142
1688932789611,128437,4142
1688932789614,128437,4142
1688932789617,128437,4142
1688932789622,128437,4142
1688932789625,128437,4142
1688932789628,128437,4142
1688932789631,128437,4142
1688932789635,128437,4142
1688932789638,128437,4142
1688932789642,128437,4142
1688932789645,128437,4142
1688932789648,128437,4142
1688932789651,128437,4142
1688932789654,128437,4142
1688932789658,128437,4142
1688932789662,128437,4142
1688932789666,128437,4142
1688932789669,128437,4142
1688932789673,128437,4142
1688932789676,128437,4142
1688932789680,128437,4142
1688932789683,128437,4142
1688932789687,128437,4142
1688932789690,128437,4142
1688932789693,128437,4142
1688932789696,128437,4142
1688932789699,128437,4142
1688932789702,128437,4142
1688932789704,128437,4142
1688932789707,128437,4142
1688932789711,128437,4142
1688932789714,128437,4142
1688932789717,128437,4142
1688932789720,128437,4142
1688932789724,128437,4142
1688932789727,128437,4142
1688932789730,128437,4142
1688932789733,128437,4142
1688932789737,128437,4142
1688932789740,128437,4142
1688932789743,128437,4142
1688932789747,128437,4142
1688932789750,128437,4142
1688932789754,128437,4142
1688932789758,128437,4142
1688932789761,128437,4142
1688932789764,128437,4142
1688932789768,128437,4142
1688932789771,128437,4142
1688932789777,128437,4142
1688932789780,128437,4142
1688932789784,128437,4142
1688932789788,128437,4142
1688932789791,128437,4142
1688932789794,128437,4142
1688932789798,128437,4142
1688932789802,128437,4142
1688932789806,128437,4142
1688932789809,128437,4142
1688932789815,128437,4142
1688932789818,128437,4142
1688932789821,128437,4142
1688932789824,128437,4142
1688932789827,128437,4142
1688932789830,128437,4142
1688932789833,128437,4142
1688932789836,128437,4142
1688932789839,128437,4142
1688932789842,128437,4142
1688932789844,128437,4142
1688932789847,128437,4142
1688932789850,128437,4142
1688932789853,128437,4142
1688932789855,128437,4142
1688932789858,128437,4142
1688932789861,128437,4142
1688932789864,128437,4142
1688932789867,128437,4142
1688932789870,128437,4142
1688932789873,128437,4142
1688932789876,128437,4142
1688932789879,128437,4142
1688932789882,128437,4142
1688932789885,128437,4142
1688932789888,128437,4142
1688932789891,190625,4142
1688932789894,190625,4142
1688932789897,190625,4142
1688932789900,190625,4142
1688932789903,190625,4142
1688932789906,190625,4142
1688932789910,190625,4142
1688932789913,190625,4142
1688932789916,190625,4142
1688932789919,190625,4142
1688932789922,190625,4142
1688932789926,190625,4142
1688932789929,190625,4142
1688932789932,190625,4142
1688932789935,190625,4142
1688932789938,190625,4142
1688932789941,190625,4142
1688932789944,190625,4142
1688932789947,190625,4142
1688932789950,190625,4142
1688932789953,190625,4142
1688932789957,190625,4142
1688932789960,190625,4142
1688932789963,190625,4142
1688932789966,190625,4142
1688932789970,190625,4142
1688932789973,190625,4142
1688932789976,190625,4142
1688932789979,190625,4142
1688932789982,190625,4142
1688932789985,190625,4142
1688932789988,190625,4142
1688932789991,190625,4142
1688932789994,190625,4142
1688932789997,190625,4142
1688932789999,190625,4142
1688932790002,190625,4142
1688932790005,190625,4142
1688932790008,190625,4142
1688932790011,190625,4142
1688932790014,190625,4142
1688932790017,190625,4142
1688932790020,190625,4142
1688932790024,190625,4142
1688932790027,190625,4142
1688932790030,190625,4142
1688932790033,190625,4142
1688932790036,190625,4142
1688932790040,190625,4142
1688932790043,190625,4142
1688932790046,190625,4142
1688932790049,190625,4142
1688932790052,190625,4142
1688932790055,190625,4142
1688932790058,190625,4142
1688932790061,190625,4142
1688932790064,190625,4142
1688932790068,190625,4142
1688932790071,190625,4142
1688932790075,190625,4142
1688932790078,190625,4142
1688932790081,190625,4142
1688932790084,190625,4142
1688932790088,190625,4142
1688932790092,190625,4142
1688932790096,190625,4142
1688932790099,190625,4142
1688932790102,190625,4142
1688932790105,190625,4142
1688932790108,190625,4142
1688932790112,190625,4142
1688932790116,190625,4142
1688932790119,190625,4142
1688932790123,190625,4142
1688932790126,190625,4142
1688932790130,190625,4142
1688932790134,190625,4142
1688932790137,190625,4142
1688932790141,190625,4142
1688932790144,190625,4142
1688932790150,190625,4142
1688932790154,190625,4142
1688932790158,190625,4142
1688932790161,190625,4142
1688932790166,190625,4142
1688932790170,190625,4142
1688932790173,190625,4142
1688932790176,190625,4142
1688932790180,190625,4142
1688932790183,190625,4142
1688932790187,190625,4142
1688932790190,190625,4142
1688932790194,190625,4142
1688932790197,190625,4142
1688932790201,190625,4142
1688932790205,190625,4142
1688932790209,190625,4142
1688932790213,190625,4142
1688932790216,190625,4142
1688932790219,190625,4142
1688932790223,190625,4142
1688932790226,190625,4142
1688932790232,190625,4142
1688932790236,190625,4142
1688932790239,190625,4142
1688932790242,190625,4142
1688932790245,190625,4142
1688932790248,190625,4142
1688932790251,121250,4142
1688932790255,121250,4142
1688932790259,121250,4142
1688932790262,121250,4142
1688932790265,121250,4142
1688932790268,121250,4142
1688932790271,121250,4142
1688932790275,121250,4142
1688932790278,121250,4142
1688932790281,121250,4142
1688932790285,121250,4142
1688932790288,121250,4142
1688932790291,121250,4142
1688932790294,121250,4142
1688932790298,121250,4142
1688932790301,121250,4142
1688932790305,121250,4142
1688932790308,121250,4142
1688932790312,121250,4142
1688932790315,121250,4142
1688932790318,121250,4142
1688932790321,121250,4142
1688932790324,121250,4142
1688932790328,121250,4142
1688932790331,121250,4142
1688932790334,121250,4142
1688932790338,121250,4142
1688932790341,121250,4142
1688932790344,121250,4142
1688932790347,121250,4142
1688932790351,121250,4142
1688932790354,121250,4142
1688932790357,121250,4142
1688932790360,121250,4142
1688932790364,121250,4142
1688932790367,121250,4142
1688932790371,121250,4142
1688932790374,121250,4142
1688932790378,121250,4142
1688932790382,121250,4142
1688932790385,121250,4142
1688932790388,121250,4142
1688932790391,121250,4142
1688932790394,121250,4142
1688932790397,121250,4142
1688932790401,121250,4142
1688932790404,121250,4142
1688932790408,121250,4142
1688932790411,121250,4142
1688932790414,121250,4142
1688932790417,121250,4142
1688932790423,121250,4142
1688932790427,121250,4142
1688932790430,121250,4142
1688932790433,121250,4142
1688932790436,121250,4142
1688932790439,121250,4142
1688932790442,121250,4142
1688932790445,121250,4142
1688932790448,121250,4142
1688932790452,121250,4142
1688932790455,121250,4142
1688932790458,121250,4142
1688932790461,121250,4142
1688932790464,121250,4142
1688932790467,121250,4142
1688932790471,121250,4142
1688932790473,121250,4142
1688932790477,121250,4142
1688932790481,121250,4142
1688932790485,121250,4142
1688932790488,121250,4142
1688932790492,121250,4142
1688932790496,121250,4142
1688932790500,121250,4142
1688932790503,121250,4142
1688932790506,121250,4142
1688932790510,121250,4142
1688932790514,121250,4142
1688932790517,121250,4142
1688932790521,121250,4142
1688932790524,121250,4142
1688932790528,121250,4142
1688932790531,121250,4142
1688932790534,121250,4142
1688932790537,121250,4142
1688932790540,121250,4142
1688932790543,121250,4142
1688932790546,121250,4142
1688932790550,121250,4142
1688932790554,121250,4142
1688932790557,121250,4142
1688932790560,121250,4142
1688932790563,121250,4142
1688932790567,121250,4142
1688932790570,121250,4142
1688932790573,121250,4142
1688932790577,121250,4142
1688932790580,121250,4142
1688932790583,121250,4142
1688932790587,121250,4142
1688932790590,193750,4142
1688932790593,193750,4142
1688932790596,193750,4142
1688932790600,193750,4142
1688932790603,193750,4142
1688932790606,193750,4142
1688932790609,193750,4142
1688932790612,193750,4142
1688932790615,193750,4142
1688932790618,193750,4142
1688932790621,193750,4142
1688932790624,193750,4142
1688932790627,193750,4142
1688932790630,193750,4142
1688932790633,193750,4142
1688932790636,193750,4142
1688932790640,193750,4142
1688932790643,193750,4142
1688932790646,193750,4142
1688932790649,193750,4142
1688932790652,193750,4142
1688932790655,193750,4142
1688932790658,193750,4142
1688932790661,193750,4142
1688932790664,193750,4142
1688932790667,193750,4142
1688932790670,193750,4142
1688932790673,193750,4142
1688932790676,193750,4142
1688932790678,193750,4142
1688932790681,193750,4142
1688932790684,193750,4142
1688932790686,193750,4142
1688932790689,193750,4142
1688932790692,193750,4142
1688932790696,193750,4142
1688932790699,193750,4142
1688932790702,193750,4142
1688932790705,193750,4142
1688932790708,193750,4142
1688932790711,193750,4142
1688932790714,193750,4142
1688932790718,193750,4142
1688932790721,193750,4142
1688932790724,193750,4142
1688932790727,193750,4142
1688932790730,193750,4142
1688932790734,193750,4142
1688932790737,193750,4142
1688932790740,193750,4142
1688932790743,193750,4142
1688932790747,193750,4142
1688932790750,193750,4142
1688932790753,193750,4142
1688932790757,193750,4142
1688932790760,193750,4142
1688932790763,193750,4142
1688932790767,193750,4142
1688932790770,193750,4142
1688932790773,193750,4142
1688932790776,193750,4142
1688932790779,193750,4142
1688932790782,193750,4142
1688932790785,193750,4142
1688932790788,193750,4142
1688932790791,193750,4142
1688932790795,193750,4142
1688932790798,193750,4142
1688932790802,193750,4142
1688932790806,193750,4142
1688932790809,193750,4142
1688932790814,193750,4142
1688932790818,193750,4142
1688932790821,193750,4142
1688932790824,193750,4142
1688932790828,193750,4142
1688932790832,193750,4142
1688932790835,193750,4142
1688932790839,193750,4142
1688932790843,193750,4142
1688932790846,193750,4142
1688932790849,193750,4142
1688932790853,193750,4142
1688932790857,193750,4142
1688932790860,193750,4142
1688932790864,193750,4142
1688932790867,193750,4142
1688932790870,193750,4142
1688932790874,193750,4142
1688932790878,193750,4142
1688932790881,193750,4142
1688932790884,193750,4142
1688932790888,193750,4142
1688932790891,193750,4142
1688932790895,193750,4142
1688932790898,193750,4142
1688932790901,193750,4142
1688932790905,193750,4142
1688932790908,193750,4142
1688932790913,193750,4142
1688932790916,193750,4142
1688932790919,193750,4142
1688932790922,193750,4142
1688932790926,193750,4142
1688932790929,193750,4142
1688932790932,193750,4142
1688932790936,193750,4142
1688932790939,193750,4142
1688932790943,193750,4142
1688932790946,193750,4142
1688932790949,124062,4142
1688932790952,124062,4142
1688932790956,124062,4142
1688932790959,124062,4142
1688932790962,124062,4142
1688932790966,124062,4142
1688932790969,124062,4142
1688932790972,124062,4142
1688932790975,124062,4142
1688932790978,124062,4142
1688932790981,124062,4142
1688932790984,124062,4142
1688932790987,124062,4142
1688932790990,124062,4142
1688932790993,124062,4142
1688932790996,124062,4142
1688932790999,124062,4142
1688932791001,124062,4142
1688932791004,124062,4142
1688932791007,124062,4142
1688932791010,124062,4142
1688932791013,124062,4142
1688932791016,124062,4142
1688932791020,124062,4142
1688932791023,124062,4142
1688932791026,124062,4142
1688932791029,124062,4142
1688932791032,124062,4142
1688932791035,124062,4142
1688932791038,124062,4142
1688932791041,124062,4142
1688932791044,124062,4142
1688932791047,124062,4142
1688932791050,124062,4142
1688932791053,124062,4142
1688932791056,124062,4142
1688932791059,124062,4142
1688932791062,124062,4142
1688932791065,124062,4142
1688932791068,124062,4142
1688932791071,124062,4142
1688932791074,124062,4142
1688932791077,124062,4142
1688932791080,124062,4142
1688932791083,124062,4142
1688932791086,124062,4142
1688932791090,124062,4142
1688932791093,124062,4142
1688932791096,124062,4142
1688932791099,124062,4142
1688932791102,124062,4142
1688932791105,124062,4142
1688932791109,124062,4142
1688932791112,124062,4142
1688932791114,124062,4142
1688932791119,124062,4142
1688932791121,124062,4142
1688932791124,124062,4142
1688932791127,124062,4142
1688932791130,124062,4142
1688932791132,124062,4142
1688932791135,124062,4142
1688932791138,124062,4142
1688932791141,124062,4142
1688932791143,124062,4142
1688932791146,124062,4142
1688932791149,124062,4142
1688932791152,124062,4142
1688932791155,124062,4142
1688932791158,124062,4142
1688932791161,124062,4142
1688932791164,124062,4142
1688932791168,124062,4142
1688932791171,124062,4142
1688932791174,124062,4142
1688932791177,124062,4142
1688932791180,124062,4142
1688932791183,124062,4142
1688932791186,124062,4142
1688932791189,124062,4142
1688932791192,124062,4142
1688932791195,124062,4142
1688932791199,124062,4142
1688932791203,124062,4142
1688932791206,124062,4142
1688932791210,124062,4142
1688932791214,124062,4142
1688932791218,124062,4142
1688932791222,124062,4142
1688932791225,124062,4142
1688932791229,124062,4142
1688932791232,124062,4142
1688932791236,124062,4142
1688932791239,124062,4142
1688932791243,124062,4142
1688932791246,124062,4142
1688932791250,124062,4142
1688932791253,124062,4142
1688932791257,124062,4142
1688932791261,124062,4142
1688932791265,124062,4142
1688932791269,124062,4142
1688932791272,124062,4142
1688932791276,124062,4142
1688932791280,124062,4142
1688932791283,124062,4142
1688932791287,124062,4142
1688932791291,126250,4142
1688932791295,126250,4142
1688932791299,126250,4142
1688932791302,126250,4142
1688932791305,126250,4142
1688932791308,126250,4142
1688932791311,126250,4142
1688932791314,126250,4142
1688932791317,126250,4142
1688932791321,126250,4142
1688932791324,126250,4142
1688932791327,126250,4142
1688932791330,126250,4142
1688932791334,126250,4142
1688932791337,126250,4142
1688932791341,126250,4142
1688932791344,126250,4142
1688932791347,126250,4142
1688932791350,126250,4142
1688932791356,126250,4142
1688932791359,126250,4142
1688932791362,126250,4142
1688932791365,126250,4142
1688932791368,126250,4142
1688932791370,126250,4142
1688932791373,126250,4142
1688932791376,126250,4142
1688932791380,126250,4142
1688932791383,126250,4142
1688932791387,126250,4142
1688932791390,126250,4142
1688932791394,126250,4142
1688932791398,126250,4142
1688932791402,126250,4142
1688932791406,126250,4142
1688932791410,126250,4142
1688932791413,126250,4142
1688932791418,126250,4142
1688932791421,126250,4142
1688932791424,126250,4142
1688932791428,126250,4142
1688932791432,126250,4142
1688932791435,126250,4142
1688932791438,126250,4142
1688932791441,126250,4142
1688932791445,126250,4142
1688932791448,126250,4142
1688932791451,126250,4142
1688932791454,126250,4142
1688932791458,126250,4142
1688932791462,126250,4142
1688932791465,126250,4142
1688932791468,126250,4142
1688932791471,126250,4142
1688932791475,126250,4142
1688932791479,126250,4142
1688932791483,126250,4142
1688932791486,126250,4142
1688932791489,126250,4142
1688932791493,126250,4142
1688932791498,126250,4142
1688932791501,126250,4142
1688932791505,126250,4142
1688932791508,126250,4142
1688932791512,126250,4142
1688932791516,126250,4142
1688932791519,126250,4142
1688932791522,126250,4142
1688932791525,126250,4142
1688932791528,126250,4142
1688932791531,126250,4142
1688932791534,126250,4142
1688932791536,126250,4142
1688932791541,126250,4142
1688932791544,126250,4142
1688932791547,126250,4142
1688932791552,126250,4142
1688932791556,126250,4142
1688932791560,126250,4142
1688932791563,126250,4142
1688932791567,126250,4142
1688932791571,126250,4142
1688932791574,126250,4142
1688932791577,126250,4142
1688932791581,126250,4142
1688932791585,126250,4142
1688932791588,126250,4142
1688932791592,126250,4142
1688932791595,126250,4142
1688932791599,126250,4142
1688932791603,126250,4142
1688932791606,126250,4142
1688932791609,126250,4142
1688932791614,126250,4142
1688932791618,126250,4142
1688932791621,126250,4142
1688932791624,126250,4142
1688932791628,126250,4142
1688932791632,126250,4142
1688932791636,126250,4142
1688932791640,126250,4142
1688932791643,126250,4142
1688932791646,126250,4142
1688932791650,174687,4142
1688932791654,174687,4142
1688932791657,174687,4142
1688932791660,174687,4142
1688932791663,174687,4142
1688932791667,174687,4142
1688932791670,174687,4142
1688932791673,174687,4142
1688932791677,174687,4142
1688932791680,174687,4142
1688932791683,174687,4142
1688932791687,174687,4142
1688932791691,174687,4142
1688932791695,174687,4142
1688932791698,174687,4142
1688932791702,174687,4142
1688932791706,174687,4142
1688932791709,174687,4142
1688932791713,174687,4142
1688932791717,174687,4142
1688932791721,174687,4142
1688932791725,174687,4142
1688932791729,174687,4142
1688932791732,174687,4142
1688932791736,174687,4142
1688932791739,174687,4142
1688932791743,174687,4142
1688932791746,174687,4142
1688932791749,174687,4142
1688932791754,174687,4142
1688932791758,174687,4142
1688932791761,174687,4142
1688932791764,174687,4142
1688932791768,174687,4142
1688932791771,174687,4142
1688932791774,174687,4142
1688932791777,174687,4142
1688932791780,174687,4142
1688932791783,174687,4142
1688932791786,174687,4142
1688932791790,174687,4142
1688932791794,174687,4142
1688932791797,174687,4142
1688932791800,174687,4142
1688932791803,174687,4142
1688932791807,174687,4142
1688932791810,174687,4142
1688932791814,174687,4142
1688932791817,174687,4142
1688932791820,174687,4142
1688932791823,174687,4142
1688932791826,174687,4142
1688932791829,174687,4142
1688932791833,174687,4142
1688932791836,174687,4142
1688932791839,174687,4142
1688932791843,174687,4142
1688932791846,174687,4142
1688932791849,174687,4142
1688932791853,174687,4142
1688932791856,174687,4142
1688932791859,174687,4142
1688932791861,174687,4142
1688932791864,174687,4142
1688932791867,174687,4142
1688932791871,174687,4142
1688932791874,174687,4142
1688932791877,174687,4142
1688932791881,174687,4142
1688932791884,174687,4142
1688932791887,174687,4142
1688932791891,174687,4142
1688932791895,174687,4142
1688932791898,174687,4142
1688932791902,174687,4142
1688932791906,174687,4142
1688932791910,174687,4142
1688932791913,174687,4142
1688932791917,174687,4142
1688932791921,174687,4142
1688932791925,174687,4142
1688932791929,174687,4142
1688932791933,174687,4142
1688932791937,174687,4142
1688932791940,174687,4142
1688932791944,174687,4142
1688932791948,174687,4142
1688932791952,174687,4142
1688932791955,174687,4142
1688932791959,174687,4142
1688932791962,174687,4142
1688932791965,174687,4142
1688932791968,174687,4142
1688932791971,174687,4142
1688932791974,174687,4142
1688932791978,174687,4142
1688932791981,174687,4142
1688932791984,174687,4142
1688932791988,174687,4142
1688932791991,174687,4142
1688932791995,174687,4142
1688932791998,144687,4142
1688932792002,144687,4142
1688932792005,144687,4142
1688932792008,144687,4142
1688932792011,144687,4142
1688932792014,144687,4142
1688932792018,144687,4142
1688932792021,144687,4142
1688932792025,144687,4142
1688932792028,144687,4142
1688932792031,144687,4142
1688932792034,144687,4142
1688932792038,144687,4142
1688932792042,144687,4142
1688932792046,144687,4142
1688932792050,144687,4142
1688932792053,144687,4142
1688932792057,144687,4142
1688932792060,144687,4142
1688932792063,144687,4142
1688932792066,144687,4142
1688932792069,144687,4142
1688932792072,144687,4142
1688932792075,144687,4142
1688932792078,144687,4142
1688932792081,144687,4142
1688932792085,144687,4142
1688932792088,144687,4142
1688932792091,144687,4142
1688932792094,144687,4142
1688932792097,144687,4142
1688932792100,144687,4142
1688932792103,144687,4142
1688932792107,144687,4142
1688932792110,144687,4142
1688932792113,144687,4142
1688932792116,144687,4142
1688932792119,144687,4142
1688932792122,144687,4142
1688932792126,144687,4142
1688932792129,144687,4142
1688932792132,144687,4142
1688932792135,144687,4142
1688932792138,144687,4142
1688932792141,144687,4142
1688932792145,144687,4142
1688932792148,144687,4142
1688932792151,144687,4142
1688932792153,144687,4142
1688932792156,144687,4142
1688932792160,144687,4142
1688932792163,144687,4142
1688932792166,144687,4142
1688932792169,144687,4142
1688932792172,144687,4142
1688932792176,144687,4142
1688932792179,144687,4142
1688932792183,144687,4142
1688932792186,144687,4142
1688932792189,144687,4142
1688932792192,144687,4142
1688932792196,144687,4142
1688932792199,144687,4142
1688932792202,144687,4142
1688932792206,144687,4142
1688932792209,144687,4142
1688932792212,144687,4142
1688932792215,144687,4142
1688932792218,144687,4142
1688932792221,144687,4142
1688932792224,144687,4142
1688932792227,144687,4142
1688932792230,144687,4142
1688932792233,144687,4142
1688932792236,144687,4142
1688932792239,144687,4142
1688932792242,144687,4142
1688932792245,144687,4142
1688932792248,144687,4142
1688932792251,144687,4142
1688932792254,144687,4142
1688932792257,144687,4142
1688932792261,144687,4142
1688932792264,144687,4142
1688932792267,144687,4142
1688932792271,144687,4142
1688932792274,144687,4142
1688932792278,144687,4142
1688932792281,144687,4142
1688932792284,144687,4142
1688932792287,144687,4142
1688932792290,144687,4142
1688932792294,144687,4142
1688932792297,144687,4142
1688932792300,144687,4142
1688932792303,144687,4142
1688932792306,144687,4142
1688932792310,144687,4142
1688932792313,144687,4142
1688932792316,144687,4142
1688932792319,144687,4142
1688932792322,144687,4142
1688932792325,144687,4142
1688932792328,144687,4142
1688932792331,144687,4142
1688932792334,144687,4142
1688932792337,144687,4142
1688932792340,144687,4142
1688932792343,144687,4142
1688932792346,151875,4142
1688932792350,151875,4142
1688932792354,151875,4142
1688932792357,151875,4142
1688932792361,151875,4142
1688932792365,151875,4142
1688932792369,151875,4142
1688932792373,151875,4142
1688932792376,151875,4142
1688932792379,151875,4142
1688932792382,151875,4142
1688932792386,151875,4142
1688932792389,151875,4142
1688932792392,151875,4142
1688932792396,151875,4142
1688932792399,151875,4142
1688932792402,151875,4142
1688932792405,151875,4142
1688932792409,151875,4142
1688932792413,151875,4142
1688932792416,151875,4142
1688932792420,151875,4142
1688932792424,151875,4142
1688932792428,151875,4142
1688932792432,151875,4142
1688932792436,151875,4142
1688932792439,151875,4142
1688932792443,151875,4142
1688932792446,151875,4142
1688932792450,151875,4142
1688932792453,151875,4142
1688932792457,151875,4142
1688932792461,151875,4142
1688932792464,151875,4142
1688932792468,151875,4142
1688932792472,151875,4142
1688932792475,151875,4142
1688932792478,151875,4142
1688932792482,151875,4142
1688932792485,151875,4142
1688932792488,151875,4142
1688932792491,151875,4142
1688932792494,151875,4142
1688932792497,151875,4142
1688932792500,151875,4142
1688932792503,151875,4142
1688932792506,151875,4142
1688932792510,151875,4142
1688932792514,151875,4142
1688932792518,151875,4142
1688932792521,151875,4142
1688932792524,151875,4142
1688932792528,151875,4142
1688932792532,151875,4142
1688932792536,151875,4142
1688932792539,151875,4142
1688932792542,151875,4142
1688932792546,151875,4142
1688932792549,151875,4142
1688932792552,151875,4142
1688932792555,151875,4142
1688932792558,151875,4142
1688932792561,151875,4142
1688932792565,151875,4142
1688932792568,151875,4142
1688932792572,151875,4142
1688932792576,151875,4142
1688932792578,151875,4142
1688932792582,151875,4142
1688932792585,151875,4142
1688932792587,151875,4142
1688932792590,151875,4142
1688932792594,151875,4142
1688932792597,151875,4142
1688932792600,151875,4142
1688932792603,151875,4142
1688932792607,151875,4142
1688932792611,151875,4142
1688932792614,151875,4142
1688932792618,151875,4142
1688932792621,151875,4142
1688932792625,151875,4142
1688932792628,151875,4142
1688932792631,151875,4142
1688932792635,151875,4142
1688932792638,151875,4142
1688932792642,151875,4142
1688932792646,151875,4142
1688932792649,151875,4142
1688932792653,151875,4142
1688932792657,151875,4142
1688932792660,151875,4142
1688932792664,151875,4142
1688932792668,151875,4142
1688932792672,151875,4142
1688932792675,151875,4142
1688932792681,151875,4142
1688932792685,151875,4142
1688932792688,151875,4142
1688932792691,151875,4142
1688932792695,132500,4142
1688932792698,132500,4142
1688932792701,132500,4142
1688932792707,132500,4142
1688932792710,132500,4142
1688932792713,132500,4142
1688932792715,132500,4142
1688932792718,132500,4142
1688932792721,132500,4142
1688932792724,132500,4142
1688932792727,132500,4142
1688932792731,132500,4142
1688932792735,132500,4142
1688932792738,132500,4142
1688932792741,132500,4142
1688932792744,132500,4142
1688932792748,132500,4142
1688932792751,132500,4142
1688932792754,132500,4142
1688932792758,132500,4142
1688932792761,132500,4142
1688932792764,132500,4142
1688932792768,132500,4142
1688932792771,132500,4142
1688932792774,132500,4142
1688932792777,132500,4142
1688932792780,132500,4142
1688932792784,132500,4142
1688932792787,132500,4142
1688932792791,132500,4142
1688932792794,132500,4142
1688932792798,132500,4142
1688932792801,132500,4142
1688932792805,132500,4142
1688932792808,132500,4142
1688932792811,132500,4142
1688932792814,132500,4142
1688932792817,132500,4142
1688932792821,132500,4142
1688932792824,132500,4142
1688932792828,132500,4142
1688932792831,132500,4142
1688932792834,132500,4142
1688932792838,132500,4142
1688932792841,132500,4142
1688932792845,132500,4142
1688932792850,132500,4142
1688932792853,132500,4142
1688932792856,132500,4142
1688932792859,132500,4142
1688932792862,132500,4142
1688932792865,132500,4142
1688932792868,132500,4142
1688932792871,132500,4142
1688932792874,132500,4142
1688932792878,132500,4142
1688932792881,132500,4142
1688932792885,132500,4142
1688932792888,132500,4142
1688932792892,132500,4142
1688932792895,132500,4142
1688932792898,132500,4142
1688932792901,132500,4142
1688932792904,132500,4142
1688932792907,132500,4142
1688932792911,132500,4142
1688932792914,132500,4142
1688932792917,132500,4142
1688932792921,132500,4142
1688932792925,132500,4142
1688932792928,132500,4142
1688932792932,132500,4142
1688932792935,132500,4142
1688932792938,132500,4142
1688932792941,132500,4142
1688932792944,132500,4142
1688932792948,132500,4142
1688932792951,132500,4142
1688932792954,132500,4142
1688932792957,132500,4142
1688932792960,132500,4142
1688932792963,132500,4142
1688932792966,132500,4142
1688932792969,132500,4142
1688932792972,132500,4142
1688932792975,132500,4142
1688932792978,132500,4142
1688932792981,132500,4142
1688932792984,132500,4142
1688932792987,132500,4142
1688932792990,132500,4142
1688932792994,132500,4142
1688932792999,132500,4142
1688932793003,132500,4142
1688932793007,132500,4142
1688932793011,132500,4142
1688932793014,132500,4142
1688932793017,132500,4142
1688932793020,132500,4142
1688932793023,132500,4142
1688932793026,132500,4142
1688932793031,132500,4142
1688932793034,132500,4142
1688932793037,132500,4142
1688932793039,132500,4142
1688932793042,132500,4142
1688932793045,132500,4142
1688932793048,132500,4142
1688932793051,322500,4142
1688932793054,322500,4142
1688932793057,322500,4142
1688932793060,322500,4142
1688932793063,322500,4142
1688932793066,322500,4142
1688932793069,322500,4142
1688932793072,322500,4142
1688932793075,322500,4142
1688932793078,322500,4142
1688932793081,322500,4142
1688932793084,322500,4142
1688932793087,322500,4142
1688932793090,322500,4142
1688932793093,322500,4142
1688932793096,322500,4142
1688932793099,322500,4142
1688932793102,322500,4142
1688932793106,322500,4142
1688932793109,322500,4142
1688932793111,322500,4142
1688932793114,322500,4142
1688932793117,322500,4142
1688932793120,322500,4142
1688932793123,322500,4142
1688932793126,322500,4142
1688932793129,322500,4142
1688932793132,322500,4142
1688932793135,322500,4142
1688932793138,322500,4142
1688932793141,322500,4142
1688932793144,322500,4142
1688932793147,322500,4142
1688932793150,322500,4142
1688932793153,322500,4142
1688932793156,322500,4142
1688932793159,322500,4142
1688932793162,322500,4142
1688932793165,322500,4142
1688932793168,322500,4142
1688932793171,322500,4142
1688932793174,322500,4142
1688932793178,322500,4142
1688932793181,322500,4142
1688932793184,322500,4142
1688932793187,322500,4142
1688932793190,322500,4142
1688932793193,322500,4142
1688932793196,322500,4142
1688932793199,322500,4142
1688932793202,322500,4142
1688932793205,322500,4142
1688932793208,322500,4142
1688932793211,322500,4142
1688932793216,322500,4142
1688932793222,322500,4142
1688932793226,322500,4142
1688932793230,322500,4142
1688932793233,322500,4142
1688932793237,322500,4142
1688932793240,322500,4142
1688932793244,322500,4142
1688932793247,322500,4142
1688932793251,322500,4142
1688932793254,322500,4142
1688932793257,322500,4142
1688932793260,322500,4142
1688932793263,322500,4142
1688932793266,322500,4142
1688932793269,322500,4142
1688932793272,322500,4142
1688932793275,322500,4142
1688932793292,322500,4142
1688932793299,322500,4142
1688932793303,322500,4142
1688932793307,322500,4142
1688932793310,322500,4142
1688932793313,322500,4142
1688932793316,322500,4142
1688932793319,322500,4142
1688932793322,322500,4142
1688932793324,322500,4142
1688932793327,322500,4142
1688932793330,322500,4142
1688932793333,322500,4142
1688932793336,322500,4142
1688932793338,322500,4142
1688932793341,322500,4142
1688932793344,322500,4142
1688932793346,322500,4142
1688932793349,322500,4142
1688932793352,322500,4142
1688932793355,322500,4142
1688932793358,322500,4142
1688932793360,322500,4142
1688932793363,322500,4142
1688932793366,322500,4142
1688932793369,322500,4142
1688932793372,322500,4142
1688932793376,322500,4142
1688932793379,322500,4142
1688932793382,322500,4142
1688932793385,322500,4142
1688932793388,322500,4142
1688932793391,322500,4142
1688932793394,322500,4142
1688932793397,322500,4142
1688932793400,301875,4142
1688932793403,301875,4142
1688932793406,301875,4142
1688932793409,301875,4142
1688932793411,301875,4142
1688932793414,301875,4142
1688932793417,301875,4142
1688932793420,301875,4142
1688932793423,301875,4142
1688932793427,301875,4142
1688932793430,301875,4142
1688932793432,301875,4142
1688932793436,301875,4142
1688932793439,301875,4142
1688932793441,301875,4142
1688932793444,301875,4142
1688932793447,301875,4142
1688932793450,301875,4142
1688932793453,301875,4142
1688932793456,301875,4142
1688932793459,301875,4142
1688932793462,301875,4142
1688932793465,301875,4142
1688932793469,301875,4142
1688932793472,301875,4142
1688932793474,301875,4142
1688932793477,301875,4142
1688932793480,301875,4142
1688932793484,301875,4142
1688932793487,301875,4142
1688932793490,301875,4142
1688932793493,301875,4142
1688932793496,301875,4142
1688932793499,301875,4142
1688932793502,301875,4142
1688932793505,301875,4142
1688932793508,301875,4142
1688932793511,301875,4142
1688932793514,301875,4142
1688932793517,301875,4142
1688932793520,301875,4142
1688932793524,301875,4142
1688932793527,301875,4142
1688932793530,301875,4142
1688932793533,301875,4142
1688932793536,301875,4142
1688932793539,301875,4142
1688932793541,301875,4142
1688932793544,301875,4142
1688932793547,301875,4142
1688932793550,301875,4142
1688932793553,301875,4142
1688932793555,301875,4142
1688932793558,301875,4142
1688932793561,301875,4142
1688932793563,301875,4142
1688932793566,301875,4142
1688932793569,301875,4142
1688932793572,301875,4142
1688932793575,301875,4142
1688932793578,301875,4142
1688932793580,301875,4142
1688932793584,301875,4142
1688932793587,301875,4142
1688932793590,301875,4142
1688932793592,301875,4142
1688932793595,301875,4142
1688932793598,301875,4142
1688932793601,301875,4142
1688932793604,301875,4142
1688932793607,301875,4142
1688932793611,301875,4142
1688932793614,301875,4142
1688932793618,301875,4142
1688932793621,301875,4142
1688932793624,301875,4142
1688932793628,301875,4142
1688932793631,301875,4142
1688932793635,301875,4142
1688932793639,301875,4142
1688932793643,301875,4142
1688932793646,301875,4142
1688932793652,301875,4142
1688932793655,301875,4142
1688932793659,301875,4142
1688932793662,301875,4142
1688932793666,301875,4142
1688932793670,301875,4142
1688932793673,301875,4142
1688932793677,301875,4142
1688932793681,301875,4142
1688932793684,301875,4142
1688932793688,301875,4142
1688932793692,301875,4142
1688932793695,301875,4142
1688932793699,301875,4142
1688932793702,301875,4142
1688932793705,301875,4142
1688932793708,301875,4142
1688932793711,301875,4142
1688932793714,301875,4142
1688932793718,301875,4142
1688932793721,301875,4142
1688932793724,301875,4142
1688932793727,301875,4142
1688932793730,301875,4142
1688932793734,301875,4142
1688932793737,301875,4142
1688932793741,301875,4142
1688932793744,301875,4142
1688932793747,301875,4142
1688932793751,210937,4142
1688932793754,210937,4142
1688932793758,210937,4142
1688932793761,210937,4142
1688932793764,210937,4142
1688932793767,210937,4142
1688932793771,210937,4142
1688932793774,210937,4142
1688932793778,210937,4142
1688932793781,210937,4142
1688932793784,210937,4142
1688932793787,210937,4142
1688932793790,210937,4142
1688932793795,210937,4142
1688932793799,210937,4142
1688932793802,210937,4142
1688932793805,210937,4142
1688932793808,210937,4142
1688932793811,210937,4142
1688932793814,210937,4142
1688932793817,210937,4142
1688932793820,210937,4142
1688932793824,210937,4142
1688932793827,210937,4142
1688932793830,210937,4142
1688932793833,210937,4142
1688932793837,210937,4142
1688932793840,210937,4142
1688932793842,210937,4142
1688932793846,210937,4142
1688932793850,210937,4142
1688932793853,210937,4142
1688932793857,210937,4142
1688932793860,210937,4142
1688932793863,210937,4142
1688932793867,210937,4142
1688932793871,210937,4142
1688932793874,210937,4142
1688932793878,210937,4142
1688932793882,210937,4142
1688932793885,210937,4142
1688932793888,210937,4142
1688932793892,210937,4142
1688932793895,210937,4142
1688932793899,210937,4142
1688932793902,210937,4142
1688932793904,210937,4142
1688932793907,210937,4142
1688932793911,210937,4142
1688932793914,210937,4142
1688932793917,210937,4142
1688932793920,210937,4142
1688932793923,210937,4142
1688932793926,210937,4142
1688932793929,210937,4142
1688932793932,210937,4142
1688932793936,210937,4142
1688932793939,210937,4142
1688932793943,210937,4142
1688932793946,210937,4142
1688932793950,210937,4142
1688932793953,210937,4142
1688932793957,210937,4142
1688932793961,210937,4142
1688932793967,210937,4142
1688932793970,210937,4142
1688932793974,210937,4142
1688932793978,210937,4142
1688932793981,210937,4142
1688932793985,210937,4142
1688932793988,210937,4142
1688932793991,210937,4142
1688932793994,210937,4142
1688932793997,210937,4142
1688932794001,210937,4142
1688932794006,210937,4142
1688932794009,210937,4142
1688932794013,210937,4142
1688932794016,210937,4142
1688932794019,210937,4142
1688932794023,210937,4142
1688932794026,210937,4142
1688932794029,210937,4142
1688932794032,210937,4142
1688932794035,210937,4142
1688932794038,210937,4142
1688932794041,210937,4142
1688932794045,210937,4142
1688932794048,210937,4142
1688932794052,210937,4142
1688932794056,210937,4142
1688932794060,210937,4142
1688932794063,210937,4142
1688932794067,210937,4142
1688932794071,210937,4142
1688932794075,210937,4142
1688932794078,210937,4142
1688932794082,210937,4142
1688932794086,210937,4142
1688932794090,210937,4142
1688932794094,210937,4142
1688932794097,210937,4142
1688932794101,135625,4142
1688932794105,135625,4142
1688932794109,135625,4142
1688932794113,135625,4142
1688932794116,135625,4142
1688932794119,135625,4142
1688932794123,135625,4142
1688932794127,135625,4142
1688932794131,135625,4142
1688932794136,135625,4142
1688932794139,135625,4142
1688932794143,135625,4142
1688932794147,135625,4142
1688932794151,135625,4142
1688932794154,135625,4142
1688932794158,135625,4142
1688932794162,135625,4142
1688932794166,135625,4142
1688932794169,135625,4142
1688932794173,135625,4142
1688932794176,135625,4142
1688932794179,135625,4142
1688932794183,135625,4142
1688932794186,135625,4142
1688932794189,135625,4142
1688932794193,135625,4142
1688932794197,135625,4142
1688932794200,135625,4142
1688932794203,135625,4142
1688932794206,135625,4142
1688932794209,135625,4142
1688932794212,135625,4142
1688932794215,135625,4142
1688932794218,135625,4142
1688932794221,135625,4142
1688932794225,135625,4142
1688932794228,135625,4142
1688932794231,135625,4142
1688932794234,135625,4142
1688932794237,135625,4142
1688932794241,135625,4142
1688932794244,135625,4142
1688932794248,135625,4142
1688932794251,135625,4142
1688932794255,135625,4142
1688932794258,135625,4142
1688932794262,135625,4142
1688932794265,135625,4142
1688932794268,135625,4142
1688932794271,135625,4142
1688932794274,135625,4142
1688932794278,135625,4142
1688932794281,135625,4142
1688932794284,135625,4142
1688932794288,135625,4142
1688932794291,135625,4142
1688932794295,135625,4142
1688932794298,135625,4142
1688932794301,135625,4142
1688932794304,135625,4142
1688932794308,135625,4142
1688932794311,135625,4142
1688932794314,135625,4142
1688932794318,135625,4142
1688932794321,135625,4142
1688932794324,135625,4142
1688932794328,135625,4142
1688932794331,135625,4142
1688932794334,135625,4142
1688932794339,135625,4142
1688932794342,135625,4142
1688932794345,135625,4142
1688932794348,135625,4142
1688932794351,135625,4142
1688932794355,135625,4142
1688932794358,135625,4142
1688932794362,135625,4142
1688932794365,135625,4142
1688932794368,135625,4142
1688932794371,135625,4142
1688932794375,135625,4142
1688932794378,135625,4142
1688932794381,135625,4142
1688932794385,135625,4142
1688932794388,135625,4142
1688932794391,135625,4142
1688932794394,135625,4142
1688932794398,135625,4142
1688932794401,135625,4142
1688932794404,135625,4142
1688932794407,135625,4142
1688932794411,135625,4142
1688932794414,135625,4142
1688932794418,135625,4142
1688932794421,135625,4142
1688932794424,135625,4142
1688932794427,135625,4142
1688932794431,135625,4142
1688932794434,135625,4142
1688932794437,135625,4142
1688932794440,135625,4142
1688932794443,135625,4142
1688932794447,135625,4142
1688932794450,235625,4142
1688932794453,235625,4142
1688932794456,235625,4142
1688932794459,235625,4142
1688932794461,235625,4142
1688932794464,235625,4142
1688932794467,235625,4142
1688932794470,235625,4142
1688932794473,235625,4142
1688932794476,235625,4142
1688932794479,235625,4142
1688932794482,235625,4142
1688932794486,235625,4142
1688932794489,235625,4142
1688932794492,235625,4142
1688932794495,235625,4142
1688932794498,235625,4142
1688932794501,235625,4142
1688932794504,235625,4142
1688932794507,235625,4142
1688932794510,235625,4142
1688932794514,235625,4142
1688932794517,235625,4142
1688932794520,235625,4142
1688932794523,235625,4142
1688932794527,235625,4142
1688932794530,235625,4142
1688932794533,235625,4142
1688932794536,235625,4142
1688932794539,235625,4142
1688932794542,235625,4142
1688932794545,235625,4142
1688932794548,235625,4142
1688932794551,235625,4142
1688932794554,235625,4142
1688932794557,235625,4142
1688932794560,235625,4142
1688932794563,235625,4142
1688932794566,235625,4142
1688932794569,235625,4142
1688932794572,235625,4142
1688932794575,235625,4142
1688932794578,235625,4142
1688932794581,235625,4142
1688932794584,235625,4142
1688932794587,235625,4142
1688932794590,235625,4142
1688932794593,235625,4142
1688932794596,235625,4142
1688932794599,235625,4142
1688932794602,235625,4142
1688932794605,235625,4142
1688932794608,235625,4142
1688932794611,235625,4142
1688932794614,235625,4142
1688932794617,235625,4142
1688932794621,235625,4142
1688932794624,235625,4142
1688932794627,235625,4142
1688932794630,235625,4142
1688932794633,235625,4142
1688932794636,235625,4142
1688932794639,235625,4142
1688932794642,235625,4142
1688932794645,235625,4142
1688932794648,235625,4142
1688932794651,235625,4142
1688932794654,235625,4142
1688932794657,235625,4142
1688932794660,235625,4142
1688932794663,235625,4142
1688932794666,235625,4142
1688932794669,235625,4142
1688932794672,235625,4142
1688932794676,235625,4142
1688932794679,235625,4142
1688932794683,235625,4142
1688932794687,235625,4142
1688932794691,235625,4142
1688932794694,235625,4142
1688932794698,235625,4142
1688932794701,235625,4142
1688932794705,235625,4142
1688932794708,235625,4142
1688932794712,235625,4142
1688932794716,235625,4142
1688932794720,235625,4142
1688932794723,235625,4142
1688932794726,235625,4142
1688932794730,235625,4142
1688932794734,235625,4142
1688932794737,235625,4142
1688932794740,235625,4142
1688932794744,235625,4142
1688932794748,235625,4142
1688932794752,235625,4142
1688932794755,235625,4142
1688932794759,235625,4142
1688932794762,235625,4142
1688932794766,235625,4142
1688932794770,235625,4142
1688932794774,235625,4142
1688932794777,235625,4142
1688932794781,235625,4142
1688932794784,235625,4142
1688932794788,235625,4142
1688932794791,235625,4142
1688932794795,235625,4142
1688932794798,235625,4142
1688932794801,134687,4142
1688932794804,134687,4142
1688932794808,134687,4142
1688932794811,134687,4142
1688932794815,134687,4142
1688932794818,134687,4142
1688932794822,134687,4142
1688932794826,134687,4142
1688932794829,134687,4142
1688932794833,134687,4142
1688932794837,134687,4142
1688932794840,134687,4142
1688932794844,134687,4142
1688932794848,134687,4142
1688932794851,134687,4142
1688932794855,134687,4142
1688932794858,134687,4142
1688932794861,134687,4142
1688932794864,134687,4142
1688932794867,134687,4142
1688932794871,134687,4142
1688932794875,134687,4142
1688932794879,134687,4142
1688932794882,134687,4142
1688932794886,134687,4142
1688932794890,134687,4142
1688932794893,134687,4142
1688932794897,134687,4142
1688932794900,134687,4142
1688932794904,134687,4142
1688932794908,134687,4142
1688932794911,134687,4142
1688932794914,134687,4142
1688932794918,134687,4142
1688932794921,134687,4142
1688932794924,134687,4142
1688932794928,134687,4142
1688932794932,134687,4142
1688932794935,134687,4142
1688932794938,134687,4142
1688932794941,134687,4142
1688932794944,134687,4142
1688932794947,134687,4142
1688932794951,134687,4142
1688932794954,134687,4142
1688932794957,134687,4142
1688932794960,134687,4142
1688932794963,134687,4142
1688932794967,134687,4142
1688932794970,134687,4142
1688932794972,134687,4142
1688932794975,134687,4142
1688932794978,134687,4142
1688932794980,134687,4142
1688932794987,134687,4142
1688932794990,134687,4142
1688932794993,134687,4142
1688932794997,134687,4142
1688932795000,134687,4142
1688932795003,134687,4142
1688932795006,134687,4142
1688932795009,134687,4142
1688932795012,134687,4142
1688932795015,134687,4142
1688932795018,134687,4142
1688932795021,134687,4142
1688932795025,134687,4142
1688932795028,134687,4142
1688932795031,134687,4142
1688932795034,134687,4142
1688932795037,134687,4142
1688932795041,134687,4142
1688932795044,134687,4142
1688932795047,134687,4142
1688932795050,134687,4142
1688932795053,134687,4142
1688932795057,134687,4142
1688932795060,134687,4142
1688932795063,134687,4142
1688932795066,134687,4142
1688932795069,134687,4142
1688932795072,134687,4142
1688932795075,134687,4142
1688932795078,134687,4142
1688932795081,134687,4142
1688932795084,134687,4142
1688932795087,134687,4142
1688932795090,134687,4142
1688932795093,134687,4142
1688932795096,134687,4142
1688932795099,134687,4142
1688932795102,134687,4142
1688932795105,134687,4142
1688932795108,134687,4142
1688932795111,134687,4142
1688932795114,134687,4142
1688932795117,134687,4142
1688932795121,134687,4142
1688932795124,134687,4142
1688932795127,134687,4142
1688932795130,134687,4142
1688932795133,134687,4142
1688932795137,134687,4142
1688932795140,134687,4142
1688932795143,134687,4142
1688932795147,134687,4142
1688932795150,206562,4142
1688932795153,206562,4142
1688932795157,206562,4142
1688932795160,206562,4142
1688932795164,206562,4142
1688932795167,206562,4142
1688932795170,206562,4142
1688932795173,206562,4142
1688932795176,206562,4142
1688932795179,206562,4142
1688932795182,206562,4142
1688932795185,206562,4142
1688932795188,206562,4142
1688932795191,206562,4142
1688932795194,206562,4142
1688932795198,206562,4142
1688932795201,206562,4142
1688932795204,206562,4142
1688932795208,206562,4142
1688932795212,206562,4142
1688932795215,206562,4142
1688932795219,206562,4142
1688932795222,206562,4142
1688932795224,206562,4142
1688932795227,206562,4142
1688932795230,206562,4142
1688932795234,206562,4142
1688932795238,206562,4142
1688932795242,206562,4142
1688932795245,206562,4142
1688932795250,206562,4142
1688932795253,206562,4142
1688932795257,206562,4142
1688932795261,206562,4142
1688932795265,206562,4142
1688932795268,206562,4142
1688932795272,206562,4142
1688932795276,206562,4142
1688932795280,206562,4142
1688932795283,206562,4142
1688932795286,206562,4142
1688932795290,206562,4142
1688932795293,206562,4142
1688932795297,206562,4142
1688932795301,206562,4142
1688932795305,206562,4142
1688932795308,206562,4142
1688932795312,206562,4142
1688932795315,206562,4142
1688932795318,206562,4142
1688932795321,206562,4142
1688932795324,206562,4142
1688932795327,206562,4142
1688932795332,206562,4142
1688932795336,206562,4142
1688932795339,206562,4142
1688932795341,206562,4142
1688932795344,206562,4142
1688932795351,206562,4142
1688932795354,206562,4142
1688932795358,206562,4142
1688932795361,206562,4142
1688932795364,206562,4142
1688932795367,206562,4142
1688932795370,206562,4142
1688932795372,206562,4142
1688932795375,206562,4142
1688932795378,206562,4142
1688932795381,206562,4142
1688932795384,206562,4142
1688932795387,206562,4142
1688932795391,206562,4142
1688932795394,206562,4142
1688932795397,206562,4142
1688932795400,206562,4142
1688932795404,206562,4142
1688932795409,206562,4142
1688932795413,206562,4142
1688932795416,206562,4142
1688932795419,206562,4142
1688932795423,206562,4142
1688932795426,206562,4142
1688932795430,206562,4142
1688932795433,206562,4142
1688932795437,206562,4142
1688932795441,206562,4142
1688932795444,206562,4142
1688932795447,206562,4142
1688932795451,206562,4142
1688932795454,206562,4142
1688932795458,206562,4142
1688932795461,206562,4142
1688932795464,206562,4142
1688932795467,206562,4142
1688932795471,206562,4142
1688932795474,206562,4142
1688932795479,206562,4142
1688932795483,206562,4142
1688932795486,206562,4142
1688932795490,206562,4142
1688932795494,206562,4142
1688932795498,206562,4142
1688932795502,124062,4142
1688932795507,124062,4142
1688932795511,124062,4142
1688932795515,124062,4142
1688932795519,124062,4142
1688932795523,124062,4142
1688932795526,124062,4142
1688932795530,124062,4142
1688932795534,124062,4142
1688932795538,124062,4142
1688932795541,124062,4142
1688932795545,124062,4142
1688932795548,124062,4142
1688932795551,124062,4142
1688932795554,124062,4142
1688932795557,124062,4142
1688932795562,124062,4142
1688932795565,124062,4142
1688932795567,124062,4142
1688932795570,124062,4142
1688932795573,124062,4142
1688932795576,124062,4142
1688932795579,124062,4142
1688932795581,124062,4142
1688932795583,124062,4142
1688932795586,124062,4142
1688932795589,124062,4142
1688932795591,124062,4142
1688932795594,124062,4142
1688932795597,124062,4142
1688932795601,124062,4142
1688932795604,124062,4142
1688932795607,124062,4142
1688932795610,124062,4142
1688932795613,124062,4142
1688932795616,124062,4142
1688932795619,124062,4142
1688932795621,124062,4142
1688932795624,124062,4142
1688932795627,124062,4142
1688932795630,124062,4142
1688932795633,124062,4142
1688932795636,124062,4142
1688932795639,124062,4142
1688932795641,124062,4142
1688932795644,124062,4142
1688932795647,124062,4142
1688932795650,124062,4142
1688932795653,124062,4142
1688932795657,124062,4142
1688932795660,124062,4142
1688932795663,124062,4142
1688932795666,124062,4142
1688932795669,124062,4142
1688932795672,124062,4142
1688932795675,124062,4142
1688932795679,124062,4142
1688932795682,124062,4142
1688932795685,124062,4142
1688932795688,124062,4142
1688932795691,124062,4142
1688932795694,124062,4142
1688932795697,124062,4142
1688932795701,124062,4142
1688932795704,124062,4142
1688932795708,124062,4142
1688932795712,124062,4142
1688932795715,124062,4142
1688932795719,124062,4142
1688932795722,124062,4142
1688932795725,124062,4142
1688932795727,124062,4142
1688932795730,124062,4142
1688932795733,124062,4142
1688932795736,124062,4142
1688932795738,124062,4142
1688932795741,124062,4142
1688932795744,124062,4142
1688932795747,124062,4142
1688932795750,124062,4142
1688932795752,124062,4142
1688932795755,124062,4142
1688932795758,124062,4142
1688932795760,124062,4142
1688932795763,124062,4142
1688932795767,124062,4142
1688932795770,124062,4142
1688932795773,124062,4142
1688932795776,124062,4142
1688932795779,124062,4142
1688932795782,124062,4142
1688932795785,124062,4142
1688932795788,124062,4142
1688932795791,124062,4142
1688932795794,124062,4142
1688932795797,124062,4142
1688932795801,124062,4142
1688932795804,124062,4142
1688932795807,124062,4142
1688932795811,124062,4142
1688932795814,124062,4142
1688932795817,124062,4142
1688932795820,124062,4142
1688932795824,124062,4142
1688932795827,124062,4142
1688932795831,124062,4142
1688932795835,124062,4142
1688932795838,124062,4142
1688932795842,124062,4142
1688932795846,124062,4142
1688932795850,124062,4142
1688932795853,121562,4142
1688932795857,121562,4142
1688932795860,121562,4142
1688932795864,121562,4142
1688932795868,121562,4142
1688932795871,121562,4142
1688932795874,121562,4142
1688932795878,121562,4142
1688932795882,121562,4142
1688932795885,121562,4142
1688932795889,121562,4142
1688932795892,121562,4142
1688932795895,121562,4142
1688932795898,121562,4142
1688932795901,121562,4142
1688932795904,121562,4142
1688932795908,121562,4142
1688932795911,121562,4142
1688932795915,121562,4142
1688932795918,121562,4142
1688932795921,121562,4142
1688932795924,121562,4142
1688932795928,121562,4142
1688932795931,121562,4142
1688932795935,121562,4142
1688932795938,121562,4142
1688932795942,121562,4142
1688932795945,121562,4142
1688932795949,121562,4142
1688932795952,121562,4142
1688932795956,121562,4142
1688932795960,121562,4142
1688932795963,121562,4142
1688932795966,121562,4142
1688932795970,121562,4142
1688932795973,121562,4142
1688932795977,121562,4142
1688932795981,121562,4142
1688932795985,121562,4142
1688932795988,121562,4142
1688932795992,121562,4142
1688932795996,121562,4142
1688932795999,121562,4142
1688932796002,121562,4142
1688932796006,121562,4142
1688932796010,121562,4142
1688932796014,121562,4142
1688932796017,121562,4142
1688932796021,121562,4142
1688932796024,121562,4142
1688932796027,121562,4142
1688932796030,121562,4142
1688932796037,121562,4142
1688932796040,121562,4142
1688932796043,121562,4142
1688932796047,121562,4142
1688932796050,121562,4142
1688932796053,121562,4142
1688932796056,121562,4142
1688932796059,121562,4142
1688932796063,121562,4142
1688932796066,121562,4142
1688932796069,121562,4142
1688932796072,121562,4142
1688932796075,121562,4142
1688932796078,121562,4142
1688932796081,121562,4142
1688932796084,121562,4142
1688932796087,121562,4142
1688932796090,121562,4142
1688932796093,121562,4142
1688932796097,121562,4142
1688932796100,121562,4142
1688932796104,121562,4142
1688932796107,121562,4142
1688932796111,121562,4142
1688932796114,121562,4142
1688932796117,121562,4142
1688932796120,121562,4142
1688932796124,121562,4142
1688932796127,121562,4142
1688932796131,121562,4142
1688932796135,121562,4142
1688932796139,121562,4142
1688932796142,121562,4142
1688932796146,121562,4142
1688932796149,121562,4142
1688932796152,121562,4142
1688932796156,121562,4142
1688932796159,121562,4142
1688932796162,121562,4142
1688932796166,121562,4142
1688932796169,121562,4142
1688932796173,121562,4142
1688932796177,121562,4142
1688932796180,121562,4142
1688932796184,121562,4142
1688932796188,121562,4142
1688932796192,121562,4142
1688932796196,119375,4142
1688932796200,119375,4142
1688932796203,119375,4142
1688932796206,119375,4142
1688932796211,119375,4142
1688932796215,119375,4142
1688932796218,119375,4142
1688932796221,119375,4142
1688932796225,119375,4142
1688932796230,119375,4142
1688932796235,119375,4142
1688932796238,119375,4142
1688932796242,119375,4142
1688932796246,119375,4142
1688932796250,119375,4142
1688932796253,119375,4142
1688932796257,119375,4142
1688932796261,119375,4142
1688932796265,119375,4142
1688932796269,119375,4142
1688932796273,119375,4142
1688932796277,119375,4142
1688932796280,119375,4142
1688932796283,119375,4142
1688932796287,119375,4142
1688932796291,119375,4142
1688932796294,119375,4142
1688932796298,119375,4142
1688932796301,119375,4142
1688932796304,119375,4142
1688932796307,119375,4142
1688932796311,119375,4142
1688932796314,119375,4142
1688932796318,119375,4142
1688932796321,119375,4142
1688932796324,119375,4142
1688932796327,119375,4142
1688932796330,119375,4142
1688932796334,119375,4142
1688932796337,119375,4142
1688932796341,119375,4142
1688932796345,119375,4142
1688932796349,119375,4142
1688932796353,119375,4142
1688932796356,119375,4142
1688932796360,119375,4142
1688932796363,119375,4142
1688932796366,119375,4142
1688932796370,119375,4142
1688932796373,119375,4142
1688932796377,119375,4142
1688932796380,119375,4142
1688932796384,119375,4142
1688932796387,119375,4142
1688932796390,119375,4142
1688932796394,119375,4142
1688932796398,119375,4142
1688932796402,119375,4142
1688932796406,119375,4142
1688932796409,119375,4142
1688932796412,119375,4142
1688932796416,119375,4142
1688932796419,119375,4142
1688932796422,119375,4142
1688932796426,119375,4142
1688932796429,119375,4142
1688932796432,119375,4142
1688932796435,119375,4142
1688932796438,119375,4142
1688932796442,119375,4142
1688932796445,119375,4142
1688932796449,119375,4142
1688932796453,119375,4142
1688932796456,119375,4142
1688932796459,119375,4142
1688932796463,119375,4142
1688932796466,119375,4142
1688932796469,119375,4142
1688932796472,119375,4142
1688932796475,119375,4142
1688932796479,119375,4142
1688932796482,119375,4142
1688932796485,119375,4142
1688932796488,119375,4142
1688932796491,119375,4142
1688932796494,119375,4142
1688932796497,119375,4142
1688932796500,119375,4142
1688932796504,119375,4142
1688932796507,119375,4142
1688932796511,119375,4142
1688932796514,119375,4142
1688932796518,119375,4142
1688932796522,119375,4142
1688932796525,119375,4142
1688932796528,119375,4142
1688932796531,119375,4142
1688932796534,119375,4142
1688932796537,119375,4142
1688932796540,119375,4142
1688932796544,119375,4142
1688932796547,119375,4142
1688932796551,137812,4142
1688932796554,137812,4142
1688932796557,137812,4142
1688932796560,137812,4142
1688932796563,137812,4142
1688932796566,137812,4142
1688932796569,137812,4142
1688932796572,137812,4142
1688932796578,137812,4142
1688932796581,137812,4142
1688932796584,137812,4142
1688932796587,137812,4142
1688932796590,137812,4142
1688932796593,137812,4142
1688932796597,137812,4142
1688932796601,137812,4142
1688932796605,137812,4142
1688932796608,137812,4142
1688932796612,137812,4142
1688932796616,137812,4142
1688932796619,137812,4142
1688932796623,137812,4142
1688932796627,137812,4142
1688932796631,137812,4142
1688932796635,137812,4142
1688932796638,137812,4142
1688932796642,137812,4142
1688932796646,137812,4142
1688932796650,137812,4142
1688932796654,137812,4142
1688932796657,137812,4142
1688932796661,137812,4142
1688932796665,137812,4142
1688932796669,137812,4142
1688932796672,137812,4142
1688932796675,137812,4142
1688932796679,137812,4142
1688932796682,137812,4142
1688932796684,137812,4142
1688932796687,137812,4142
1688932796691,137812,4142
1688932796694,137812,4142
1688932796697,137812,4142
1688932796701,137812,4142
1688932796705,137812,4142
1688932796709,137812,4142
1688932796714,137812,4142
1688932796718,137812,4142
1688932796722,137812,4142
1688932796726,137812,4142
1688932796729,137812,4142
1688932796734,137812,4142
1688932796737,137812,4142
1688932796740,137812,4142
1688932796744,137812,4142
1688932796747,137812,4142
1688932796751,137812,4142
1688932796754,137812,4142
1688932796758,137812,4142
1688932796761,137812,4142
1688932796764,137812,4142
1688932796767,137812,4142
1688932796771,137812,4142
1688932796774,137812,4142
1688932796777,137812,4142
1688932796780,137812,4142
1688932796783,137812,4142
1688932796786,137812,4142
1688932796789,137812,4142
1688932796792,137812,4142
1688932796794,137812,4142
1688932796797,137812,4142
1688932796800,137812,4142
1688932796803,137812,4142
1688932796806,137812,4142
1688932796808,137812,4142
1688932796811,137812,4142
1688932796813,137812,4142
1688932796816,137812,4142
1688932796819,137812,4142
1688932796821,137812,4142
1688932796824,137812,4142
1688932796828,137812,4142
1688932796831,137812,4142
1688932796834,137812,4142
1688932796837,137812,4142
1688932796840,137812,4142
1688932796842,137812,4142
1688932796845,137812,4142
1688932796848,137812,4142
1688932796851,137812,4142
1688932796854,137812,4142
1688932796857,137812,4142
1688932796860,137812,4142
1688932796863,137812,4142
1688932796866,137812,4142
1688932796870,137812,4142
1688932796873,137812,4142
1688932796876,137812,4142
1688932796878,137812,4142
1688932796881,137812,4142
1688932796884,137812,4142
1688932796887,137812,4142
1688932796891,137812,4142
1688932796894,137812,4142
1688932796897,231250,4142
1688932796900,231250,4142
1688932796903,231250,4142
1688932796907,231250,4142
1688932796910,231250,4142
1688932796913,231250,4142
1688932796916,231250,4142
1688932796919,231250,4142
1688932796922,231250,4142
1688932796925,231250,4142
1688932796928,231250,4142
1688932796931,231250,4142
1688932796934,231250,4142
1688932796937,231250,4142
1688932796940,231250,4142
1688932796943,231250,4142
1688932796947,231250,4142
1688932796950,231250,4142
1688932796953,231250,4142
1688932796956,231250,4142
1688932796959,231250,4142
1688932796962,231250,4142
1688932796965,231250,4142
1688932796968,231250,4142
1688932796971,231250,4142
1688932796974,231250,4142
1688932796978,231250,4142
1688932796981,231250,4142
1688932796984,231250,4142
1688932796988,231250,4142
1688932796991,231250,4142
1688932796994,231250,4142
1688932796997,231250,4142
1688932797000,231250,4142
1688932797003,231250,4142
1688932797007,231250,4142
1688932797010,231250,4142
1688932797013,231250,4142
1688932797016,231250,4142
1688932797019,231250,4142
1688932797022,231250,4142
1688932797024,231250,4142
1688932797027,231250,4142
1688932797030,231250,4142
1688932797034,231250,4142
1688932797037,231250,4142
1688932797040,231250,4142
1688932797044,231250,4142
1688932797047,231250,4142
1688932797050,231250,4142
1688932797053,231250,4142
1688932797057,231250,4142
1688932797060,231250,4142
1688932797062,231250,4142
1688932797066,231250,4142
1688932797069,231250,4142
1688932797072,231250,4142
1688932797075,231250,4142
1688932797078,231250,4142
1688932797081,231250,4142
1688932797084,231250,4142
1688932797086,231250,4142
1688932797089,231250,4142
1688932797092,231250,4142
1688932797095,231250,4142
1688932797098,231250,4142
1688932797101,231250,4142
1688932797104,231250,4142
1688932797107,231250,4142
1688932797110,231250,4142
1688932797114,231250,4142
1688932797119,231250,4142
1688932797123,231250,4142
1688932797127,231250,4142
1688932797131,231250,4142
1688932797134,231250,4142
1688932797138,231250,4142
1688932797142,231250,4142
1688932797145,231250,4142
1688932797148,231250,4142
1688932797152,231250,4142
1688932797155,231250,4142
1688932797158,231250,4142
1688932797161,231250,4142
1688932797165,231250,4142
1688932797169,231250,4142
1688932797172,231250,4142
1688932797175,231250,4142
1688932797178,231250,4142
1688932797182,231250,4142
1688932797185,231250,4142
1688932797188,231250,4142
1688932797191,231250,4142
1688932797194,231250,4142
1688932797197,231250,4142
1688932797200,231250,4142
1688932797203,231250,4142
1688932797206,231250,4142
1688932797209,231250,4142
1688932797212,231250,4142
1688932797215,231250,4142
1688932797218,231250,4142
1688932797221,231250,4142
1688932797224,231250,4142
1688932797227,231250,4142
1688932797230,231250,4142
1688932797233,231250,4142
1688932797236,231250,4142
1688932797238,231250,4142
1688932797241,231250,4142
1688932797244,231250,4142
1688932797248,231250,4142
1688932797252,231250,4142
1688932797255,231250,4142
1688932797258,140625,4142
1688932797261,140625,4142
1688932797264,140625,4142
1688932797268,140625,4142
1688932797271,140625,4142
1688932797275,140625,4142
1688932797278,140625,4142
1688932797281,140625,4142
1688932797284,140625,4142
1688932797288,140625,4142
1688932797291,140625,4142
1688932797294,140625,4142
1688932797297,140625,4142
1688932797300,140625,4142
1688932797303,140625,4142
1688932797306,140625,4142
1688932797309,140625,4142
1688932797312,140625,4142
1688932797315,140625,4142
1688932797319,140625,4142
1688932797322,140625,4142
1688932797325,140625,4142
1688932797328,140625,4142
1688932797331,140625,4142
1688932797334,140625,4142
1688932797337,140625,4142
1688932797341,140625,4142
1688932797345,140625,4142
1688932797348,140625,4142
1688932797351,140625,4142
1688932797355,140625,4142
1688932797358,140625,4142
1688932797361,140625,4142
1688932797364,140625,4142
1688932797367,140625,4142
1688932797370,140625,4142
1688932797373,140625,4142
1688932797377,140625,4142
1688932797380,140625,4142
1688932797383,140625,4142
1688932797387,140625,4142
1688932797390,140625,4142
1688932797393,140625,4142
1688932797397,140625,4142
1688932797400,140625,4142
1688932797403,140625,4142
1688932797407,140625,4142
1688932797410,140625,4142
1688932797413,140625,4142
1688932797417,140625,4142
1688932797420,140625,4142
1688932797423,140625,4142
1688932797427,140625,4142
1688932797430,140625,4142
1688932797434,140625,4142
1688932797437,140625,4142
1688932797440,140625,4142
1688932797444,140625,4142
1688932797448,140625,4142
1688932797451,140625,4142
1688932797455,140625,4142
1688932797459,140625,4142
1688932797462,140625,4142
1688932797466,140625,4142
1688932797470,140625,4142
1688932797473,140625,4142
1688932797476,140625,4142
1688932797479,140625,4142
1688932797482,140625,4142
1688932797486,140625,4142
1688932797490,140625,4142
1688932797493,140625,4142
1688932797497,140625,4142
1688932797501,140625,4142
1688932797505,140625,4142
1688932797509,140625,4142
1688932797512,140625,4142
1688932797515,140625,4142
1688932797518,140625,4142
1688932797522,140625,4142
1688932797526,140625,4142
1688932797530,140625,4142
1688932797533,140625,4142
1688932797537,140625,4142
1688932797541,140625,4142
1688932797545,140625,4142
1688932797549,140625,4142
1688932797554,140625,4142
1688932797558,140625,4142
1688932797561,140625,4142
1688932797564,140625,4142
1688932797567,140625,4142
1688932797570,140625,4142
1688932797573,140625,4142
1688932797577,140625,4142
1688932797581,140625,4142
1688932797585,140625,4142
1688932797588,140625,4142
1688932797591,140625,4142
1688932797594,140625,4142
1688932797598,135312,4142
1688932797601,135312,4142
1688932797604,135312,4142
1688932797607,135312,4142
1688932797610,135312,4142
1688932797613,135312,4142
1688932797616,135312,4142
1688932797619,135312,4142
1688932797622,135312,4142
1688932797625,135312,4142
1688932797629,135312,4142
1688932797633,135312,4142
1688932797637,135312,4142
1688932797640,135312,4142
1688932797644,135312,4142
1688932797647,135312,4142
1688932797651,135312,4142
1688932797654,135312,4142
1688932797658,135312,4142
1688932797661,135312,4142
1688932797664,135312,4142
1688932797668,135312,4142
1688932797671,135312,4142
1688932797675,135312,4142
1688932797678,135312,4142
1688932797681,135312,4142
1688932797685,135312,4142
1688932797688,135312,4142
1688932797692,135312,4142
1688932797695,135312,4142
1688932797698,135312,4142
1688932797701,135312,4142
1688932797704,135312,4142
1688932797708,135312,4142
1688932797711,135312,4142
1688932797714,135312,4142
1688932797717,135312,4142
1688932797720,135312,4142
1688932797724,135312,4142
1688932797727,135312,4142
1688932797731,135312,4142
1688932797735,135312,4142
1688932797739,135312,4142
1688932797742,135312,4142
1688932797745,135312,4142
1688932797748,135312,4142
1688932797752,135312,4142
1688932797757,135312,4142
1688932797761,135312,4142
1688932797765,135312,4142
1688932797768,135312,4142
1688932797772,135312,4142
1688932797776,135312,4142
1688932797779,135312,4142
1688932797782,135312,4142
1688932797786,135312,4142
1688932797790,135312,4142
1688932797793,135312,4142
1688932797797,135312,4142
1688932797801,135312,4142
1688932797804,135312,4142
1688932797807,135312,4142
1688932797810,135312,4142
1688932797814,135312,4142
1688932797817,135312,4142
1688932797820,135312,4142
1688932797824,135312,4142
1688932797827,135312,4142
1688932797831,135312,4142
1688932797834,135312,4142
1688932797837,135312,4142
1688932797841,135312,4142
1688932797844,135312,4142
1688932797848,135312,4142
1688932797851,135312,4142
1688932797854,135312,4142
1688932797858,135312,4142
1688932797862,135312,4142
1688932797865,135312,4142
1688932797869,135312,4142
1688932797873,135312,4142
1688932797876,135312,4142
1688932797880,135312,4142
1688932797883,135312,4142
1688932797886,135312,4142
1688932797889,135312,4142
1688932797893,135312,4142
1688932797896,135312,4142
1688932797900,135312,4142
1688932797903,135312,4142
1688932797906,135312,4142
1688932797909,135312,4142
1688932797912,135312,4142
1688932797915,135312,4142
1688932797918,135312,4142
1688932797922,135312,4142
1688932797924,135312,4142
1688932797928,135312,4142
1688932797931,135312,4142
1688932797934,135312,4142
1688932797937,135312,4142
1688932797940,135312,4142
1688932797943,135312,4142
1688932797946,135312,4142
1688932797949,135312,4142
1688932797952,200000,4142
1688932797955,200000,4142
1688932797958,200000,4142
1688932797960,200000,4142
1688932797963,200000,4142
1688932797966,200000,4142
1688932797969,200000,4142
1688932797972,200000,4142
1688932797975,200000,4142
1688932797979,200000,4142
1688932797982,200000,4142
1688932797985,200000,4142
1688932797987,200000,4142
1688932797990,200000,4142
1688932797993,200000,4142
1688932797997,200000,4142
1688932798000,200000,4142
1688932798003,200000,4142
1688932798007,200000,4142
1688932798010,200000,4142
1688932798014,200000,4142
1688932798017,200000,4142
1688932798020,200000,4142
1688932798024,200000,4142
1688932798027,200000,4142
1688932798030,200000,4142
1688932798034,200000,4142
1688932798037,200000,4142
1688932798040,200000,4142
1688932798043,200000,4142
1688932798047,200000,4142
1688932798050,200000,4142
1688932798053,200000,4142
1688932798057,200000,4142
1688932798060,200000,4142
1688932798064,200000,4142
1688932798067,200000,4142
1688932798070,200000,4142
1688932798073,200000,4142
1688932798077,200000,4142
1688932798080,200000,4142
1688932798084,200000,4142
1688932798087,200000,4142
1688932798090,200000,4142
1688932798094,200000,4142
1688932798097,200000,4142
1688932798100,200000,4142
1688932798104,200000,4142
1688932798107,200000,4142
1688932798110,200000,4142
1688932798114,200000,4142
1688932798117,200000,4142
1688932798120,200000,4142
1688932798123,200000,4142
1688932798126,200000,4142
1688932798129,200000,4142
1688932798132,200000,4142
1688932798136,200000,4142
1688932798139,200000,4142
1688932798142,200000,4142
1688932798145,200000,4142
1688932798148,200000,4142
1688932798151,200000,4142
1688932798154,200000,4142
1688932798158,200000,4142
1688932798161,200000,4142
1688932798164,200000,4142
1688932798168,200000,4142
1688932798171,200000,4142
1688932798174,200000,4142
1688932798178,200000,4142
1688932798181,200000,4142
1688932798184,200000,4142
1688932798188,200000,4142
1688932798191,200000,4142
1688932798194,200000,4142
1688932798198,200000,4142
1688932798202,200000,4142
1688932798206,200000,4142
1688932798209,200000,4142
1688932798214,200000,4142
1688932798217,200000,4142
1688932798221,200000,4142
1688932798224,200000,4142
1688932798229,200000,4142
1688932798234,200000,4142
1688932798238,200000,4142
1688932798242,200000,4142
1688932798246,200000,4142
1688932798249,200000,4142
1688932798253,200000,4142
1688932798256,200000,4142
1688932798259,200000,4142
1688932798263,200000,4142
1688932798266,200000,4142
1688932798271,200000,4142
1688932798275,200000,4142
1688932798279,200000,4142
1688932798283,200000,4142
1688932798286,200000,4142
1688932798291,200000,4142
1688932798295,200000,4142
1688932798298,200000,4142
1688932798302,200000,4142
1688932798305,129062,4142
1688932798307,129062,4142
1688932798311,129062,4142
1688932798314,129062,4142
1688932798318,129062,4142
1688932798322,129062,4142
1688932798325,129062,4142
1688932798328,129062,4142
1688932798331,129062,4142
1688932798335,129062,4142
1688932798338,129062,4142
1688932798341,129062,4142
1688932798344,129062,4142
1688932798348,129062,4142
1688932798351,129062,4142
1688932798354,129062,4142
1688932798357,129062,4142
1688932798360,129062,4142
1688932798363,129062,4142
1688932798366,129062,4142
1688932798369,129062,4142
1688932798373,129062,4142
1688932798376,129062,4142
1688932798379,129062,4142
1688932798382,129062,4142
1688932798387,129062,4142
1688932798391,129062,4142
1688932798394,129062,4142
1688932798399,129062,4142
1688932798403,129062,4142
1688932798406,129062,4142
1688932798411,129062,4142
1688932798414,129062,4142
1688932798418,129062,4142
1688932798422,129062,4142
1688932798426,129062,4142
1688932798429,129062,4142
1688932798433,129062,4142
1688932798438,129062,4142
1688932798441,129062,4142
1688932798444,129062,4142
1688932798448,129062,4142
1688932798452,129062,4142
1688932798456,129062,4142
1688932798460,129062,4142
1688932798464,129062,4142
1688932798467,129062,4142
1688932798471,129062,4142
1688932798475,129062,4142
1688932798479,129062,4142
1688932798483,129062,4142
1688932798486,129062,4142
1688932798490,129062,4142
1688932798493,129062,4142
1688932798496,129062,4142
1688932798500,129062,4142
1688932798503,129062,4142
1688932798506,129062,4142
1688932798511,129062,4142
1688932798514,129062,4142
1688932798518,129062,4142
1688932798522,129062,4142
1688932798525,129062,4142
1688932798529,129062,4142
1688932798532,129062,4142
1688932798536,129062,4142
1688932798539,129062,4142
1688932798543,129062,4142
1688932798547,129062,4142
1688932798551,129062,4142
1688932798554,129062,4142
1688932798558,129062,4142
1688932798561,129062,4142
1688932798564,129062,4142
1688932798567,129062,4142
1688932798570,129062,4142
1688932798574,129062,4142
1688932798578,129062,4142
1688932798581,129062,4142
1688932798584,129062,4142
1688932798588,129062,4142
1688932798591,129062,4142
1688932798595,129062,4142
1688932798598,129062,4142
1688932798601,129062,4142
1688932798605,129062,4142
1688932798609,129062,4142
1688932798613,129062,4142
1688932798617,129062,4142
1688932798620,129062,4142
1688932798623,129062,4142
1688932798627,129062,4142
1688932798631,129062,4142
1688932798635,129062,4142
1688932798639,129062,4142
1688932798642,129062,4142
1688932798646,129062,4142
1688932798649,129062,4142
1688932798653,129062,4142
1688932798658,126250,4142
1688932798661,126250,4142
1688932798665,126250,4142
1688932798669,126250,4142
1688932798672,126250,4142
1688932798674,126250,4142
1688932798678,126250,4142
1688932798682,126250,4142
1688932798685,126250,4142
1688932798689,126250,4142
1688932798693,126250,4142
1688932798697,126250,4142
1688932798700,126250,4142
1688932798704,126250,4142
1688932798708,126250,4142
1688932798712,126250,4142
1688932798716,126250,4142
1688932798720,126250,4142
1688932798724,126250,4142
1688932798727,126250,4142
1688932798731,126250,4142
1688932798734,126250,4142
1688932798738,126250,4142
1688932798743,126250,4142
1688932798746,126250,4142
1688932798749,126250,4142
1688932798752,126250,4142
1688932798755,126250,4142
1688932798758,126250,4142
1688932798761,126250,4142
1688932798764,126250,4142
1688932798767,126250,4142
1688932798771,126250,4142
1688932798775,126250,4142
1688932798779,126250,4142
1688932798782,126250,4142
1688932798786,126250,4142
1688932798789,126250,4142
1688932798793,126250,4142
1688932798796,126250,4142
1688932798800,126250,4142
1688932798803,126250,4142
1688932798807,126250,4142
1688932798811,126250,4142
1688932798814,126250,4142
1688932798818,126250,4142
1688932798821,126250,4142
1688932798825,126250,4142
1688932798828,126250,4142
1688932798831,126250,4142
1688932798834,126250,4142
1688932798837,126250,4142
1688932798841,126250,4142
1688932798844,126250,4142
1688932798847,126250,4142
1688932798851,126250,4142
1688932798854,126250,4142
1688932798858,126250,4142
1688932798862,126250,4142
1688932798865,126250,4142
1688932798869,126250,4142
1688932798873,126250,4142
1688932798877,126250,4142
1688932798881,126250,4142
1688932798885,126250,4142
1688932798889,126250,4142
1688932798892,126250,4142
1688932798896,126250,4142
1688932798899,126250,4142
1688932798903,126250,4142
1688932798907,126250,4142
1688932798911,126250,4142
1688932798915,126250,4142
1688932798918,126250,4142
1688932798922,126250,4142
1688932798925,126250,4142
1688932798928,126250,4142
1688932798931,126250,4142
1688932798935,126250,4142
1688932798938,126250,4142
1688932798942,126250,4142
1688932798945,126250,4142
1688932798949,126250,4142
1688932798953,126250,4142
1688932798957,126250,4142
1688932798960,126250,4142
1688932798964,126250,4142
1688932798968,126250,4142
1688932798972,126250,4142
1688932798976,126250,4142
1688932798979,126250,4142
1688932798982,126250,4142
1688932798985,126250,4142
1688932798988,126250,4142
1688932798992,126250,4142
1688932798996,126250,4142
1688932799000,136562,4142
1688932799003,136562,4142
1688932799007,136562,4142
1688932799010,136562,4142
1688932799013,136562,4142
1688932799016,136562,4142
1688932799019,136562,4142
1688932799021,136562,4142
1688932799024,136562,4142
1688932799027,136562,4142
1688932799030,136562,4142
1688932799033,136562,4142
1688932799037,136562,4142
1688932799040,136562,4142
1688932799043,136562,4142
1688932799047,136562,4142
1688932799050,136562,4142
1688932799053,136562,4142
1688932799056,136562,4142
1688932799059,136562,4142
1688932799062,136562,4142
1688932799065,136562,4142
1688932799068,136562,4142
1688932799071,136562,4142
1688932799074,136562,4142
1688932799077,136562,4142
1688932799080,136562,4142
1688932799083,136562,4142
1688932799086,136562,4142
1688932799089,136562,4142
1688932799092,136562,4142
1688932799095,136562,4142
1688932799098,136562,4142
1688932799102,136562,4142
1688932799105,136562,4142
1688932799108,136562,4142
1688932799111,136562,4142
1688932799114,136562,4142
1688932799117,136562,4142
1688932799120,136562,4142
1688932799124,136562,4142
1688932799127,136562,4142
1688932799130,136562,4142
1688932799133,136562,4142
1688932799136,136562,4142
1688932799139,136562,4142
1688932799142,136562,4142
1688932799146,136562,4142
1688932799149,136562,4142
1688932799152,136562,4142
1688932799155,136562,4142
1688932799158,136562,4142
1688932799160,136562,4142
1688932799163,136562,4142
1688932799166,136562,4142
1688932799168,136562,4142
1688932799171,136562,4142
1688932799174,136562,4142
1688932799176,136562,4142
1688932799179,136562,4142
1688932799182,136562,4142
1688932799185,136562,4142
1688932799188,136562,4142
1688932799191,136562,4142
1688932799194,136562,4142
1688932799197,136562,4142
1688932799200,136562,4142
1688932799203,136562,4142
1688932799207,136562,4142
1688932799210,136562,4142
1688932799213,136562,4142
1688932799216,136562,4142
1688932799219,136562,4142
1688932799222,136562,4142
1688932799226,136562,4142
1688932799229,136562,4142
1688932799232,136562,4142
1688932799236,136562,4142
1688932799239,136562,4142
1688932799242,136562,4142
1688932799245,136562,4142
1688932799249,136562,4142
1688932799252,136562,4142
1688932799256,136562,4142
1688932799259,136562,4142
1688932799262,136562,4142
1688932799265,136562,4142
1688932799268,136562,4142
1688932799272,136562,4142
1688932799275,136562,4142
1688932799278,136562,4142
1688932799282,136562,4142
1688932799285,136562,4142
1688932799288,136562,4142
1688932799291,136562,4142
1688932799295,136562,4142
1688932799299,136562,4142
1688932799302,136562,4142
1688932799305,136562,4142
1688932799308,136562,4142
1688932799311,136562,4142
1688932799315,136562,4142
1688932799318,136562,4142
1688932799321,136562,4142
1688932799325,136562,4142
1688932799328,136562,4142
1688932799331,136562,4142
1688932799335,136562,4142
1688932799338,136562,4142
1688932799341,136562,4142
1688932799345,136562,4142
1688932799348,136562,4142
1688932799352,136562,4142
1688932799355,118437,4142
1688932799358,118437,4142
1688932799362,118437,4142
1688932799365,118437,4142
1688932799369,118437,4142
1688932799373,118437,4142
1688932799377,118437,4142
1688932799380,118437,4142
1688932799383,118437,4142
1688932799386,118437,4142
1688932799390,118437,4142
1688932799393,118437,4142
1688932799397,118437,4142
1688932799400,118437,4142
1688932799404,118437,4142
1688932799407,118437,4142
1688932799411,118437,4142
1688932799415,118437,4142
1688932799418,118437,4142
1688932799421,118437,4142
1688932799425,118437,4142
1688932799429,118437,4142
1688932799433,118437,4142
1688932799437,118437,4142
1688932799440,118437,4142
1688932799444,118437,4142
1688932799447,118437,4142
1688932799451,118437,4142
1688932799455,118437,4142
1688932799458,118437,4142
1688932799462,118437,4142
1688932799466,118437,4142
1688932799469,118437,4142
1688932799473,118437,4142
1688932799477,118437,4142
1688932799480,118437,4142
1688932799484,118437,4142
1688932799488,118437,4142
1688932799492,118437,4142
1688932799495,118437,4142
1688932799498,118437,4142
1688932799502,118437,4142
1688932799506,118437,4142
1688932799510,118437,4142
1688932799513,118437,4142
1688932799516,118437,4142
1688932799519,118437,4142
1688932799523,118437,4142
1688932799527,118437,4142
1688932799531,118437,4142
1688932799534,118437,4142
1688932799538,118437,4142
1688932799541,118437,4142
1688932799544,118437,4142
1688932799547,118437,4142
1688932799551,118437,4142
1688932799554,118437,4142
1688932799557,118437,4142
1688932799560,118437,4142
1688932799563,118437,4142
1688932799567,118437,4142
1688932799571,118437,4142
1688932799574,118437,4142
1688932799578,118437,4142
1688932799581,118437,4142
1688932799585,118437,4142
1688932799589,118437,4142
1688932799592,118437,4142
1688932799595,118437,4142
1688932799598,118437,4142
1688932799601,118437,4142
1688932799604,118437,4142
1688932799607,118437,4142
1688932799611,118437,4142
1688932799614,118437,4142
1688932799617,118437,4142
1688932799620,118437,4142
1688932799624,118437,4142
1688932799627,118437,4142
1688932799631,118437,4142
1688932799634,118437,4142
1688932799638,118437,4142
1688932799641,118437,4142
1688932799645,118437,4142
1688932799647,118437,4142
1688932799650,118437,4142
1688932799654,118437,4142
1688932799657,118437,4142
1688932799660,118437,4142
1688932799663,118437,4142
1688932799667,118437,4142
1688932799670,118437,4142
1688932799674,118437,4142
1688932799677,118437,4142
1688932799681,118437,4142
1688932799685,118437,4142
1688932799689,118437,4142
1688932799692,118437,4142
1688932799696,118437,4142
1688932799699,119687,4142
1688932799703,119687,4142
1688932799707,119687,4142
1688932799710,119687,4142
1688932799713,119687,4142
1688932799718,119687,4142
1688932799722,119687,4142
1688932799725,119687,4142
1688932799729,119687,4142
1688932799732,119687,4142
1688932799736,119687,4142
1688932799740,119687,4142
1688932799743,119687,4142
1688932799747,119687,4142
1688932799750,119687,4142
1688932799754,119687,4142
1688932799757,119687,4142
1688932799761,119687,4142
1688932799764,119687,4142
1688932799768,119687,4142
1688932799772,119687,4142
1688932799775,119687,4142
1688932799778,119687,4142
1688932799781,119687,4142
1688932799784,119687,4142
1688932799787,119687,4142
1688932799791,119687,4142
1688932799796,119687,4142
1688932799800,119687,4142
1688932799803,119687,4142
1688932799806,119687,4142
1688932799810,119687,4142
1688932799813,119687,4142
1688932799817,119687,4142
1688932799820,119687,4142
1688932799823,119687,4142
1688932799827,119687,4142
1688932799830,119687,4142
1688932799834,119687,4142
1688932799838,119687,4142
1688932799841,119687,4142
1688932799844,119687,4142
1688932799849,119687,4142
1688932799852,119687,4142
1688932799856,119687,4142
1688932799859,119687,4142
1688932799862,119687,4142
1688932799865,119687,4142
1688932799869,119687,4142
1688932799873,119687,4142
1688932799877,119687,4142
1688932799881,119687,4142
1688932799884,119687,4142
1688932799888,119687,4142
1688932799891,119687,4142
1688932799895,119687,4142
1688932799898,119687,4142
1688932799902,119687,4142
1688932799905,119687,4142
1688932799908,119687,4142
1688932799912,119687,4142
1688932799915,119687,4142
1688932799918,119687,4142
1688932799922,119687,4142
1688932799925,119687,4142
1688932799928,119687,4142
1688932799932,119687,4142
1688932799936,119687,4142
1688932799939,119687,4142
1688932799942,119687,4142
1688932799945,119687,4142
1688932799949,119687,4142
1688932799952,119687,4142
1688932799955,119687,4142
1688932799957,119687,4142
1688932799960,119687,4142
1688932799965,119687,4142
1688932799968,119687,4142
1688932799971,119687,4142
1688932799974,119687,4142
1688932799978,119687,4142
1688932799982,119687,4142
1688932799985,119687,4142
1688932799989,119687,4142
1688932799993,119687,4142
1688932799997,119687,4142
1688932800001,119687,4142
1688932800006,119687,4142
1688932800027,119687,4142
1688932800032,119687,4142
1688932800037,119687,4142
1688932800044,119687,4142
1688932800051,119687,4142
1688932800054,119687,4142
1688932800058,528125,4142
1688932800061,528125,4142
1688932800064,528125,4142
1688932800066,528125,4142
1688932800069,528125,4142
1688932800071,528125,4142
1688932800074,528125,4142
1688932800080,528125,4142
1688932800083,528125,4142
1688932800085,528125,4142
1688932800087,528125,4142
1688932800089,528125,4142
1688932800091,528125,4142
1688932800094,528125,4142
1688932800097,528125,4142
1688932800101,528125,4142
1688932800104,528125,4142
1688932800106,528125,4142
1688932800109,528125,4142
1688932800112,528125,4142
1688932800114,528125,4142
1688932800116,528125,4142
1688932800119,528125,4142
1688932800121,528125,4142
1688932800124,528125,4142
1688932800126,528125,4142
1688932800128,528125,4142
1688932800131,528125,4142
1688932800133,528125,4142
1688932800136,528125,4142
1688932800139,528125,4142
1688932800142,528125,4142
1688932800145,528125,4142
1688932800147,528125,4142
1688932800150,528125,4142
1688932800152,528125,4142
1688932800155,528125,4142
1688932800157,528125,4142
1688932800160,528125,4142
1688932800164,528125,4142
1688932800166,528125,4142
1688932800168,528125,4142
1688932800170,528125,4142
1688932800173,528125,4142
1688932800176,528125,4142
1688932800178,528125,4142
1688932800180,528125,4142
1688932800183,528125,4142
1688932800186,528125,4142
1688932800188,528125,4142
1688932800191,528125,4142
1688932800193,528125,4142
1688932800196,528125,4142
1688932800199,528125,4142
1688932800201,528125,4142
1688932800204,528125,4142
1688932800206,528125,4142
1688932800209,528125,4142
1688932800211,528125,4142
1688932800214,528125,4142
1688932800216,528125,4142
1688932800218,528125,4142
1688932800221,528125,4142
1688932800223,528125,4142
1688932800226,528125,4142
1688932800228,528125,4142
1688932800231,528125,4142
1688932800233,528125,4142
1688932800236,528125,4142
1688932800238,528125,4142
1688932800241,528125,4142
1688932800243,528125,4142
1688932800246,528125,4142
1688932800248,528125,4142
1688932800251,528125,4142
1688932800253,528125,4142
1688932800255,528125,4142
1688932800258,528125,4142
1688932800260,528125,4142
1688932800266,528125,4142
1688932800269,528125,4142
1688932800272,528125,4142
1688932800274,528125,4142
1688932800277,528125,4142
1688932800280,528125,4142
1688932800283,528125,4142
1688932800285,528125,4142
1688932800289,528125,4142
1688932800291,528125,4142
1688932800293,528125,4142
1688932800296,528125,4142
1688932800298,528125,4142
1688932800300,528125,4142
1688932800303,528125,4142
1688932800305,528125,4142
1688932800308,528125,4142
1688932800312,528125,4142
1688932800316,528125,4142
1688932800320,528125,4142
1688932800323,528125,4142
1688932800325,528125,4142
1688932800327,528125,4142
1688932800330,528125,4142
1688932800332,528125,4142
1688932800335,528125,4142
1688932800337,528125,4142
1688932800340,528125,4142
1688932800343,528125,4142
1688932800345,528125,4142
1688932800347,528125,4142
1688932800350,528125,4142
1688932800353,528125,4142
1688932800355,528125,4142
1688932800358,528125,4142
1688932800360,528125,4142
1688932800363,528125,4142
1688932800366,528125,4142
1688932800368,528125,4142
1688932800371,528125,4142
1688932800373,528125,4142
1688932800376,528125,4142
1688932800378,528125,4142
1688932800380,528125,4142
1688932800383,528125,4142
1688932800386,528125,4142
1688932800388,528125,4142
1688932800390,528125,4142
1688932800393,528125,4142
1688932800395,528125,4142
1688932800398,528125,4142
1688932800400,528125,4142
1688932800402,528125,4142
1688932800404,528125,4142
1688932800407,336562,4142
1688932800409,336562,4142
1688932800411,336562,4142
1688932800414,336562,4142
1688932800416,336562,4142
1688932800419,336562,4142
1688932800421,336562,4142
1688932800423,336562,4142
1688932800426,336562,4142
1688932800429,336562,4142
1688932800432,336562,4142
1688932800435,336562,4142
1688932800438,336562,4142
1688932800441,336562,4142
1688932800444,336562,4142
1688932800447,336562,4142
1688932800452,336562,4142
1688932800455,336562,4142
1688932800458,336562,4142
1688932800460,336562,4142
1688932800463,336562,4142
1688932800466,336562,4142
1688932800469,336562,4142
1688932800471,336562,4142
1688932800474,336562,4142
1688932800476,336562,4142
1688932800479,336562,4142
1688932800481,336562,4142
1688932800484,336562,4142
1688932800486,336562,4142
1688932800489,336562,4142
1688932800492,336562,4142
1688932800497,336562,4142
1688932800503,336562,4142
1688932800509,336562,4142
1688932800515,336562,4142
1688932800520,336562,4142
1688932800525,336562,4142
1688932800530,336562,4142
1688932800536,336562,4142
1688932800542,336562,4142
1688932800547,336562,4142
1688932800553,336562,4142
1688932800558,336562,4142
1688932800563,336562,4142
1688932800568,336562,4142
1688932800573,336562,4142
1688932800579,336562,4142
1688932800585,336562,4142
1688932800589,336562,4142
1688932800594,336562,4142
1688932800596,336562,4142
1688932800599,336562,4142
1688932800601,336562,4142
1688932800603,336562,4142
1688932800606,336562,4142
1688932800608,336562,4142
1688932800611,336562,4142
1688932800613,336562,4142
1688932800616,336562,4142
1688932800618,336562,4142
1688932800621,336562,4142
1688932800623,336562,4142
1688932800625,336562,4142
1688932800627,336562,4142
1688932800630,336562,4142
1688932800632,336562,4142
1688932800634,336562,4142
1688932800637,336562,4142
1688932800639,336562,4142
1688932800641,336562,4142
1688932800643,336562,4142
1688932800646,336562,4142
1688932800648,336562,4142
1688932800651,336562,4142
1688932800653,336562,4142
1688932800655,336562,4142
1688932800657,336562,4142
1688932800662,336562,4142
1688932800664,336562,4142
1688932800668,336562,4142
1688932800671,336562,4142
1688932800673,336562,4142
1688932800676,336562,4142
1688932800678,336562,4142
1688932800681,336562,4142
1688932800683,336562,4142
1688932800686,336562,4142
1688932800688,336562,4142
1688932800691,336562,4142
1688932800694,336562,4142
1688932800696,336562,4142
1688932800699,336562,4142
1688932800702,336562,4142
1688932800704,336562,4142
1688932800708,336562,4142
1688932800710,336562,4142
1688932800712,336562,4142
1688932800715,336562,4142
1688932800717,336562,4142
1688932800719,336562,4142
1688932800721,336562,4142
1688932800723,336562,4142
1688932800726,336562,4142
1688932800728,336562,4142
1688932800731,336562,4142
1688932800734,336562,4142
1688932800737,336562,4142
1688932800740,336562,4142
1688932800743,336562,4142
1688932800746,336562,4142
1688932800749,336562,4142
1688932800752,336562,4142
1688932800755,336562,4142
1688932800759,336562,4142
1688932800762,202500,4142
1688932800765,202500,4142
1688932800768,202500,4142
1688932800772,202500,4142
1688932800775,202500,4142
1688932800779,202500,4142
1688932800783,202500,4142
1688932800786,202500,4142
1688932800789,202500,4142
1688932800793,202500,4142
1688932800797,202500,4142
1688932800800,202500,4142
1688932800803,202500,4142
1688932800807,202500,4142
1688932800811,202500,4142
1688932800814,202500,4142
1688932800817,202500,4142
1688932800821,202500,4142
1688932800825,202500,4142
1688932800829,202500,4142
1688932800833,202500,4142
1688932800837,202500,4142
1688932800840,202500,4142
1688932800844,202500,4142
1688932800847,202500,4142
1688932800851,202500,4142
1688932800854,202500,4142
1688932800857,202500,4142
1688932800860,202500,4142
1688932800863,202500,4142
1688932800867,202500,4142
1688932800871,202500,4142
1688932800875,202500,4142
1688932800878,202500,4142
1688932800881,202500,4142
1688932800884,202500,4142
1688932800887,202500,4142
1688932800890,202500,4142
1688932800894,202500,4142
1688932800897,202500,4142
1688932800900,202500,4142
1688932800905,202500,4142
1688932800908,202500,4142
1688932800911,202500,4142
1688932800915,202500,4142
1688932800918,202500,4142
1688932800921,202500,4142
1688932800924,202500,4142
1688932800927,202500,4142
1688932800930,202500,4142
1688932800933,202500,4142
1688932800937,202500,4142
1688932800941,202500,4142
1688932800944,202500,4142
1688932800947,202500,4142
1688932800951,202500,4142
1688932800954,202500,4142
1688932800958,202500,4142
1688932800961,202500,4142
1688932800965,202500,4142
1688932800968,202500,4142
1688932800971,202500,4142
1688932800974,202500,4142
1688932800978,202500,4142
1688932800981,202500,4142
1688932800984,202500,4142
1688932800987,202500,4142
1688932800990,202500,4142
1688932800993,202500,4142
1688932800996,202500,4142
1688932801000,202500,4142
1688932801004,202500,4142
1688932801007,202500,4142
1688932801011,202500,4142
1688932801014,202500,4142
1688932801017,202500,4142
1688932801020,202500,4142
1688932801024,202500,4142
1688932801028,202500,4142
1688932801031,202500,4142
1688932801034,202500,4142
1688932801037,202500,4142
1688932801040,202500,4142
1688932801044,202500,4142
1688932801047,202500,4142
1688932801053,202500,4142
1688932801056,202500,4142
1688932801059,202500,4142
1688932801062,202500,4142
1688932801065,202500,4142
1688932801068,202500,4142
1688932801071,202500,4142
1688932801074,202500,4142
1688932801077,202500,4142
1688932801081,202500,4142
1688932801084,202500,4142
1688932801087,202500,4142
1688932801091,202500,4142
1688932801094,202500,4142
1688932801098,202500,4142
1688932801101,202500,4142
1688932801104,202500,4142
1688932801108,111875,4142
1688932801111,111875,4142
1688932801114,111875,4142
1688932801118,111875,4142
1688932801121,111875,4142
1688932801125,111875,4142
1688932801128,111875,4142
1688932801131,111875,4142
1688932801134,111875,4142
1688932801137,111875,4142
1688932801141,111875,4142
1688932801144,111875,4142
1688932801147,111875,4142
1688932801150,111875,4142
1688932801154,111875,4142
1688932801157,111875,4142
1688932801160,111875,4142
1688932801164,111875,4142
1688932801167,111875,4142
1688932801171,111875,4142
1688932801174,111875,4142
1688932801177,111875,4142
1688932801181,111875,4142
1688932801185,111875,4142
1688932801188,111875,4142
1688932801191,111875,4142
1688932801195,111875,4142
1688932801199,111875,4142
1688932801202,111875,4142
1688932801206,111875,4142
1688932801209,111875,4142
1688932801212,111875,4142
1688932801215,111875,4142
1688932801218,111875,4142
1688932801222,111875,4142
1688932801225,111875,4142
1688932801228,111875,4142
1688932801231,111875,4142
1688932801235,111875,4142
1688932801239,111875,4142
1688932801243,111875,4142
1688932801246,111875,4142
1688932801251,111875,4142
1688932801254,111875,4142
1688932801257,111875,4142
1688932801261,111875,4142
1688932801265,111875,4142
1688932801268,111875,4142
1688932801272,111875,4142
1688932801275,111875,4142
1688932801279,111875,4142
1688932801282,111875,4142
1688932801285,111875,4142
1688932801288,111875,4142
1688932801291,111875,4142
1688932801294,111875,4142
1688932801297,111875,4142
1688932801300,111875,4142
1688932801303,111875,4142
1688932801306,111875,4142
1688932801309,111875,4142
1688932801312,111875,4142
1688932801314,111875,4142
1688932801317,111875,4142
1688932801320,111875,4142
1688932801323,111875,4142
1688932801326,111875,4142
1688932801329,111875,4142
1688932801332,111875,4142
1688932801335,111875,4142
1688932801338,111875,4142
1688932801341,111875,4142
1688932801344,111875,4142
1688932801347,111875,4142
1688932801350,111875,4142
1688932801353,111875,4142
1688932801356,111875,4142
1688932801359,111875,4142
1688932801362,111875,4142
1688932801365,111875,4142
1688932801368,111875,4142
1688932801371,111875,4142
1688932801374,111875,4142
1688932801377,111875,4142
1688932801380,111875,4142
1688932801383,111875,4142
1688932801387,111875,4142
1688932801390,111875,4142
1688932801393,111875,4142
1688932801396,111875,4142
1688932801399,111875,4142
1688932801402,111875,4142
1688932801405,111875,4142
1688932801408,111875,4142
1688932801411,111875,4142
1688932801414,111875,4142
1688932801417,111875,4142
1688932801420,111875,4142
1688932801423,111875,4142
1688932801426,111875,4142
1688932801429,111875,4142
1688932801432,111875,4142
1688932801435,111875,4142
1688932801438,111875,4142
1688932801441,111875,4142
1688932801444,111875,4142
1688932801447,111875,4142
1688932801450,111875,4142
1688932801453,111875,4142
1688932801456,111875,4142
1688932801459,194062,4142
1688932801461,194062,4142
1688932801464,194062,4142
1688932801468,194062,4142
1688932801470,194062,4142
1688932801473,194062,4142
1688932801476,194062,4142
1688932801479,194062,4142
1688932801482,194062,4142
1688932801485,194062,4142
1688932801488,194062,4142
1688932801491,194062,4142
1688932801494,194062,4142
1688932801497,194062,4142
1688932801500,194062,4142
1688932801504,194062,4142
1688932801507,194062,4142
1688932801510,194062,4142
1688932801513,194062,4142
1688932801516,194062,4142
1688932801519,194062,4142
1688932801522,194062,4142
1688932801525,194062,4142
1688932801528,194062,4142
1688932801531,194062,4142
1688932801534,194062,4142
1688932801537,194062,4142
1688932801540,194062,4142
1688932801545,194062,4142
1688932801548,194062,4142
1688932801551,194062,4142
1688932801554,194062,4142
1688932801558,194062,4142
1688932801561,194062,4142
1688932801564,194062,4142
1688932801568,194062,4142
1688932801571,194062,4142
1688932801575,194062,4142
1688932801578,194062,4142
1688932801581,194062,4142
1688932801584,194062,4142
1688932801587,194062,4142
1688932801591,194062,4142
1688932801594,194062,4142
1688932801598,194062,4142
1688932801601,194062,4142
1688932801605,194062,4142
1688932801609,194062,4142
1688932801612,194062,4142
1688932801616,194062,4142
1688932801620,194062,4142
1688932801623,194062,4142
1688932801627,194062,4142
1688932801632,194062,4142
1688932801635,194062,4142
1688932801639,194062,4142
1688932801642,194062,4142
1688932801645,194062,4142
1688932801648,194062,4142
1688932801651,194062,4142
1688932801655,194062,4142
1688932801658,194062,4142
1688932801661,194062,4142
1688932801664,194062,4142
1688932801668,194062,4142
1688932801671,194062,4142
1688932801674,194062,4142
1688932801677,194062,4142
1688932801680,194062,4142
1688932801683,194062,4142
1688932801686,194062,4142
1688932801689,194062,4142
1688932801692,194062,4142
1688932801696,194062,4142
1688932801700,194062,4142
1688932801703,194062,4142
1688932801707,194062,4142
1688932801711,194062,4142
1688932801714,194062,4142
1688932801718,194062,4142
1688932801721,194062,4142
1688932801724,194062,4142
1688932801728,194062,4142
1688932801732,194062,4142
1688932801735,194062,4142
1688932801739,194062,4142
1688932801743,194062,4142
1688932801747,194062,4142
1688932801750,194062,4142
1688932801754,194062,4142
1688932801757,194062,4142
1688932801761,194062,4142
1688932801764,194062,4142
1688932801767,194062,4142
1688932801770,194062,4142
1688932801773,194062,4142
1688932801776,194062,4142
1688932801779,194062,4142
1688932801782,194062,4142
1688932801785,194062,4142
1688932801787,194062,4142
1688932801790,194062,4142
1688932801793,194062,4142
1688932801796,194062,4142
1688932801799,194062,4142
1688932801802,194062,4142
1688932801805,194062,4142
1688932801809,145937,4142
1688932801812,145937,4142
1688932801815,145937,4142
1688932801818,145937,4142
1688932801821,145937,4142
1688932801824,145937,4142
1688932801827,145937,4142
1688932801831,145937,4142
1688932801834,145937,4142
1688932801837,145937,4142
1688932801840,145937,4142
1688932801844,145937,4142
1688932801847,145937,4142
1688932801851,145937,4142
1688932801854,145937,4142
1688932801857,145937,4142
1688932801860,145937,4142
1688932801864,145937,4142
1688932801868,145937,4142
1688932801872,145937,4142
1688932801875,145937,4142
1688932801879,145937,4142
1688932801883,145937,4142
1688932801886,145937,4142
1688932801889,145937,4142
1688932801892,145937,4142
1688932801896,145937,4142
1688932801899,145937,4142
1688932801902,145937,4142
1688932801905,145937,4142
1688932801908,145937,4142
1688932801911,145937,4142
1688932801914,145937,4142
1688932801916,145937,4142
1688932801920,145937,4142
1688932801924,145937,4142
1688932801927,145937,4142
1688932801931,145937,4142
1688932801936,145937,4142
1688932801940,145937,4142
1688932801943,145937,4142
1688932801947,145937,4142
1688932801952,145937,4142
1688932801955,145937,4142
1688932801958,145937,4142
1688932801962,145937,4142
1688932801965,145937,4142
1688932801968,145937,4142
1688932801971,145937,4142
1688932801974,145937,4142
1688932801977,145937,4142
1688932801981,145937,4142
1688932801984,145937,4142
1688932801988,145937,4142
1688932801991,145937,4142
1688932801995,145937,4142
1688932801998,145937,4142
1688932802002,145937,4142
1688932802006,145937,4142
1688932802010,145937,4142
1688932802014,145937,4142
1688932802018,145937,4142
1688932802021,145937,4142
1688932802025,145937,4142
1688932802028,145937,4142
1688932802031,145937,4142
1688932802035,145937,4142
1688932802038,145937,4142
1688932802042,145937,4142
1688932802046,145937,4142
1688932802049,145937,4142
1688932802052,145937,4142
1688932802056,145937,4142
1688932802059,145937,4142
1688932802062,145937,4142
1688932802065,145937,4142
1688932802067,145937,4142
1688932802071,145937,4142
1688932802074,145937,4142
1688932802077,145937,4142
1688932802082,145937,4142
1688932802085,145937,4142
1688932802089,145937,4142
1688932802092,145937,4142
1688932802096,145937,4142
1688932802100,145937,4142
1688932802104,145937,4142
1688932802107,145937,4142
1688932802111,145937,4142
1688932802115,145937,4142
1688932802119,145937,4142
1688932802122,145937,4142
1688932802125,145937,4142
1688932802128,145937,4142
1688932802131,145937,4142
1688932802134,145937,4142
1688932802137,145937,4142
1688932802141,145937,4142
1688932802146,145937,4142
1688932802149,145937,4142
1688932802152,145937,4142
1688932802156,120000,4142
1688932802159,120000,4142
1688932802163,120000,4142
1688932802167,120000,4142
1688932802171,120000,4142
1688932802175,120000,4142
1688932802178,120000,4142
1688932802181,120000,4142
1688932802184,120000,4142
1688932802188,120000,4142
1688932802191,120000,4142
1688932802195,120000,4142
1688932802198,120000,4142
1688932802202,120000,4142
1688932802205,120000,4142
1688932802208,120000,4142
1688932802212,120000,4142
1688932802216,120000,4142
1688932802220,120000,4142
1688932802223,120000,4142
1688932802226,120000,4142
1688932802230,120000,4142
1688932802234,120000,4142
1688932802238,120000,4142
1688932802241,120000,4142
1688932802245,120000,4142
1688932802249,120000,4142
1688932802253,120000,4142
1688932802257,120000,4142
1688932802261,120000,4142
1688932802264,120000,4142
1688932802268,120000,4142
1688932802272,120000,4142
1688932802277,120000,4142
1688932802280,120000,4142
1688932802283,120000,4142
1688932802286,120000,4142
1688932802290,120000,4142
1688932802294,120000,4142
1688932802298,120000,4142
1688932802302,120000,4142
1688932802305,120000,4142
1688932802309,120000,4142
1688932802312,120000,4142
1688932802315,120000,4142
1688932802318,120000,4142
1688932802321,120000,4142
1688932802324,120000,4142
1688932802327,120000,4142
1688932802331,120000,4142
1688932802334,120000,4142
1688932802337,120000,4142
1688932802340,120000,4142
1688932802343,120000,4142
1688932802347,120000,4142
1688932802351,120000,4142
1688932802355,120000,4142
1688932802359,120000,4142
1688932802363,120000,4142
1688932802366,120000,4142
1688932802369,120000,4142
1688932802373,120000,4142
1688932802376,120000,4142
1688932802379,120000,4142
1688932802383,120000,4142
1688932802387,120000,4142
1688932802391,120000,4142
1688932802394,120000,4142
1688932802397,120000,4142
1688932802401,120000,4142
1688932802404,120000,4142
1688932802407,120000,4142
1688932802411,120000,4142
1688932802414,120000,4142
1688932802417,120000,4142
1688932802420,120000,4142
1688932802423,120000,4142
1688932802426,120000,4142
1688932802430,120000,4142
1688932802433,120000,4142
1688932802436,120000,4142
1688932802439,120000,4142
1688932802442,120000,4142
1688932802445,120000,4142
1688932802448,120000,4142
1688932802451,120000,4142
1688932802454,120000,4142
1688932802457,120000,4142
1688932802460,120000,4142
1688932802463,120000,4142
1688932802466,120000,4142
1688932802469,120000,4142
1688932802473,120000,4142
1688932802476,120000,4142
1688932802479,120000,4142
1688932802482,120000,4142
1688932802486,120000,4142
1688932802489,120000,4142
1688932802492,120000,4142
1688932802496,120000,4142
1688932802498,120000,4142
1688932802502,208125,4142
1688932802505,208125,4142
1688932802508,208125,4142
1688932802511,208125,4142
1688932802514,208125,4142
1688932802517,208125,4142
1688932802520,208125,4142
1688932802523,208125,4142
1688932802526,208125,4142
1688932802530,208125,4142
1688932802533,208125,4142
1688932802536,208125,4142
1688932802539,208125,4142
1688932802543,208125,4142
1688932802546,208125,4142
1688932802549,208125,4142
1688932802552,208125,4142
1688932802555,208125,4142
1688932802559,208125,4142
1688932802562,208125,4142
1688932802564,208125,4142
1688932802567,208125,4142
1688932802570,208125,4142
1688932802573,208125,4142
1688932802576,208125,4142
1688932802579,208125,4142
1688932802582,208125,4142
1688932802585,208125,4142
1688932802587,208125,4142
1688932802590,208125,4142
1688932802593,208125,4142
1688932802596,208125,4142
1688932802599,208125,4142
1688932802601,208125,4142
1688932802604,208125,4142
1688932802607,208125,4142
1688932802609,208125,4142
1688932802613,208125,4142
1688932802616,208125,4142
1688932802619,208125,4142
1688932802623,208125,4142
1688932802626,208125,4142
1688932802629,208125,4142
1688932802633,208125,4142
1688932802636,208125,4142
1688932802639,208125,4142
1688932802642,208125,4142
1688932802646,208125,4142
1688932802649,208125,4142
1688932802652,208125,4142
1688932802655,208125,4142
1688932802658,208125,4142
1688932802661,208125,4142
1688932802664,208125,4142
1688932802668,208125,4142
1688932802672,208125,4142
1688932802675,208125,4142
1688932802678,208125,4142
1688932802681,208125,4142
1688932802684,208125,4142
1688932802687,208125,4142
1688932802691,208125,4142
1688932802694,208125,4142
1688932802698,208125,4142
1688932802701,208125,4142
1688932802704,208125,4142
1688932802708,208125,4142
1688932802712,208125,4142
1688932802715,208125,4142
1688932802718,208125,4142
1688932802721,208125,4142
1688932802724,208125,4142
1688932802729,208125,4142
1688932802733,208125,4142
1688932802736,208125,4142
1688932802739,208125,4142
1688932802743,208125,4142
1688932802746,208125,4142
1688932802750,208125,4142
1688932802753,208125,4142
1688932802757,208125,4142
1688932802760,208125,4142
1688932802764,208125,4142
1688932802767,208125,4142
1688932802771,208125,4142
1688932802775,208125,4142
1688932802779,208125,4142
1688932802782,208125,4142
1688932802785,208125,4142
1688932802788,208125,4142
1688932802791,208125,4142
1688932802794,208125,4142
1688932802797,208125,4142
1688932802800,208125,4142
1688932802804,208125,4142
1688932802808,208125,4142
1688932802811,208125,4142
1688932802814,208125,4142
1688932802818,208125,4142
1688932802821,208125,4142
1688932802824,208125,4142
1688932802827,208125,4142
1688932802830,208125,4142
1688932802833,208125,4142
1688932802836,208125,4142
1688932802839,208125,4142
1688932802843,208125,4142
1688932802847,208125,4142
1688932802850,208125,4142
1688932802854,208125,4142
1688932802857,208125,4142
1688932802860,208125,4142
1688932802863,133437,4142
1688932802866,133437,4142
1688932802870,133437,4142
1688932802874,133437,4142
1688932802878,133437,4142
1688932802882,133437,4142
1688932802886,133437,4142
1688932802890,133437,4142
1688932802894,133437,4142
1688932802897,133437,4142
1688932802901,133437,4142
1688932802905,133437,4142
1688932802908,133437,4142
1688932802912,133437,4142
1688932802915,133437,4142
1688932802918,133437,4142
1688932802921,133437,4142
1688932802924,133437,4142
1688932802927,133437,4142
1688932802930,133437,4142
1688932802933,133437,4142
1688932802936,133437,4142
1688932802939,133437,4142
1688932802942,133437,4142
1688932802946,133437,4142
1688932802949,133437,4142
1688932802953,133437,4142
1688932802956,133437,4142
1688932802959,133437,4142
1688932802962,133437,4142
1688932802966,133437,4142
1688932802969,133437,4142
1688932802972,133437,4142
1688932802976,133437,4142
1688932802979,133437,4142
1688932802982,133437,4142
1688932802986,133437,4142
1688932802989,133437,4142
1688932802992,133437,4142
1688932802996,133437,4142
1688932802999,133437,4142
1688932803002,133437,4142
1688932803005,133437,4142
1688932803008,133437,4142
1688932803011,133437,4142
1688932803014,133437,4142
1688932803017,133437,4142
1688932803021,133437,4142
1688932803024,133437,4142
1688932803027,133437,4142
1688932803030,133437,4142
1688932803034,133437,4142
1688932803038,133437,4142
1688932803041,133437,4142
1688932803044,133437,4142
1688932803048,133437,4142
1688932803051,133437,4142
1688932803054,133437,4142
1688932803057,133437,4142
1688932803061,133437,4142
1688932803064,133437,4142
1688932803068,133437,4142
1688932803072,133437,4142
1688932803075,133437,4142
1688932803078,133437,4142
1688932803082,133437,4142
1688932803085,133437,4142
1688932803089,133437,4142
1688932803092,133437,4142
1688932803095,133437,4142
1688932803098,133437,4142
1688932803102,133437,4142
1688932803106,133437,4142
1688932803109,133437,4142
1688932803113,133437,4142
1688932803116,133437,4142
1688932803120,133437,4142
1688932803124,133437,4142
1688932803128,133437,4142
1688932803132,133437,4142
1688932803136,133437,4142
1688932803140,133437,4142
1688932803143,133437,4142
1688932803147,133437,4142
1688932803150,133437,4142
1688932803153,133437,4142
1688932803157,133437,4142
1688932803160,133437,4142
1688932803163,133437,4142
1688932803166,133437,4142
1688932803168,133437,4142
1688932803172,133437,4142
1688932803175,133437,4142
1688932803178,133437,4142
1688932803182,133437,4142
1688932803185,133437,4142
1688932803188,133437,4142
1688932803191,133437,4142
1688932803194,133437,4142
1688932803197,133437,4142
1688932803202,117187,4142
1688932803205,117187,4142
1688932803209,117187,4142
1688932803213,117187,4142
1688932803218,117187,4142
1688932803221,117187,4142
1688932803225,117187,4142
1688932803228,117187,4142
1688932803231,117187,4142
1688932803234,117187,4142
1688932803237,117187,4142
1688932803240,117187,4142
1688932803243,117187,4142
1688932803246,117187,4142
1688932803249,117187,4142
1688932803252,117187,4142
1688932803255,117187,4142
1688932803258,117187,4142
1688932803261,117187,4142
1688932803264,117187,4142
1688932803267,117187,4142
1688932803270,117187,4142
1688932803273,117187,4142
1688932803276,117187,4142
1688932803279,117187,4142
1688932803282,117187,4142
1688932803285,117187,4142
1688932803288,117187,4142
1688932803291,117187,4142
1688932803294,117187,4142
1688932803297,117187,4142
1688932803300,117187,4142
1688932803304,117187,4142
1688932803307,117187,4142
1688932803310,117187,4142
1688932803313,117187,4142
1688932803317,117187,4142
1688932803320,117187,4142
1688932803323,117187,4142
1688932803326,117187,4142
1688932803329,117187,4142
1688932803332,117187,4142
1688932803335,117187,4142
1688932803338,117187,4142
1688932803341,117187,4142
1688932803344,117187,4142
1688932803347,117187,4142
1688932803350,117187,4142
1688932803353,117187,4142
1688932803357,117187,4142
1688932803360,117187,4142
1688932803364,117187,4142
1688932803367,117187,4142
1688932803371,117187,4142
1688932803374,117187,4142
1688932803378,117187,4142
1688932803382,117187,4142
1688932803385,117187,4142
1688932803388,117187,4142
1688932803391,117187,4142
1688932803394,117187,4142
1688932803397,117187,4142
1688932803401,117187,4142
1688932803404,117187,4142
1688932803407,117187,4142
1688932803412,117187,4142
1688932803415,117187,4142
1688932803418,117187,4142
1688932803421,117187,4142
1688932803424,117187,4142
1688932803427,117187,4142
1688932803430,117187,4142
1688932803434,117187,4142
1688932803437,117187,4142
1688932803440,117187,4142
1688932803443,117187,4142
1688932803447,117187,4142
1688932803450,117187,4142
1688932803453,117187,4142
1688932803456,117187,4142
1688932803460,117187,4142
1688932803463,117187,4142
1688932803467,117187,4142
1688932803471,117187,4142
1688932803474,117187,4142
1688932803477,117187,4142
1688932803480,117187,4142
1688932803483,117187,4142
1688932803486,117187,4142
1688932803489,117187,4142
1688932803495,117187,4142
1688932803499,117187,4142
1688932803503,117187,4142
1688932803507,117187,4142
1688932803511,117187,4142
1688932803516,117187,4142
1688932803520,117187,4142
1688932803523,117187,4142
1688932803527,117187,4142
1688932803530,117187,4142
1688932803534,117187,4142
1688932803537,117187,4142
1688932803540,117187,4142
1688932803543,117187,4142
1688932803547,117187,4142
1688932803550,117187,4142
1688932803553,117187,4142
1688932803556,117187,4142
1688932803558,205000,4142
1688932803561,205000,4142
1688932803564,205000,4142
1688932803567,205000,4142
1688932803570,205000,4142
1688932803574,205000,4142
1688932803577,205000,4142
1688932803580,205000,4142
1688932803584,205000,4142
1688932803587,205000,4142
1688932803590,205000,4142
1688932803593,205000,4142
1688932803597,205000,4142
1688932803600,205000,4142
1688932803603,205000,4142
1688932803606,205000,4142
1688932803609,205000,4142
1688932803612,205000,4142
1688932803615,205000,4142
1688932803618,205000,4142
1688932803622,205000,4142
1688932803625,205000,4142
1688932803628,205000,4142
1688932803631,205000,4142
1688932803634,205000,4142
1688932803637,205000,4142
1688932803640,205000,4142
1688932803643,205000,4142
1688932803647,205000,4142
1688932803650,205000,4142
1688932803653,205000,4142
1688932803657,205000,4142
1688932803660,205000,4142
1688932803663,205000,4142
1688932803666,205000,4142
1688932803670,205000,4142
1688932803673,205000,4142
1688932803676,205000,4142
1688932803680,205000,4142
1688932803683,205000,4142
1688932803686,205000,4142
1688932803689,205000,4142
1688932803692,205000,4142
1688932803696,205000,4142
1688932803699,205000,4142
1688932803702,205000,4142
1688932803705,205000,4142
1688932803708,205000,4142
1688932803711,205000,4142
1688932803714,205000,4142
1688932803718,205000,4142
1688932803721,205000,4142
1688932803724,205000,4142
1688932803727,205000,4142
1688932803731,205000,4142
1688932803734,205000,4142
1688932803737,205000,4142
1688932803740,205000,4142
1688932803743,205000,4142
1688932803747,205000,4142
1688932803750,205000,4142
1688932803753,205000,4142
1688932803756,205000,4142
1688932803759,205000,4142
1688932803762,205000,4142
1688932803765,205000,4142
1688932803767,205000,4142
1688932803770,205000,4142
1688932803774,205000,4142
1688932803777,205000,4142
1688932803780,205000,4142
1688932803783,205000,4142
1688932803787,205000,4142
1688932803791,205000,4142
1688932803795,205000,4142
1688932803799,205000,4142
1688932803802,205000,4142
1688932803806,205000,4142
1688932803809,205000,4142
1688932803813,205000,4142
1688932803817,205000,4142
1688932803821,205000,4142
1688932803825,205000,4142
1688932803829,205000,4142
1688932803832,205000,4142
1688932803835,205000,4142
1688932803838,205000,4142
1688932803842,205000,4142
1688932803845,205000,4142
1688932803849,205000,4142
1688932803853,205000,4142
1688932803856,205000,4142
1688932803859,205000,4142
1688932803862,205000,4142
1688932803865,205000,4142
1688932803867,205000,4142
1688932803870,205000,4142
1688932803873,205000,4142
1688932803876,205000,4142
1688932803879,205000,4142
1688932803881,205000,4142
1688932803884,205000,4142
1688932803887,205000,4142
1688932803889,205000,4142
1688932803892,205000,4142
1688932803896,205000,4142
1688932803899,205000,4142
1688932803902,205000,4142
1688932803905,205000,4142
1688932803908,127812,4142
1688932803912,127812,4142
1688932803915,127812,4142
1688932803918,127812,4142
1688932803921,127812,4142
1688932803925,127812,4142
1688932803928,127812,4142
1688932803931,127812,4142
1688932803934,127812,4142
1688932803937,127812,4142
1688932803940,127812,4142
1688932803943,127812,4142
1688932803946,127812,4142
1688932803949,127812,4142
1688932803952,127812,4142
1688932803955,127812,4142
1688932803959,127812,4142
1688932803962,127812,4142
1688932803965,127812,4142
1688932803968,127812,4142
1688932803971,127812,4142
1688932803974,127812,4142
1688932803977,127812,4142
1688932803981,127812,4142
1688932803984,127812,4142
1688932803988,127812,4142
1688932803991,127812,4142
1688932803994,127812,4142
1688932803998,127812,4142
1688932804002,127812,4142
1688932804005,127812,4142
1688932804008,127812,4142
1688932804010,127812,4142
1688932804013,127812,4142
1688932804016,127812,4142
1688932804018,127812,4142
1688932804021,127812,4142
1688932804024,127812,4142
1688932804027,127812,4142
1688932804029,127812,4142
1688932804031,127812,4142
1688932804034,127812,4142
1688932804036,127812,4142
1688932804039,127812,4142
1688932804042,127812,4142
1688932804044,127812,4142
1688932804046,127812,4142
1688932804048,127812,4142
1688932804051,127812,4142
1688932804053,127812,4142
1688932804055,127812,4142
1688932804058,127812,4142
1688932804060,127812,4142
1688932804063,127812,4142
1688932804065,127812,4142
1688932804068,127812,4142
1688932804071,127812,4142
1688932804075,127812,4142
1688932804078,127812,4142
1688932804081,127812,4142
1688932804085,127812,4142
1688932804089,127812,4142
1688932804092,127812,4142
1688932804095,127812,4142
1688932804099,127812,4142
1688932804102,127812,4142
1688932804105,127812,4142
1688932804108,127812,4142
1688932804111,127812,4142
1688932804114,127812,4142
1688932804118,127812,4142
1688932804121,127812,4142
1688932804124,127812,4142
1688932804128,127812,4142
1688932804132,127812,4142
1688932804136,127812,4142
1688932804139,127812,4142
1688932804142,127812,4142
1688932804146,127812,4142
1688932804149,127812,4142
1688932804152,127812,4142
1688932804155,127812,4142
1688932804158,127812,4142
1688932804161,127812,4142
1688932804164,127812,4142
1688932804167,127812,4142
1688932804170,127812,4142
1688932804174,127812,4142
1688932804177,127812,4142
1688932804180,127812,4142
1688932804184,127812,4142
1688932804187,127812,4142
1688932804191,127812,4142
1688932804194,127812,4142
1688932804197,127812,4142
1688932804201,127812,4142
1688932804204,127812,4142
1688932804208,127812,4142
1688932804211,127812,4142
1688932804214,127812,4142
1688932804218,127812,4142
1688932804221,127812,4142
1688932804224,127812,4142
1688932804227,127812,4142
1688932804231,127812,4142
1688932804236,127812,4142
1688932804240,127812,4142
1688932804243,127812,4142
1688932804247,127812,4142
1688932804250,127812,4142
1688932804253,127812,4142
1688932804256,127812,4142
1688932804259,176875,4142
1688932804262,176875,4142
1688932804264,176875,4142
1688932804267,176875,4142
1688932804270,176875,4142
1688932804273,176875,4142
1688932804277,176875,4142
1688932804280,176875,4142
1688932804284,176875,4142
1688932804287,176875,4142
1688932804290,176875,4142
1688932804293,176875,4142
1688932804297,176875,4142
1688932804300,176875,4142
1688932804304,176875,4142
1688932804307,176875,4142
1688932804310,176875,4142
1688932804313,176875,4142
1688932804319,176875,4142
1688932804322,176875,4142
1688932804326,176875,4142
1688932804329,176875,4142
1688932804333,176875,4142
1688932804337,176875,4142
1688932804341,176875,4142
1688932804345,176875,4142
1688932804348,176875,4142
1688932804354,176875,4142
1688932804358,176875,4142
1688932804361,176875,4142
1688932804364,176875,4142
1688932804367,176875,4142
1688932804371,176875,4142
1688932804374,176875,4142
1688932804377,176875,4142
1688932804380,176875,4142
1688932804383,176875,4142
1688932804387,176875,4142
1688932804391,176875,4142
1688932804395,176875,4142
1688932804398,176875,4142
1688932804402,176875,4142
1688932804406,176875,4142
1688932804410,176875,4142
1688932804413,176875,4142
1688932804417,176875,4142
1688932804421,176875,4142
1688932804424,176875,4142
1688932804427,176875,4142
1688932804430,176875,4142
1688932804433,176875,4142
1688932804437,176875,4142
1688932804440,176875,4142
1688932804443,176875,4142
1688932804446,176875,4142
1688932804450,176875,4142
1688932804454,176875,4142
1688932804458,176875,4142
1688932804461,176875,4142
1688932804464,176875,4142
1688932804467,176875,4142
1688932804471,176875,4142
1688932804474,176875,4142
1688932804478,176875,4142
1688932804481,176875,4142
1688932804486,176875,4142
1688932804489,176875,4142
1688932804492,176875,4142
1688932804496,176875,4142
1688932804500,176875,4142
1688932804503,176875,4142
1688932804507,176875,4142
1688932804512,176875,4142
1688932804516,176875,4142
1688932804519,176875,4142
1688932804523,176875,4142
1688932804526,176875,4142
1688932804530,176875,4142
1688932804537,176875,4142
1688932804541,176875,4142
1688932804545,176875,4142
1688932804548,176875,4142
1688932804552,176875,4142
1688932804555,176875,4142
1688932804559,176875,4142
1688932804562,176875,4142
1688932804565,176875,4142
1688932804570,176875,4142
1688932804574,176875,4142
1688932804578,176875,4142
1688932804581,176875,4142
1688932804584,176875,4142
1688932804588,176875,4142
1688932804591,176875,4142
1688932804595,176875,4142
1688932804598,176875,4142
1688932804602,176875,4142
1688932804606,176875,4142
1688932804609,120312,4142
1688932804613,120312,4142
1688932804616,120312,4142
1688932804619,120312,4142
1688932804622,120312,4142
1688932804626,120312,4142
1688932804629,120312,4142
1688932804633,120312,4142
1688932804637,120312,4142
1688932804640,120312,4142
1688932804644,120312,4142
1688932804647,120312,4142
1688932804651,120312,4142
1688932804654,120312,4142
1688932804657,120312,4142
1688932804661,120312,4142
1688932804665,120312,4142
1688932804668,120312,4142
1688932804671,120312,4142
1688932804674,120312,4142
1688932804677,120312,4142
1688932804681,120312,4142
1688932804684,120312,4142
1688932804687,120312,4142
1688932804690,120312,4142
1688932804693,120312,4142
1688932804696,120312,4142
1688932804699,120312,4142
1688932804702,120312,4142
1688932804705,120312,4142
1688932804709,120312,4142
1688932804712,120312,4142
1688932804715,120312,4142
1688932804718,120312,4142
1688932804721,120312,4142
1688932804725,120312,4142
1688932804728,120312,4142
1688932804731,120312,4142
1688932804734,120312,4142
1688932804737,120312,4142
1688932804740,120312,4142
1688932804743,120312,4142
1688932804746,120312,4142
1688932804750,120312,4142
1688932804753,120312,4142
1688932804756,120312,4142
1688932804760,120312,4142
1688932804763,120312,4142
1688932804766,120312,4142
1688932804769,120312,4142
1688932804772,120312,4142
1688932804778,120312,4142
1688932804781,120312,4142
1688932804784,120312,4142
1688932804787,120312,4142
1688932804790,120312,4142
1688932804793,120312,4142
1688932804796,120312,4142
1688932804799,120312,4142
1688932804802,120312,4142
1688932804804,120312,4142
1688932804808,120312,4142
1688932804810,120312,4142
1688932804813,120312,4142
1688932804816,120312,4142
1688932804818,120312,4142
1688932804821,120312,4142
1688932804824,120312,4142
1688932804827,120312,4142
1688932804829,120312,4142
1688932804832,120312,4142
1688932804834,120312,4142
1688932804837,120312,4142
1688932804840,120312,4142
1688932804843,120312,4142
1688932804845,120312,4142
1688932804848,120312,4142
1688932804851,120312,4142
1688932804853,120312,4142
1688932804856,120312,4142
1688932804859,120312,4142
1688932804861,120312,4142
1688932804864,120312,4142
1688932804867,120312,4142
1688932804870,120312,4142
1688932804874,120312,4142
1688932804877,120312,4142
1688932804880,120312,4142
1688932804883,120312,4142
1688932804886,120312,4142
1688932804889,120312,4142
1688932804892,120312,4142
1688932804895,120312,4142
1688932804898,120312,4142
1688932804900,120312,4142
1688932804903,120312,4142
1688932804906,120312,4142
1688932804910,120312,4142
1688932804913,120312,4142
1688932804916,120312,4142
1688932804920,120312,4142
1688932804924,120312,4142
1688932804927,120312,4142
1688932804931,120312,4142
1688932804935,120312,4142
1688932804939,120312,4142
1688932804942,120312,4142
1688932804946,120312,4142
1688932804949,120312,4142
1688932804954,120312,4142
1688932804958,119375,4142
1688932804961,119375,4142
1688932804964,119375,4142
1688932804967,119375,4142
1688932804971,119375,4142
1688932804974,119375,4142
1688932804977,119375,4142
1688932804980,119375,4142
1688932804987,119375,4142
1688932804991,119375,4142
1688932804994,119375,4142
1688932804997,119375,4142
1688932805001,119375,4142
1688932805004,119375,4142
1688932805008,119375,4142
1688932805011,119375,4142
1688932805015,119375,4142
1688932805018,119375,4142
1688932805021,119375,4142
1688932805023,119375,4142
1688932805026,119375,4142
1688932805029,119375,4142
1688932805032,119375,4142
1688932805035,119375,4142
1688932805039,119375,4142
1688932805042,119375,4142
1688932805045,119375,4142
1688932805048,119375,4142
1688932805051,119375,4142
1688932805054,119375,4142
1688932805057,119375,4142
1688932805060,119375,4142
1688932805063,119375,4142
1688932805067,119375,4142
1688932805070,119375,4142
1688932805077,119375,4142
1688932805081,119375,4142
1688932805084,119375,4142
1688932805087,119375,4142
1688932805091,119375,4142
1688932805094,119375,4142
1688932805098,119375,4142
1688932805101,119375,4142
1688932805104,119375,4142
1688932805107,119375,4142
1688932805111,119375,4142
1688932805114,119375,4142
1688932805119,119375,4142
1688932805122,119375,4142
1688932805125,119375,4142
1688932805128,119375,4142
1688932805131,119375,4142
1688932805133,119375,4142
1688932805136,119375,4142
1688932805139,119375,4142
1688932805141,119375,4142
1688932805144,119375,4142
1688932805148,119375,4142
1688932805151,119375,4142
1688932805154,119375,4142
1688932805156,119375,4142
1688932805158,119375,4142
1688932805161,119375,4142
1688932805163,119375,4142
1688932805166,119375,4142
1688932805168,119375,4142
1688932805175,119375,4142
1688932805180,119375,4142
1688932805185,119375,4142
1688932805189,119375,4142
1688932805191,119375,4142
1688932805194,119375,4142
1688932805196,119375,4142
1688932805199,119375,4142
1688932805202,119375,4142
1688932805205,119375,4142
1688932805207,119375,4142
1688932805210,119375,4142
1688932805213,119375,4142
1688932805217,119375,4142
1688932805220,119375,4142
1688932805223,119375,4142
1688932805227,119375,4142
1688932805230,119375,4142
1688932805234,119375,4142
1688932805237,119375,4142
1688932805241,119375,4142
1688932805245,119375,4142
1688932805248,119375,4142
1688932805251,119375,4142
1688932805255,119375,4142
1688932805258,119375,4142
1688932805262,119375,4142
1688932805265,119375,4142
1688932805269,119375,4142
1688932805273,119375,4142
1688932805276,119375,4142
1688932805279,119375,4142
1688932805283,119375,4142
1688932805287,119375,4142
1688932805290,119375,4142
1688932805293,119375,4142
1688932805296,119375,4142
1688932805300,119375,4142
1688932805304,131875,4142
1688932805307,131875,4142
1688932805311,131875,4142
1688932805315,131875,4142
1688932805319,131875,4142
1688932805323,131875,4142
1688932805326,131875,4142
1688932805329,131875,4142
1688932805333,131875,4142
1688932805337,131875,4142
1688932805340,131875,4142
1688932805344,131875,4142
1688932805348,131875,4142
1688932805352,131875,4142
1688932805356,131875,4142
1688932805359,131875,4142
1688932805362,131875,4142
1688932805366,131875,4142
1688932805369,131875,4142
1688932805372,131875,4142
1688932805375,131875,4142
1688932805378,131875,4142
1688932805381,131875,4142
1688932805384,131875,4142
1688932805387,131875,4142
1688932805391,131875,4142
1688932805393,131875,4142
1688932805397,131875,4142
1688932805399,131875,4142
1688932805402,131875,4142
1688932805406,131875,4142
1688932805409,131875,4142
1688932805414,131875,4142
1688932805417,131875,4142
1688932805420,131875,4142
1688932805424,131875,4142
1688932805427,131875,4142
1688932805430,131875,4142
1688932805433,131875,4142
1688932805437,131875,4142
1688932805440,131875,4142
1688932805444,131875,4142
1688932805448,131875,4142
1688932805451,131875,4142
1688932805455,131875,4142
1688932805459,131875,4142
1688932805462,131875,4142
1688932805465,131875,4142
1688932805468,131875,4142
1688932805472,131875,4142
1688932805475,131875,4142
1688932805478,131875,4142
1688932805481,131875,4142
1688932805484,131875,4142
1688932805487,131875,4142
1688932805490,131875,4142
1688932805493,131875,4142
1688932805496,131875,4142
1688932805499,131875,4142
1688932805502,131875,4142
1688932805506,131875,4142
1688932805509,131875,4142
1688932805512,131875,4142
1688932805515,131875,4142
1688932805519,131875,4142
1688932805523,131875,4142
1688932805527,131875,4142
1688932805531,131875,4142
1688932805535,131875,4142
1688932805539,131875,4142
1688932805542,131875,4142
1688932805546,131875,4142
1688932805549,131875,4142
1688932805553,131875,4142
1688932805557,131875,4142
1688932805560,131875,4142
1688932805564,131875,4142
1688932805567,131875,4142
1688932805570,131875,4142
1688932805573,131875,4142
1688932805577,131875,4142
1688932805580,131875,4142
1688932805583,131875,4142
1688932805586,131875,4142
1688932805589,131875,4142
1688932805592,131875,4142
1688932805596,131875,4142
1688932805599,131875,4142
1688932805602,131875,4142
1688932805605,131875,4142
1688932805608,131875,4142
1688932805611,131875,4142
1688932805614,131875,4142
1688932805618,131875,4142
1688932805621,131875,4142
1688932805624,131875,4142
1688932805627,131875,4142
1688932805630,131875,4142
1688932805634,131875,4142
1688932805637,131875,4142
1688932805641,131875,4142
1688932805644,131875,4142
1688932805647,131875,4142
1688932805650,131875,4142
1688932805654,131875,4142
1688932805657,131875,4142
1688932805661,121250,4142
1688932805664,121250,4142
1688932805667,121250,4142
1688932805671,121250,4142
1688932805674,121250,4142
1688932805678,121250,4142
1688932805681,121250,4142
1688932805684,121250,4142
1688932805687,121250,4142
1688932805690,121250,4142
1688932805693,121250,4142
1688932805696,121250,4142
1688932805699,121250,4142
1688932805702,121250,4142
1688932805705,121250,4142
1688932805709,121250,4142
1688932805713,121250,4142
1688932805716,121250,4142
1688932805720,121250,4142
1688932805724,121250,4142
1688932805727,121250,4142
1688932805733,121250,4142
1688932805738,121250,4142
1688932805742,121250,4142
1688932805745,121250,4142
1688932805748,121250,4142
1688932805752,121250,4142
1688932805755,121250,4142
1688932805759,121250,4142
1688932805763,121250,4142
1688932805766,121250,4142
1688932805770,121250,4142
1688932805774,121250,4142
1688932805777,121250,4142
1688932805780,121250,4142
1688932805784,121250,4142
1688932805787,121250,4142
1688932805790,121250,4142
1688932805793,121250,4142
1688932805797,121250,4142
1688932805800,121250,4142
1688932805803,121250,4142
1688932805806,121250,4142
1688932805809,121250,4142
1688932805813,121250,4142
1688932805816,121250,4142
1688932805819,121250,4142
1688932805823,121250,4142
1688932805826,121250,4142
1688932805829,121250,4142
1688932805832,121250,4142
1688932805835,121250,4142
1688932805838,121250,4142
1688932805841,121250,4142
1688932805845,121250,4142
1688932805848,121250,4142
1688932805851,121250,4142
1688932805854,121250,4142
1688932805857,121250,4142
1688932805860,121250,4142
1688932805863,121250,4142
1688932805866,121250,4142
1688932805869,121250,4142
1688932805872,121250,4142
1688932805875,121250,4142
1688932805878,121250,4142
1688932805881,121250,4142
1688932805884,121250,4142
1688932805887,121250,4142
1688932805890,121250,4142
1688932805893,121250,4142
1688932805896,121250,4142
1688932805899,121250,4142
1688932805902,121250,4142
1688932805905,121250,4142
1688932805908,121250,4142
1688932805911,121250,4142
1688932805914,121250,4142
1688932805917,121250,4142
1688932805920,121250,4142
1688932805923,121250,4142
1688932805926,121250,4142
1688932805929,121250,4142
1688932805932,121250,4142
1688932805935,121250,4142
1688932805939,121250,4142
1688932805942,121250,4142
1688932805945,121250,4142
1688932805948,121250,4142
1688932805951,121250,4142
1688932805954,121250,4142
1688932805957,121250,4142
1688932805960,121250,4142
1688932805963,121250,4142
1688932805966,121250,4142
1688932805968,121250,4142
1688932805971,121250,4142
1688932805974,121250,4142
1688932805977,121250,4142
1688932805980,121250,4142
1688932805983,121250,4142
1688932805986,121250,4142
1688932805989,121250,4142
1688932805992,121250,4142
1688932805996,121250,4142
1688932805999,121250,4142
1688932806002,121250,4142
1688932806005,195937,4142
1688932806008,195937,4142
1688932806011,195937,4142
1688932806014,195937,4142
1688932806017,195937,4142
1688932806020,195937,4142
1688932806023,195937,4142
1688932806027,195937,4142
1688932806030,195937,4142
1688932806033,195937,4142
1688932806036,195937,4142
1688932806040,195937,4142
1688932806044,195937,4142
1688932806047,195937,4142
1688932806052,195937,4142
1688932806056,195937,4142
1688932806059,195937,4142
1688932806062,195937,4142
1688932806065,195937,4142
1688932806068,195937,4142
1688932806072,195937,4142
1688932806076,195937,4142
1688932806079,195937,4142
1688932806082,195937,4142
1688932806085,195937,4142
1688932806089,195937,4142
1688932806093,195937,4142
1688932806096,195937,4142
1688932806100,195937,4142
1688932806103,195937,4142
1688932806107,195937,4142
1688932806111,195937,4142
1688932806114,195937,4142
1688932806117,195937,4142
1688932806121,195937,4142
1688932806125,195937,4142
1688932806128,195937,4142
1688932806132,195937,4142
1688932806135,195937,4142
1688932806139,195937,4142
1688932806142,195937,4142
1688932806145,195937,4142
1688932806148,195937,4142
1688932806151,195937,4142
1688932806154,195937,4142
1688932806157,195937,4142
1688932806159,195937,4142
1688932806166,195937,4142
1688932806169,195937,4142
1688932806173,195937,4142
1688932806176,195937,4142
1688932806179,195937,4142
1688932806182,195937,4142
1688932806186,195937,4142
1688932806189,195937,4142
1688932806193,195937,4142
1688932806196,195937,4142
1688932806200,195937,4142
1688932806204,195937,4142
1688932806208,195937,4142
1688932806211,195937,4142
1688932806215,195937,4142
1688932806219,195937,4142
1688932806222,195937,4142
1688932806225,195937,4142
1688932806229,195937,4142
1688932806233,195937,4142
1688932806236,195937,4142
1688932806240,195937,4142
1688932806243,195937,4142
1688932806247,195937,4142
1688932806251,195937,4142
1688932806255,195937,4142
1688932806259,195937,4142
1688932806263,195937,4142
1688932806267,195937,4142
1688932806270,195937,4142
1688932806273,195937,4142
1688932806277,195937,4142
1688932806281,195937,4142
1688932806284,195937,4142
1688932806288,195937,4142
1688932806291,195937,4142
1688932806295,195937,4142
1688932806299,195937,4142
1688932806302,195937,4142
1688932806306,195937,4142
1688932806309,195937,4142
1688932806313,195937,4142
1688932806317,195937,4142
1688932806321,195937,4142
1688932806325,195937,4142
1688932806329,195937,4142
1688932806333,195937,4142
1688932806336,195937,4142
1688932806340,195937,4142
1688932806344,195937,4142
1688932806348,195937,4142
1688932806352,195937,4142
1688932806356,195937,4142
1688932806359,195937,4142
1688932806363,195937,4142
1688932806367,137187,4142
1688932806370,137187,4142
1688932806373,137187,4142
1688932806377,137187,4142
1688932806380,137187,4142
1688932806383,137187,4142
1688932806386,137187,4142
1688932806389,137187,4142
1688932806392,137187,4142
1688932806395,137187,4142
1688932806398,137187,4142
1688932806401,137187,4142
1688932806404,137187,4142
1688932806407,137187,4142
1688932806411,137187,4142
1688932806414,137187,4142
1688932806417,137187,4142
1688932806420,137187,4142
1688932806423,137187,4142
1688932806426,137187,4142
1688932806429,137187,4142
1688932806433,137187,4142
1688932806437,137187,4142
1688932806440,137187,4142
1688932806443,137187,4142
1688932806446,137187,4142
1688932806451,137187,4142
1688932806454,137187,4142
1688932806458,137187,4142
1688932806461,137187,4142
1688932806465,137187,4142
1688932806469,137187,4142
1688932806472,137187,4142
1688932806476,137187,4142
1688932806480,137187,4142
1688932806485,137187,4142
1688932806488,137187,4142
1688932806491,137187,4142
1688932806494,137187,4142
1688932806498,137187,4142
1688932806501,137187,4142
1688932806505,137187,4142
1688932806509,137187,4142
1688932806513,137187,4142
1688932806517,137187,4142
1688932806520,137187,4142
1688932806524,137187,4142
1688932806527,137187,4142
1688932806531,137187,4142
1688932806535,137187,4142
1688932806539,137187,4142
1688932806542,137187,4142
1688932806546,137187,4142
1688932806549,137187,4142
1688932806552,137187,4142
1688932806556,137187,4142
1688932806559,137187,4142
1688932806563,137187,4142
1688932806566,137187,4142
1688932806570,137187,4142
1688932806574,137187,4142
1688932806578,137187,4142
1688932806582,137187,4142
1688932806586,137187,4142
1688932806590,137187,4142
1688932806594,137187,4142
1688932806597,137187,4142
1688932806600,137187,4142
1688932806603,137187,4142
1688932806607,137187,4142
1688932806610,137187,4142
1688932806613,137187,4142
1688932806616,137187,4142
1688932806619,137187,4142
1688932806622,137187,4142
1688932806625,137187,4142
1688932806629,137187,4142
1688932806632,137187,4142
1688932806636,137187,4142
1688932806640,137187,4142
1688932806643,137187,4142
1688932806646,137187,4142
1688932806649,137187,4142
1688932806653,137187,4142
1688932806657,137187,4142
1688932806660,137187,4142
1688932806664,137187,4142
1688932806668,137187,4142
1688932806672,137187,4142
1688932806676,137187,4142
1688932806679,137187,4142
1688932806682,137187,4142
1688932806686,137187,4142
1688932806689,137187,4142
1688932806692,137187,4142
1688932806696,137187,4142
1688932806699,137187,4142
1688932806703,137187,4142
1688932806707,120625,4142
1688932806710,120625,4142
1688932806715,120625,4142
1688932806719,120625,4142
1688932806722,120625,4142
1688932806726,120625,4142
1688932806729,120625,4142
1688932806732,120625,4142
1688932806736,120625,4142
1688932806740,120625,4142
1688932806743,120625,4142
1688932806747,120625,4142
1688932806753,120625,4142
1688932806756,120625,4142
1688932806760,120625,4142
1688932806763,120625,4142
1688932806766,120625,4142
1688932806769,120625,4142
1688932806772,120625,4142
1688932806776,120625,4142
1688932806780,120625,4142
1688932806784,120625,4142
1688932806787,120625,4142
1688932806791,120625,4142
1688932806795,120625,4142
1688932806799,120625,4142
1688932806803,120625,4142
1688932806806,120625,4142
1688932806810,120625,4142
1688932806814,120625,4142
1688932806818,120625,4142
1688932806822,120625,4142
1688932806825,120625,4142
1688932806831,120625,4142
1688932806834,120625,4142
1688932806837,120625,4142
1688932806841,120625,4142
1688932806844,120625,4142
1688932806848,120625,4142
1688932806851,120625,4142
1688932806854,120625,4142
1688932806858,120625,4142
1688932806861,120625,4142
1688932806864,120625,4142
1688932806867,120625,4142
1688932806870,120625,4142
1688932806874,120625,4142
1688932806877,120625,4142
1688932806880,120625,4142
1688932806883,120625,4142
1688932806886,120625,4142
1688932806891,120625,4142
1688932806894,120625,4142
1688932806897,120625,4142
1688932806901,120625,4142
1688932806904,120625,4142
1688932806907,120625,4142
1688932806910,120625,4142
1688932806913,120625,4142
1688932806916,120625,4142
1688932806919,120625,4142
1688932806922,120625,4142
1688932806925,120625,4142
1688932806928,120625,4142
1688932806931,120625,4142
1688932806934,120625,4142
1688932806937,120625,4142
1688932806940,120625,4142
1688932806944,120625,4142
1688932806947,120625,4142
1688932806950,120625,4142
1688932806954,120625,4142
1688932806957,120625,4142
1688932806960,120625,4142
1688932806963,120625,4142
1688932806967,120625,4142
1688932806970,120625,4142
1688932806973,120625,4142
1688932806976,120625,4142
1688932806979,120625,4142
1688932806982,120625,4142
1688932806985,120625,4142
1688932806988,120625,4142
1688932806990,120625,4142
1688932806993,120625,4142
1688932806996,120625,4142
1688932806999,120625,4142
1688932807003,120625,4142
1688932807006,120625,4142
1688932807009,120625,4142
1688932807012,120625,4142
1688932807015,120625,4142
1688932807018,120625,4142
1688932807021,120625,4142
1688932807024,120625,4142
1688932807027,120625,4142
1688932807030,120625,4142
1688932807033,120625,4142
1688932807037,120625,4142
1688932807040,120625,4142
1688932807043,120625,4142
1688932807047,120625,4142
1688932807050,120625,4142
1688932807053,120625,4142
1688932807056,120625,4142
1688932807059,120625,4142
1688932807062,205625,4142
1688932807065,205625,4142
1688932807069,205625,4142
1688932807072,205625,4142
1688932807075,205625,4142
1688932807078,205625,4142
1688932807081,205625,4142
1688932807084,205625,4142
1688932807087,205625,4142
1688932807090,205625,4142
1688932807094,205625,4142
1688932807097,205625,4142
1688932807100,205625,4142
1688932807103,205625,4142
1688932807106,205625,4142
1688932807110,205625,4142
1688932807112,205625,4142
1688932807115,205625,4142
1688932807118,205625,4142
1688932807121,205625,4142
1688932807123,205625,4142
1688932807126,205625,4142
1688932807129,205625,4142
1688932807132,205625,4142
1688932807135,205625,4142
1688932807138,205625,4142
1688932807142,205625,4142
1688932807145,205625,4142
1688932807148,205625,4142
1688932807151,205625,4142
1688932807154,205625,4142
1688932807157,205625,4142
1688932807161,205625,4142
1688932807164,205625,4142
1688932807168,205625,4142
1688932807172,205625,4142
1688932807175,205625,4142
1688932807178,205625,4142
1688932807181,205625,4142
1688932807184,205625,4142
1688932807187,205625,4142
1688932807190,205625,4142
1688932807193,205625,4142
1688932807196,205625,4142
1688932807199,205625,4142
1688932807202,205625,4142
1688932807205,205625,4142
1688932807208,205625,4142
1688932807211,205625,4142
1688932807213,205625,4142
1688932807216,205625,4142
1688932807219,205625,4142
1688932807222,205625,4142
1688932807225,205625,4142
1688932807228,205625,4142
1688932807231,205625,4142
1688932807233,205625,4142
1688932807236,205625,4142
1688932807240,205625,4142
1688932807244,205625,4142
1688932807247,205625,4142
1688932807250,205625,4142
1688932807253,205625,4142
1688932807256,205625,4142
1688932807259,205625,4142
1688932807262,205625,4142
1688932807265,205625,4142
1688932807268,205625,4142
1688932807271,205625,4142
1688932807274,205625,4142
1688932807277,205625,4142
1688932807280,205625,4142
1688932807285,205625,4142
1688932807288,205625,4142
1688932807291,205625,4142
1688932807294,205625,4142
1688932807298,205625,4142
1688932807301,205625,4142
1688932807305,205625,4142
1688932807308,205625,4142
1688932807311,205625,4142
1688932807314,205625,4142
1688932807317,205625,4142
1688932807321,205625,4142
1688932807324,205625,4142
1688932807327,205625,4142
1688932807330,205625,4142
1688932807334,205625,4142
1688932807337,205625,4142
1688932807341,205625,4142
1688932807344,205625,4142
1688932807348,205625,4142
1688932807351,205625,4142
1688932807354,205625,4142
1688932807358,205625,4142
1688932807362,205625,4142
1688932807366,205625,4142
1688932807370,205625,4142
1688932807373,205625,4142
1688932807377,205625,4142
1688932807380,205625,4142
1688932807383,205625,4142
1688932807387,205625,4142
1688932807391,205625,4142
1688932807395,205625,4142
1688932807399,205625,4142
1688932807402,205625,4142
1688932807405,205625,4142
1688932807408,205625,4142
1688932807412,125625,4142
1688932807415,125625,4142
1688932807418,125625,4142
1688932807422,125625,4142
1688932807424,125625,4142
1688932807427,125625,4142
1688932807430,125625,4142
1688932807433,125625,4142
1688932807436,125625,4142
1688932807439,125625,4142
1688932807442,125625,4142
1688932807444,125625,4142
1688932807448,125625,4142
1688932807451,125625,4142
1688932807454,125625,4142
1688932807457,125625,4142
1688932807460,125625,4142
1688932807463,125625,4142
1688932807466,125625,4142
1688932807470,125625,4142
1688932807473,125625,4142
1688932807476,125625,4142
1688932807480,125625,4142
1688932807483,125625,4142
1688932807487,125625,4142
1688932807491,125625,4142
1688932807495,125625,4142
1688932807498,125625,4142
1688932807502,125625,4142
1688932807506,125625,4142
1688932807509,125625,4142
1688932807512,125625,4142
1688932807516,125625,4142
1688932807519,125625,4142
1688932807523,125625,4142
1688932807526,125625,4142
1688932807529,125625,4142
1688932807533,125625,4142
1688932807536,125625,4142
1688932807539,125625,4142
1688932807542,125625,4142
1688932807546,125625,4142
1688932807550,125625,4142
1688932807554,125625,4142
1688932807558,125625,4142
1688932807561,125625,4142
1688932807565,125625,4142
1688932807569,125625,4142
1688932807573,125625,4142
1688932807577,125625,4142
1688932807581,125625,4142
1688932807584,125625,4142
1688932807588,125625,4142
1688932807592,125625,4142
1688932807596,125625,4142
1688932807599,125625,4142
1688932807603,125625,4142
1688932807606,125625,4142
1688932807609,125625,4142
1688932807612,125625,4142
1688932807616,125625,4142
1688932807619,125625,4142
1688932807622,125625,4142
1688932807625,125625,4142
1688932807628,125625,4142
1688932807631,125625,4142
1688932807634,125625,4142
1688932807637,125625,4142
1688932807640,125625,4142
1688932807643,125625,4142
1688932807646,125625,4142
1688932807649,125625,4142
1688932807652,125625,4142
1688932807655,125625,4142
1688932807658,125625,4142
1688932807661,125625,4142
1688932807664,125625,4142
1688932807667,125625,4142
1688932807672,125625,4142
1688932807675,125625,4142
1688932807678,125625,4142
1688932807682,125625,4142
1688932807686,125625,4142
1688932807690,125625,4142
1688932807693,125625,4142
1688932807697,125625,4142
1688932807701,125625,4142
1688932807705,125625,4142
1688932807709,125625,4142
1688932807713,125625,4142
1688932807717,125625,4142
1688932807720,125625,4142
1688932807724,125625,4142
1688932807727,125625,4142
1688932807732,125625,4142
1688932807735,125625,4142
1688932807738,125625,4142
1688932807741,125625,4142
1688932807745,125625,4142
1688932807748,125625,4142
1688932807752,125625,4142
1688932807755,125625,4142
1688932807758,125625,4142
1688932807762,130312,4142
1688932807766,130312,4142
1688932807770,130312,4142
1688932807774,130312,4142
1688932807779,130312,4142
1688932807782,130312,4142
1688932807785,130312,4142
1688932807789,130312,4142
1688932807792,130312,4142
1688932807797,130312,4142
1688932807800,130312,4142
1688932807803,130312,4142
1688932807806,130312,4142
1688932807809,130312,4142
1688932807812,130312,4142
1688932807814,130312,4142
1688932807817,130312,4142
1688932807820,130312,4142
1688932807823,130312,4142
1688932807826,130312,4142
1688932807828,130312,4142
1688932807832,130312,4142
1688932807834,130312,4142
1688932807837,130312,4142
1688932807841,130312,4142
1688932807844,130312,4142
1688932807847,130312,4142
1688932807850,130312,4142
1688932807853,130312,4142
1688932807857,130312,4142
1688932807861,130312,4142
1688932807865,130312,4142
1688932807868,130312,4142
1688932807871,130312,4142
1688932807875,130312,4142
1688932807878,130312,4142
1688932807882,130312,4142
1688932807885,130312,4142
1688932807888,130312,4142
1688932807892,130312,4142
1688932807896,130312,4142
1688932807899,130312,4142
1688932807903,130312,4142
1688932807906,130312,4142
1688932807910,130312,4142
1688932807914,130312,4142
1688932807918,130312,4142
1688932807922,130312,4142
1688932807925,130312,4142
1688932807928,130312,4142
1688932807932,130312,4142
1688932807935,130312,4142
1688932807938,130312,4142
1688932807942,130312,4142
1688932807945,130312,4142
1688932807949,130312,4142
1688932807952,130312,4142
1688932807955,130312,4142
1688932807959,130312,4142
1688932807963,130312,4142
1688932807966,130312,4142
1688932807969,130312,4142
1688932807973,130312,4142
1688932807977,130312,4142
1688932807981,130312,4142
1688932807984,130312,4142
1688932807988,130312,4142
1688932807992,130312,4142
1688932807995,130312,4142
1688932807999,130312,4142
1688932808003,130312,4142
1688932808006,130312,4142
1688932808010,130312,4142
1688932808014,130312,4142
1688932808018,130312,4142
1688932808021,130312,4142
1688932808025,130312,4142
1688932808028,130312,4142
1688932808031,130312,4142
1688932808035,130312,4142
1688932808038,130312,4142
1688932808041,130312,4142
1688932808044,130312,4142
1688932808047,130312,4142
1688932808051,130312,4142
1688932808054,130312,4142
1688932808057,130312,4142
1688932808060,130312,4142
1688932808063,130312,4142
1688932808066,130312,4142
1688932808069,130312,4142
1688932808072,130312,4142
1688932808075,130312,4142
1688932808078,130312,4142
1688932808081,130312,4142
1688932808083,130312,4142
1688932808086,130312,4142
1688932808090,130312,4142
1688932808093,130312,4142
1688932808096,130312,4142
1688932808100,130312,4142
1688932808103,130312,4142
1688932808106,201250,4142
1688932808109,201250,4142
1688932808112,201250,4142
1688932808116,201250,4142
1688932808118,201250,4142
1688932808121,201250,4142
1688932808124,201250,4142
1688932808127,201250,4142
1688932808131,201250,4142
1688932808134,201250,4142
1688932808137,201250,4142
1688932808140,201250,4142
1688932808144,201250,4142
1688932808147,201250,4142
1688932808150,201250,4142
1688932808153,201250,4142
1688932808156,201250,4142
1688932808159,201250,4142
1688932808162,201250,4142
1688932808165,201250,4142
1688932808168,201250,4142
1688932808171,201250,4142
1688932808174,201250,4142
1688932808177,201250,4142
1688932808180,201250,4142
1688932808183,201250,4142
1688932808186,201250,4142
1688932808189,201250,4142
1688932808192,201250,4142
1688932808194,201250,4142
1688932808197,201250,4142
1688932808200,201250,4142
1688932808203,201250,4142
1688932808206,201250,4142
1688932808209,201250,4142
1688932808212,201250,4142
1688932808215,201250,4142
1688932808217,201250,4142
1688932808220,201250,4142
1688932808223,201250,4142
1688932808226,201250,4142
1688932808229,201250,4142
1688932808232,201250,4142
1688932808235,201250,4142
1688932808238,201250,4142
1688932808241,201250,4142
1688932808244,201250,4142
1688932808247,201250,4142
1688932808251,201250,4142
1688932808254,201250,4142
1688932808257,201250,4142
1688932808261,201250,4142
1688932808264,201250,4142
1688932808268,201250,4142
1688932808271,201250,4142
1688932808274,201250,4142
1688932808277,201250,4142
1688932808280,201250,4142
1688932808283,201250,4142
1688932808287,201250,4142
1688932808290,201250,4142
1688932808293,201250,4142
1688932808297,201250,4142
1688932808301,201250,4142
1688932808304,201250,4142
1688932808308,201250,4142
1688932808311,201250,4142
1688932808315,201250,4142
1688932808318,201250,4142
1688932808321,201250,4142
1688932808325,201250,4142
1688932808328,201250,4142
1688932808332,201250,4142
1688932808336,201250,4142
1688932808340,201250,4142
1688932808343,201250,4142
1688932808347,201250,4142
1688932808351,201250,4142
1688932808355,201250,4142
1688932808358,201250,4142
1688932808361,201250,4142
1688932808365,201250,4142
1688932808368,201250,4142
1688932808373,201250,4142
1688932808376,201250,4142
1688932808380,201250,4142
1688932808383,201250,4142
1688932808387,201250,4142
1688932808391,201250,4142
1688932808396,201250,4142
1688932808399,201250,4142
1688932808403,201250,4142
1688932808407,201250,4142
1688932808411,201250,4142
1688932808416,201250,4142
1688932808419,201250,4142
1688932808422,201250,4142
1688932808426,201250,4142
1688932808430,201250,4142
1688932808434,201250,4142
1688932808438,201250,4142
1688932808442,201250,4142
1688932808446,201250,4142
1688932808450,201250,4142
1688932808453,201250,4142
1688932808457,201250,4142
1688932808460,201250,4142
1688932808464,201250,4142
1688932808468,114062,4142
1688932808471,114062,4142
1688932808475,114062,4142
1688932808480,114062,4142
1688932808483,114062,4142
1688932808487,114062,4142
1688932808491,114062,4142
1688932808495,114062,4142
1688932808499,114062,4142
1688932808502,114062,4142
1688932808506,114062,4142
1688932808510,114062,4142
1688932808513,114062,4142
1688932808517,114062,4142
1688932808522,114062,4142
1688932808525,114062,4142
1688932808528,114062,4142
1688932808531,114062,4142
1688932808534,114062,4142
1688932808537,114062,4142
1688932808541,114062,4142
1688932808544,114062,4142
1688932808548,114062,4142
1688932808552,114062,4142
1688932808555,114062,4142
1688932808559,114062,4142
1688932808563,114062,4142
1688932808567,114062,4142
1688932808570,114062,4142
1688932808574,114062,4142
1688932808577,114062,4142
1688932808581,114062,4142
1688932808585,114062,4142
1688932808588,114062,4142
1688932808592,114062,4142
1688932808595,114062,4142
1688932808598,114062,4142
1688932808601,114062,4142
1688932808604,114062,4142
1688932808608,114062,4142
1688932808611,114062,4142
1688932808614,114062,4142
1688932808617,114062,4142
1688932808620,114062,4142
1688932808624,114062,4142
1688932808627,114062,4142
1688932808631,114062,4142
1688932808634,114062,4142
1688932808637,114062,4142
1688932808641,114062,4142
1688932808644,114062,4142
1688932808647,114062,4142
1688932808650,114062,4142
1688932808654,114062,4142
1688932808657,114062,4142
1688932808661,114062,4142
1688932808664,114062,4142
1688932808667,114062,4142
1688932808671,114062,4142
1688932808674,114062,4142
1688932808678,114062,4142
1688932808682,114062,4142
1688932808686,114062,4142
1688932808689,114062,4142
1688932808692,114062,4142
1688932808696,114062,4142
1688932808699,114062,4142
1688932808702,114062,4142
1688932808706,114062,4142
1688932808710,114062,4142
1688932808713,114062,4142
1688932808717,114062,4142
1688932808721,114062,4142
1688932808724,114062,4142
1688932808728,114062,4142
1688932808731,114062,4142
1688932808735,114062,4142
1688932808738,114062,4142
1688932808741,114062,4142
1688932808744,114062,4142
1688932808748,114062,4142
1688932808751,114062,4142
1688932808753,114062,4142
1688932808756,114062,4142
1688932808759,114062,4142
1688932808762,114062,4142
1688932808765,114062,4142
1688932808768,114062,4142
1688932808771,114062,4142
1688932808774,114062,4142
1688932808778,114062,4142
1688932808782,114062,4142
1688932808785,114062,4142
1688932808789,114062,4142
1688932808792,114062,4142
1688932808796,114062,4142
1688932808800,114062,4142
1688932808804,114062,4142
1688932808807,132812,4142
1688932808811,132812,4142
1688932808814,132812,4142
1688932808818,132812,4142
1688932808822,132812,4142
1688932808825,132812,4142
1688932808828,132812,4142
1688932808831,132812,4142
1688932808835,132812,4142
1688932808838,132812,4142
1688932808842,132812,4142
1688932808846,132812,4142
1688932808850,132812,4142
1688932808853,132812,4142
1688932808856,132812,4142
1688932808859,132812,4142
1688932808862,132812,4142
1688932808866,132812,4142
1688932808869,132812,4142
1688932808873,132812,4142
1688932808877,132812,4142
1688932808881,132812,4142
1688932808884,132812,4142
1688932808887,132812,4142
1688932808890,132812,4142
1688932808894,132812,4142
1688932808898,132812,4142
1688932808902,132812,4142
1688932808906,132812,4142
1688932808910,132812,4142
1688932808914,132812,4142
1688932808917,132812,4142
1688932808920,132812,4142
1688932808924,132812,4142
1688932808927,132812,4142
1688932808931,132812,4142
1688932808934,132812,4142
1688932808938,132812,4142
1688932808942,132812,4142
1688932808945,132812,4142
1688932808948,132812,4142
1688932808952,132812,4142
1688932808955,132812,4142
1688932808958,132812,4142
1688932808961,132812,4142
1688932808964,132812,4142
1688932808967,132812,4142
1688932808970,132812,4142
1688932808973,132812,4142
1688932808976,132812,4142
1688932808979,132812,4142
1688932808982,132812,4142
1688932808985,132812,4142
1688932808988,132812,4142
1688932808991,132812,4142
1688932808995,132812,4142
1688932808998,132812,4142
1688932809001,132812,4142
1688932809005,132812,4142
1688932809008,132812,4142
1688932809012,132812,4142
1688932809016,132812,4142
1688932809020,132812,4142
1688932809023,132812,4142
1688932809027,132812,4142
1688932809032,132812,4142
1688932809035,132812,4142
1688932809041,132812,4142
1688932809044,132812,4142
1688932809047,132812,4142
1688932809050,132812,4142
1688932809054,132812,4142
1688932809057,132812,4142
1688932809061,132812,4142
1688932809064,132812,4142
1688932809069,132812,4142
1688932809073,132812,4142
1688932809077,132812,4142
1688932809081,132812,4142
1688932809084,132812,4142
1688932809090,132812,4142
1688932809093,132812,4142
1688932809097,132812,4142
1688932809101,132812,4142
1688932809105,132812,4142
1688932809109,132812,4142
1688932809112,132812,4142
1688932809116,132812,4142
1688932809120,132812,4142
1688932809123,132812,4142
1688932809127,132812,4142
1688932809130,132812,4142
1688932809133,132812,4142
1688932809137,132812,4142
1688932809141,132812,4142
1688932809144,132812,4142
1688932809147,132812,4142
1688932809151,132812,4142
1688932809154,132812,4142
1688932809157,132812,4142
1688932809160,132812,4142
1688932809164,131250,4142
1688932809167,131250,4142
1688932809170,131250,4142
1688932809173,131250,4142
1688932809176,131250,4142
1688932809179,131250,4142
1688932809182,131250,4142
1688932809185,131250,4142
1688932809188,131250,4142
1688932809191,131250,4142
1688932809194,131250,4142
1688932809197,131250,4142
1688932809201,131250,4142
1688932809204,131250,4142
1688932809207,131250,4142
1688932809210,131250,4142
1688932809213,131250,4142
1688932809216,131250,4142
1688932809219,131250,4142
1688932809222,131250,4142
1688932809226,131250,4142
1688932809229,131250,4142
1688932809232,131250,4142
1688932809235,131250,4142
1688932809238,131250,4142
1688932809241,131250,4142
1688932809245,131250,4142
1688932809248,131250,4142
1688932809251,131250,4142
1688932809254,131250,4142
1688932809257,131250,4142
1688932809261,131250,4142
1688932809264,131250,4142
1688932809267,131250,4142
1688932809270,131250,4142
1688932809273,131250,4142
1688932809277,131250,4142
1688932809280,131250,4142
1688932809283,131250,4142
1688932809287,131250,4142
1688932809290,131250,4142
1688932809293,131250,4142
1688932809296,131250,4142
1688932809300,131250,4142
1688932809303,131250,4142
1688932809306,131250,4142
1688932809309,131250,4142
1688932809312,131250,4142
1688932809315,131250,4142
1688932809318,131250,4142
1688932809321,131250,4142
1688932809324,131250,4142
1688932809327,131250,4142
1688932809330,131250,4142
1688932809333,131250,4142
1688932809336,131250,4142
1688932809340,131250,4142
1688932809343,131250,4142
1688932809346,131250,4142
1688932809349,131250,4142
1688932809352,131250,4142
1688932809355,131250,4142
1688932809358,131250,4142
1688932809361,131250,4142
1688932809365,131250,4142
1688932809368,131250,4142
1688932809371,131250,4142
1688932809374,131250,4142
1688932809377,131250,4142
1688932809380,131250,4142
1688932809383,131250,4142
1688932809387,131250,4142
1688932809390,131250,4142
1688932809393,131250,4142
1688932809396,131250,4142
1688932809398,131250,4142
1688932809401,131250,4142
1688932809404,131250,4142
1688932809407,131250,4142
1688932809410,131250,4142
1688932809413,131250,4142
1688932809416,131250,4142
1688932809420,131250,4142
1688932809424,131250,4142
1688932809429,131250,4142
1688932809433,131250,4142
1688932809436,131250,4142
1688932809439,131250,4142
1688932809443,131250,4142
1688932809446,131250,4142
1688932809450,131250,4142
1688932809454,131250,4142
1688932809458,131250,4142
1688932809461,131250,4142
1688932809464,131250,4142
1688932809467,131250,4142
1688932809470,131250,4142
1688932809473,131250,4142
1688932809477,131250,4142
1688932809480,131250,4142
1688932809483,131250,4142
1688932809486,131250,4142
1688932809489,131250,4142
1688932809492,131250,4142
1688932809496,131250,4142
1688932809500,131250,4142
1688932809503,131250,4142
1688932809507,131250,4142
1688932809511,143125,4142
1688932809514,143125,4142
1688932809518,143125,4142
1688932809522,143125,4142
1688932809526,143125,4142
1688932809530,143125,4142
1688932809533,143125,4142
1688932809536,143125,4142
1688932809539,143125,4142
1688932809542,143125,4142
1688932809546,143125,4142
1688932809550,143125,4142
1688932809553,143125,4142
1688932809557,143125,4142
1688932809561,143125,4142
1688932809564,143125,4142
1688932809568,143125,4142
1688932809572,143125,4142
1688932809576,143125,4142
1688932809579,143125,4142
1688932809583,143125,4142
1688932809586,143125,4142
1688932809590,143125,4142
1688932809594,143125,4142
1688932809598,143125,4142
1688932809602,143125,4142
1688932809606,143125,4142
1688932809610,143125,4142
1688932809613,143125,4142
1688932809617,143125,4142
1688932809620,143125,4142
1688932809624,143125,4142
1688932809627,143125,4142
1688932809631,143125,4142
1688932809635,143125,4142
1688932809639,143125,4142
1688932809643,143125,4142
1688932809646,143125,4142
1688932809650,143125,4142
1688932809654,143125,4142
1688932809657,143125,4142
1688932809661,143125,4142
1688932809665,143125,4142
1688932809669,143125,4142
1688932809674,143125,4142
1688932809678,143125,4142
1688932809682,143125,4142
1688932809685,143125,4142
1688932809689,143125,4142
1688932809693,143125,4142
1688932809697,143125,4142
1688932809700,143125,4142
1688932809704,143125,4142
1688932809707,143125,4142
1688932809711,143125,4142
1688932809714,143125,4142
1688932809718,143125,4142
1688932809722,143125,4142
1688932809726,143125,4142
1688932809729,143125,4142
1688932809733,143125,4142
1688932809737,143125,4142
1688932809740,143125,4142
1688932809744,143125,4142
1688932809747,143125,4142
1688932809751,143125,4142
1688932809754,143125,4142
1688932809758,143125,4142
1688932809762,143125,4142
1688932809765,143125,4142
1688932809768,143125,4142
1688932809771,143125,4142
1688932809774,143125,4142
1688932809777,143125,4142
1688932809780,143125,4142
1688932809783,143125,4142
1688932809786,143125,4142
1688932809790,143125,4142
1688932809793,143125,4142
1688932809797,143125,4142
1688932809801,143125,4142
1688932809804,143125,4142
1688932809808,143125,4142
1688932809811,143125,4142
1688932809815,143125,4142
1688932809818,143125,4142
1688932809822,143125,4142
1688932809825,143125,4142
1688932809830,143125,4142
1688932809833,143125,4142
1688932809837,143125,4142
1688932809840,143125,4142
1688932809844,143125,4142
1688932809847,143125,4142
1688932809851,143125,4142
1688932809855,143125,4142
1688932809859,143125,4142
1688932809862,143125,4142
1688932809865,129062,4142
1688932809869,129062,4142
1688932809872,129062,4142
1688932809875,129062,4142
1688932809878,129062,4142
1688932809881,129062,4142
1688932809885,129062,4142
1688932809888,129062,4142
1688932809891,129062,4142
1688932809894,129062,4142
1688932809897,129062,4142
1688932809900,129062,4142
1688932809903,129062,4142
1688932809905,129062,4142
1688932809908,129062,4142
1688932809911,129062,4142
1688932809914,129062,4142
1688932809916,129062,4142
1688932809919,129062,4142
1688932809922,129062,4142
1688932809925,129062,4142
1688932809927,129062,4142
1688932809930,129062,4142
1688932809933,129062,4142
1688932809936,129062,4142
1688932809939,129062,4142
1688932809942,129062,4142
1688932809945,129062,4142
1688932809948,129062,4142
1688932809951,129062,4142
1688932809954,129062,4142
1688932809957,129062,4142
1688932809960,129062,4142
1688932809963,129062,4142
1688932809967,129062,4142
1688932809970,129062,4142
1688932809973,129062,4142
1688932809976,129062,4142
1688932809980,129062,4142
1688932809983,129062,4142
1688932809986,129062,4142
1688932809989,129062,4142
1688932809992,129062,4142
1688932809994,129062,4142
1688932809997,129062,4142
1688932810000,129062,4142
1688932810003,129062,4142
1688932810006,129062,4142
1688932810009,129062,4142
1688932810012,129062,4142
1688932810019,129062,4142
1688932810022,129062,4142
1688932810025,129062,4142
1688932810028,129062,4142
1688932810031,129062,4142
1688932810034,129062,4142
1688932810037,129062,4142
1688932810040,129062,4142
1688932810043,129062,4142
1688932810046,129062,4142
1688932810049,129062,4142
1688932810051,129062,4142
1688932810054,129062,4142
1688932810057,129062,4142
1688932810060,129062,4142
1688932810063,129062,4142
1688932810065,129062,4142
1688932810068,129062,4142
1688932810071,129062,4142
1688932810073,129062,4142
1688932810077,129062,4142
1688932810080,129062,4142
1688932810083,129062,4142
1688932810086,129062,4142
1688932810089,129062,4142
1688932810092,129062,4142
1688932810094,129062,4142
1688932810097,129062,4142
1688932810100,129062,4142
1688932810103,129062,4142
1688932810106,129062,4142
1688932810109,129062,4142
1688932810112,129062,4142
1688932810115,129062,4142
1688932810119,129062,4142
1688932810122,129062,4142
1688932810125,129062,4142
1688932810128,129062,4142
1688932810131,129062,4142
1688932810134,129062,4142
1688932810137,129062,4142
1688932810141,129062,4142
1688932810145,129062,4142
1688932810149,129062,4142
1688932810152,129062,4142
1688932810156,129062,4142
1688932810159,129062,4142
1688932810162,129062,4142
1688932810167,129062,4142
1688932810171,129062,4142
1688932810174,129062,4142
1688932810178,129062,4142
1688932810181,129062,4142
1688932810184,129062,4142
1688932810188,129062,4142
1688932810192,129062,4142
1688932810195,129062,4142
1688932810198,129062,4142
1688932810201,129062,4142
1688932810204,129062,4142
1688932810208,123437,4142
1688932810211,123437,4142
1688932810215,123437,4142
1688932810218,123437,4142
1688932810222,123437,4142
1688932810225,123437,4142
1688932810229,123437,4142
1688932810232,123437,4142
1688932810236,123437,4142
1688932810240,123437,4142
1688932810244,123437,4142
1688932810247,123437,4142
1688932810250,123437,4142
1688932810254,123437,4142
1688932810258,123437,4142
1688932810261,123437,4142
1688932810265,123437,4142
1688932810268,123437,4142
1688932810271,123437,4142
1688932810274,123437,4142
1688932810278,123437,4142
1688932810281,123437,4142
1688932810284,123437,4142
1688932810287,123437,4142
1688932810290,123437,4142
1688932810294,123437,4142
1688932810297,123437,4142
1688932810300,123437,4142
1688932810303,123437,4142
1688932810306,123437,4142
1688932810310,123437,4142
1688932810313,123437,4142
1688932810316,123437,4142
1688932810318,123437,4142
1688932810321,123437,4142
1688932810324,123437,4142
1688932810327,123437,4142
1688932810331,123437,4142
1688932810334,123437,4142
1688932810337,123437,4142
1688932810340,123437,4142
1688932810343,123437,4142
1688932810347,123437,4142
1688932810350,123437,4142
1688932810353,123437,4142
1688932810357,123437,4142
1688932810360,123437,4142
1688932810363,123437,4142
1688932810366,123437,4142
1688932810369,123437,4142
1688932810373,123437,4142
1688932810376,123437,4142
1688932810379,123437,4142
1688932810382,123437,4142
1688932810385,123437,4142
1688932810388,123437,4142
1688932810391,123437,4142
1688932810394,123437,4142
1688932810397,123437,4142
1688932810401,123437,4142
1688932810404,123437,4142
1688932810407,123437,4142
1688932810410,123437,4142
1688932810413,123437,4142
1688932810416,123437,4142
1688932810419,123437,4142
1688932810422,123437,4142
1688932810425,123437,4142
1688932810429,123437,4142
1688932810432,123437,4142
1688932810434,123437,4142
1688932810437,123437,4142
1688932810440,123437,4142
1688932810443,123437,4142
1688932810446,123437,4142
1688932810450,123437,4142
1688932810453,123437,4142
1688932810456,123437,4142
1688932810459,123437,4142
1688932810462,123437,4142
1688932810466,123437,4142
1688932810469,123437,4142
1688932810472,123437,4142
1688932810475,123437,4142
1688932810478,123437,4142
1688932810481,123437,4142
1688932810484,123437,4142
1688932810487,123437,4142
1688932810491,123437,4142
1688932810494,123437,4142
1688932810497,123437,4142
1688932810501,123437,4142
1688932810504,123437,4142
1688932810508,123437,4142
1688932810511,123437,4142
1688932810514,123437,4142
1688932810517,123437,4142
1688932810520,123437,4142
1688932810522,123437,4142
1688932810525,123437,4142
1688932810528,123437,4142
1688932810530,123437,4142
1688932810533,123437,4142
1688932810536,123437,4142
1688932810540,123437,4142
1688932810543,123437,4142
1688932810546,123437,4142
1688932810550,123437,4142
1688932810554,123437,4142
1688932810557,123437,4142
1688932810561,123437,4142
1688932810564,140937,4142
1688932810568,140937,4142
1688932810572,140937,4142
1688932810576,140937,4142
1688932810579,140937,4142
1688932810583,140937,4142
1688932810586,140937,4142
1688932810590,140937,4142
1688932810593,140937,4142
1688932810597,140937,4142
1688932810601,140937,4142
1688932810605,140937,4142
1688932810608,140937,4142
1688932810612,140937,4142
1688932810616,140937,4142
1688932810619,140937,4142
1688932810623,140937,4142
1688932810627,140937,4142
1688932810631,140937,4142
1688932810634,140937,4142
1688932810638,140937,4142
1688932810642,140937,4142
1688932810646,140937,4142
1688932810650,140937,4142
1688932810653,140937,4142
1688932810657,140937,4142
1688932810660,140937,4142
1688932810664,140937,4142
1688932810667,140937,4142
1688932810671,140937,4142
1688932810675,140937,4142
1688932810678,140937,4142
1688932810681,140937,4142
1688932810685,140937,4142
1688932810689,140937,4142
1688932810693,140937,4142
1688932810696,140937,4142
1688932810700,140937,4142
1688932810704,140937,4142
1688932810707,140937,4142
1688932810711,140937,4142
1688932810715,140937,4142
1688932810719,140937,4142
1688932810722,140937,4142
1688932810725,140937,4142
1688932810729,140937,4142
1688932810733,140937,4142
1688932810737,140937,4142
1688932810741,140937,4142
1688932810744,140937,4142
1688932810748,140937,4142
1688932810751,140937,4142
1688932810755,140937,4142
1688932810758,140937,4142
1688932810761,140937,4142
1688932810765,140937,4142
1688932810768,140937,4142
1688932810771,140937,4142
1688932810775,140937,4142
1688932810777,140937,4142
1688932810780,140937,4142
1688932810783,140937,4142
1688932810786,140937,4142
1688932810790,140937,4142
1688932810793,140937,4142
1688932810796,140937,4142
1688932810799,140937,4142
1688932810802,140937,4142
1688932810805,140937,4142
1688932810808,140937,4142
1688932810811,140937,4142
1688932810814,140937,4142
1688932810817,140937,4142
1688932810824,140937,4142
1688932810827,140937,4142
1688932810830,140937,4142
1688932810834,140937,4142
1688932810837,140937,4142
1688932810840,140937,4142
1688932810843,140937,4142
1688932810847,140937,4142
1688932810850,140937,4142
1688932810854,140937,4142
1688932810857,140937,4142
1688932810861,140937,4142
1688932810865,140937,4142
1688932810868,140937,4142
1688932810871,140937,4142
1688932810875,140937,4142
1688932810878,140937,4142
1688932810882,140937,4142
1688932810885,140937,4142
1688932810890,140937,4142
1688932810893,140937,4142
1688932810897,140937,4142
1688932810901,140937,4142
1688932810904,140937,4142
1688932810907,140937,4142
1688932810911,134062,4142
1688932810915,134062,4142
1688932810918,134062,4142
1688932810922,134062,4142
1688932810926,134062,4142
1688932810929,134062,4142
1688932810933,134062,4142
1688932810936,134062,4142
1688932810939,134062,4142
1688932810942,134062,4142
1688932810945,134062,4142
1688932810948,134062,4142
1688932810951,134062,4142
1688932810954,134062,4142
1688932810957,134062,4142
1688932810961,134062,4142
1688932810964,134062,4142
1688932810968,134062,4142
1688932810972,134062,4142
1688932810975,134062,4142
1688932810978,134062,4142
1688932810982,134062,4142
1688932810986,134062,4142
1688932810989,134062,4142
1688932810993,134062,4142
1688932810996,134062,4142
1688932811000,134062,4142
1688932811004,134062,4142
1688932811008,134062,4142
1688932811011,134062,4142
1688932811014,134062,4142
1688932811018,134062,4142
1688932811022,134062,4142
1688932811026,134062,4142
1688932811030,134062,4142
1688932811033,134062,4142
1688932811036,134062,4142
1688932811040,134062,4142
1688932811044,134062,4142
1688932811048,134062,4142
1688932811051,134062,4142
1688932811054,134062,4142
1688932811060,134062,4142
1688932811063,134062,4142
1688932811067,134062,4142
1688932811070,134062,4142
1688932811073,134062,4142
1688932811077,134062,4142
1688932811081,134062,4142
1688932811084,134062,4142
1688932811088,134062,4142
1688932811091,134062,4142
1688932811096,134062,4142
1688932811099,134062,4142
1688932811102,134062,4142
1688932811105,134062,4142
1688932811108,134062,4142
1688932811111,134062,4142
1688932811115,134062,4142
1688932811118,134062,4142
1688932811122,134062,4142
1688932811125,134062,4142
1688932811129,134062,4142
1688932811132,134062,4142
1688932811136,134062,4142
1688932811139,134062,4142
1688932811142,134062,4142
1688932811145,134062,4142
1688932811148,134062,4142
1688932811152,134062,4142
1688932811156,134062,4142
1688932811160,134062,4142
1688932811164,134062,4142
1688932811168,134062,4142
1688932811171,134062,4142
1688932811174,134062,4142
1688932811178,134062,4142
1688932811182,134062,4142
1688932811187,134062,4142
1688932811190,134062,4142
1688932811193,134062,4142
1688932811197,134062,4142
1688932811200,134062,4142
1688932811204,134062,4142
1688932811208,134062,4142
1688932811211,134062,4142
1688932811214,134062,4142
1688932811218,134062,4142
1688932811222,134062,4142
1688932811225,134062,4142
1688932811228,134062,4142
1688932811233,134062,4142
1688932811236,134062,4142
1688932811240,134062,4142
1688932811244,134062,4142
1688932811247,134062,4142
1688932811250,134062,4142
1688932811254,134062,4142
1688932811258,134062,4142
1688932811262,134062,4142
1688932811265,134062,4142
1688932811268,141562,4142
1688932811272,141562,4142
1688932811276,141562,4142
1688932811280,141562,4142
1688932811284,141562,4142
1688932811288,141562,4142
1688932811292,141562,4142
1688932811296,141562,4142
1688932811300,141562,4142
1688932811303,141562,4142
1688932811306,141562,4142
1688932811310,141562,4142
1688932811313,141562,4142
1688932811316,141562,4142
1688932811319,141562,4142
1688932811323,141562,4142
1688932811326,141562,4142
1688932811329,141562,4142
1688932811333,141562,4142
1688932811336,141562,4142
1688932811340,141562,4142
1688932811344,141562,4142
1688932811348,141562,4142
1688932811351,141562,4142
1688932811355,141562,4142
1688932811359,141562,4142
1688932811362,141562,4142
1688932811365,141562,4142
1688932811368,141562,4142
1688932811372,141562,4142
1688932811375,141562,4142
1688932811378,141562,4142
1688932811381,141562,4142
1688932811385,141562,4142
1688932811389,141562,4142
1688932811393,141562,4142
1688932811398,141562,4142
1688932811401,141562,4142
1688932811404,141562,4142
1688932811407,141562,4142
1688932811411,141562,4142
1688932811414,141562,4142
1688932811418,141562,4142
1688932811421,141562,4142
1688932811424,141562,4142
1688932811427,141562,4142
1688932811430,141562,4142
1688932811433,141562,4142
1688932811437,141562,4142
1688932811440,141562,4142
1688932811442,141562,4142
1688932811445,141562,4142
1688932811448,141562,4142
1688932811451,141562,4142
1688932811454,141562,4142
1688932811457,141562,4142
1688932811459,141562,4142
1688932811462,141562,4142
1688932811465,141562,4142
1688932811468,141562,4142
1688932811471,141562,4142
1688932811474,141562,4142
1688932811477,141562,4142
1688932811479,141562,4142
1688932811483,141562,4142
1688932811486,141562,4142
1688932811489,141562,4142
1688932811492,141562,4142
1688932811494,141562,4142
1688932811497,141562,4142
1688932811500,141562,4142
1688932811503,141562,4142
1688932811506,141562,4142
1688932811509,141562,4142
1688932811513,141562,4142
1688932811516,141562,4142
1688932811520,141562,4142
1688932811523,141562,4142
1688932811527,141562,4142
1688932811530,141562,4142
1688932811533,141562,4142
1688932811537,141562,4142
1688932811540,141562,4142
1688932811543,141562,4142
1688932811546,141562,4142
1688932811549,141562,4142
1688932811552,141562,4142
1688932811556,141562,4142
1688932811559,141562,4142
1688932811562,141562,4142
1688932811565,141562,4142
1688932811568,141562,4142
1688932811570,141562,4142
1688932811573,141562,4142
1688932811576,141562,4142
1688932811580,141562,4142
1688932811583,141562,4142
1688932811586,141562,4142
1688932811588,141562,4142
1688932811591,141562,4142
1688932811594,141562,4142
1688932811597,141562,4142
1688932811600,141562,4142
1688932811603,141562,4142
1688932811606,141562,4142
1688932811609,141562,4142
1688932811612,204687,4142
1688932811615,204687,4142
1688932811619,204687,4142
1688932811622,204687,4142
1688932811625,204687,4142
1688932811628,204687,4142
1688932811631,204687,4142
1688932811633,204687,4142
1688932811637,204687,4142
1688932811640,204687,4142
1688932811643,204687,4142
1688932811646,204687,4142
1688932811649,204687,4142
1688932811653,204687,4142
1688932811656,204687,4142
1688932811659,204687,4142
1688932811663,204687,4142
1688932811667,204687,4142
1688932811671,204687,4142
1688932811674,204687,4142
1688932811678,204687,4142
1688932811682,204687,4142
1688932811686,204687,4142
1688932811690,204687,4142
1688932811693,204687,4142
1688932811697,204687,4142
1688932811701,204687,4142
1688932811704,204687,4142
1688932811708,204687,4142
1688932811712,204687,4142
1688932811716,204687,4142
1688932811719,204687,4142
1688932811723,204687,4142
1688932811727,204687,4142
1688932811731,204687,4142
1688932811734,204687,4142
1688932811737,204687,4142
1688932811740,204687,4142
1688932811744,204687,4142
1688932811747,204687,4142
1688932811751,204687,4142
1688932811755,204687,4142
1688932811759,204687,4142
1688932811762,204687,4142
1688932811766,204687,4142
1688932811770,204687,4142
1688932811773,204687,4142
1688932811776,204687,4142
1688932811779,204687,4142
1688932811782,204687,4142
1688932811786,204687,4142
1688932811790,204687,4142
1688932811795,204687,4142
1688932811799,204687,4142
1688932811803,204687,4142
1688932811806,204687,4142
1688932811809,204687,4142
1688932811813,204687,4142
1688932811817,204687,4142
1688932811821,204687,4142
1688932811824,204687,4142
1688932811828,204687,4142
1688932811832,204687,4142
1688932811835,204687,4142
1688932811838,204687,4142
1688932811841,204687,4142
1688932811844,204687,4142
1688932811847,204687,4142
1688932811850,204687,4142
1688932811853,204687,4142
1688932811855,204687,4142
1688932811859,204687,4142
1688932811861,204687,4142
1688932811864,204687,4142
1688932811867,204687,4142
1688932811870,204687,4142
1688932811872,204687,4142
1688932811876,204687,4142
1688932811878,204687,4142
1688932811882,204687,4142
1688932811885,204687,4142
1688932811887,204687,4142
1688932811891,204687,4142
1688932811894,204687,4142
1688932811897,204687,4142
1688932811901,204687,4142
1688932811904,204687,4142
1688932811907,204687,4142
1688932811910,204687,4142
1688932811914,204687,4142
1688932811917,204687,4142
1688932811920,204687,4142
1688932811923,204687,4142
1688932811926,204687,4142
1688932811930,204687,4142
1688932811933,204687,4142
1688932811937,204687,4142
1688932811941,204687,4142
1688932811944,204687,4142
1688932811948,204687,4142
1688932811951,204687,4142
1688932811955,204687,4142
1688932811959,204687,4142
1688932811963,204687,4142
1688932811966,134062,4142
1688932811969,134062,4142
1688932811973,134062,4142
1688932811977,134062,4142
1688932811981,134062,4142
1688932811984,134062,4142
1688932811987,134062,4142
1688932811991,134062,4142
1688932811995,134062,4142
1688932811998,134062,4142
1688932812002,134062,4142
1688932812006,134062,4142
1688932812010,134062,4142
1688932812014,134062,4142
1688932812017,134062,4142
1688932812021,134062,4142
1688932812025,134062,4142
1688932812029,134062,4142
1688932812032,134062,4142
1688932812036,134062,4142
1688932812040,134062,4142
1688932812043,134062,4142
1688932812046,134062,4142
1688932812050,134062,4142
1688932812054,134062,4142
1688932812058,134062,4142
1688932812061,134062,4142
1688932812065,134062,4142
1688932812068,134062,4142
1688932812072,134062,4142
1688932812076,134062,4142
1688932812080,134062,4142
1688932812084,134062,4142
1688932812087,134062,4142
1688932812090,134062,4142
1688932812094,134062,4142
1688932812097,134062,4142
1688932812102,134062,4142
1688932812105,134062,4142
1688932812108,134062,4142
1688932812111,134062,4142
1688932812115,134062,4142
1688932812118,134062,4142
1688932812121,134062,4142
1688932812124,134062,4142
1688932812128,134062,4142
1688932812131,134062,4142
1688932812135,134062,4142
1688932812138,134062,4142
1688932812141,134062,4142
1688932812144,134062,4142
1688932812148,134062,4142
1688932812151,134062,4142
1688932812155,134062,4142
1688932812158,134062,4142
1688932812161,134062,4142
1688932812164,134062,4142
1688932812168,134062,4142
1688932812171,134062,4142
1688932812174,134062,4142
1688932812178,134062,4142
1688932812182,134062,4142
1688932812185,134062,4142
1688932812188,134062,4142
1688932812192,134062,4142
1688932812196,134062,4142
1688932812199,134062,4142
1688932812203,134062,4142
1688932812207,134062,4142
1688932812211,134062,4142
1688932812214,134062,4142
1688932812218,134062,4142
1688932812221,134062,4142
1688932812224,134062,4142
1688932812227,134062,4142
1688932812231,134062,4142
1688932812234,134062,4142
1688932812237,134062,4142
1688932812241,134062,4142
1688932812246,134062,4142
1688932812249,134062,4142
1688932812253,134062,4142
1688932812257,134062,4142
1688932812261,134062,4142
1688932812264,134062,4142
1688932812268,134062,4142
1688932812271,134062,4142
1688932812275,134062,4142
1688932812278,134062,4142
1688932812281,134062,4142
1688932812285,134062,4142
1688932812288,134062,4142
1688932812293,134062,4142
1688932812296,134062,4142
1688932812300,134062,4142
1688932812303,134062,4142
1688932812307,134062,4142
1688932812311,115625,4142
1688932812314,115625,4142
1688932812318,115625,4142
1688932812322,115625,4142
1688932812326,115625,4142
1688932812329,115625,4142
1688932812333,115625,4142
1688932812336,115625,4142
1688932812339,115625,4142
1688932812342,115625,4142
1688932812346,115625,4142
1688932812350,115625,4142
1688932812354,115625,4142
1688932812358,115625,4142
1688932812361,115625,4142
1688932812364,115625,4142
1688932812367,115625,4142
1688932812371,115625,4142
1688932812375,115625,4142
1688932812379,115625,4142
1688932812383,115625,4142
1688932812387,115625,4142
1688932812390,115625,4142
1688932812394,115625,4142
1688932812398,115625,4142
1688932812401,115625,4142
1688932812405,115625,4142
1688932812408,115625,4142
1688932812411,115625,4142
1688932812415,115625,4142
1688932812419,115625,4142
1688932812422,115625,4142
1688932812425,115625,4142
1688932812428,115625,4142
1688932812431,115625,4142
1688932812434,115625,4142
1688932812437,115625,4142
1688932812441,115625,4142
1688932812444,115625,4142
1688932812448,115625,4142
1688932812451,115625,4142
1688932812455,115625,4142
1688932812459,115625,4142
1688932812463,115625,4142
1688932812466,115625,4142
1688932812469,115625,4142
1688932812472,115625,4142
1688932812475,115625,4142
1688932812477,115625,4142
1688932812480,115625,4142
1688932812483,115625,4142
1688932812486,115625,4142
1688932812489,115625,4142
1688932812493,115625,4142
1688932812496,115625,4142
1688932812499,115625,4142
1688932812503,115625,4142
1688932812507,115625,4142
1688932812510,115625,4142
1688932812514,115625,4142
1688932812517,115625,4142
1688932812521,115625,4142
1688932812524,115625,4142
1688932812528,115625,4142
1688932812531,115625,4142
1688932812535,115625,4142
1688932812538,115625,4142
1688932812542,115625,4142
1688932812545,115625,4142
1688932812548,115625,4142
1688932812551,115625,4142
1688932812554,115625,4142
1688932812557,115625,4142
1688932812560,115625,4142
1688932812563,115625,4142
1688932812566,115625,4142
1688932812569,115625,4142
1688932812572,115625,4142
1688932812576,115625,4142
1688932812579,115625,4142
1688932812582,115625,4142
1688932812586,115625,4142
1688932812589,115625,4142
1688932812592,115625,4142
1688932812596,115625,4142
1688932812599,115625,4142
1688932812602,115625,4142
1688932812606,115625,4142
1688932812609,115625,4142
1688932812612,115625,4142
1688932812615,115625,4142
1688932812618,115625,4142
1688932812621,115625,4142
1688932812624,115625,4142
1688932812627,115625,4142
1688932812630,115625,4142
1688932812633,115625,4142
1688932812637,115625,4142
1688932812640,115625,4142
1688932812643,115625,4142
1688932812647,115625,4142
1688932812650,115625,4142
1688932812653,115625,4142
1688932812656,115625,4142
1688932812659,115625,4142
1688932812662,115625,4142
1688932812665,115625,4142
1688932812668,203437,4142
1688932812671,203437,4142
1688932812674,203437,4142
1688932812677,203437,4142
1688932812680,203437,4142
1688932812682,203437,4142
1688932812685,203437,4142
1688932812688,203437,4142
1688932812691,203437,4142
1688932812694,203437,4142
1688932812698,203437,4142
1688932812701,203437,4142
1688932812704,203437,4142
1688932812707,203437,4142
1688932812710,203437,4142
1688932812713,203437,4142
1688932812717,203437,4142
1688932812720,203437,4142
1688932812723,203437,4142
1688932812726,203437,4142
1688932812729,203437,4142
1688932812733,203437,4142
1688932812736,203437,4142
1688932812739,203437,4142
1688932812742,203437,4142
1688932812745,203437,4142
1688932812749,203437,4142
1688932812752,203437,4142
1688932812756,203437,4142
1688932812759,203437,4142
1688932812762,203437,4142
1688932812765,203437,4142
1688932812768,203437,4142
1688932812771,203437,4142
1688932812774,203437,4142
1688932812777,203437,4142
1688932812780,203437,4142
1688932812783,203437,4142
1688932812786,203437,4142
1688932812789,203437,4142
1688932812793,203437,4142
1688932812796,203437,4142
1688932812799,203437,4142
1688932812803,203437,4142
1688932812806,203437,4142
1688932812810,203437,4142
1688932812814,203437,4142
1688932812817,203437,4142
1688932812821,203437,4142
1688932812825,203437,4142
1688932812828,203437,4142
1688932812831,203437,4142
1688932812834,203437,4142
1688932812837,203437,4142
1688932812841,203437,4142
1688932812845,203437,4142
1688932812848,203437,4142
1688932812852,203437,4142
1688932812856,203437,4142
1688932812860,203437,4142
1688932812863,203437,4142
1688932812866,203437,4142
1688932812869,203437,4142
1688932812873,203437,4142
1688932812877,203437,4142
1688932812881,203437,4142
1688932812885,203437,4142
1688932812888,203437,4142
1688932812892,203437,4142
1688932812895,203437,4142
1688932812899,203437,4142
1688932812903,203437,4142
1688932812906,203437,4142
1688932812910,203437,4142
1688932812914,203437,4142
1688932812918,203437,4142
1688932812922,203437,4142
1688932812925,203437,4142
1688932812929,203437,4142
1688932812933,203437,4142
1688932812937,203437,4142
1688932812941,203437,4142
1688932812945,203437,4142
1688932812948,203437,4142
1688932812952,203437,4142
1688932812955,203437,4142
1688932812959,203437,4142
1688932812964,203437,4142
1688932812967,203437,4142
1688932812971,203437,4142
1688932812975,203437,4142
1688932812979,203437,4142
1688932812982,203437,4142
1688932812985,203437,4142
1688932812989,203437,4142
1688932812993,203437,4142
1688932812996,203437,4142
1688932813000,203437,4142
1688932813003,203437,4142
1688932813007,203437,4142
1688932813011,203437,4142
1688932813014,136562,4142
1688932813018,136562,4142
1688932813021,136562,4142
1688932813024,136562,4142
1688932813028,136562,4142
1688932813032,136562,4142
1688932813035,136562,4142
1688932813038,136562,4142
1688932813042,136562,4142
1688932813046,136562,4142
1688932813050,136562,4142
1688932813054,136562,4142
1688932813057,136562,4142
1688932813060,136562,4142
1688932813065,136562,4142
1688932813068,136562,4142
1688932813072,136562,4142
1688932813076,136562,4142
1688932813079,136562,4142
1688932813082,136562,4142
1688932813086,136562,4142
1688932813089,136562,4142
1688932813093,136562,4142
1688932813096,136562,4142
1688932813100,136562,4142
1688932813104,136562,4142
1688932813107,136562,4142
1688932813111,136562,4142
1688932813114,136562,4142
1688932813118,136562,4142
1688932813121,136562,4142
1688932813124,136562,4142
1688932813127,136562,4142
1688932813131,136562,4142
1688932813134,136562,4142
1688932813138,136562,4142
1688932813141,136562,4142
1688932813145,136562,4142
1688932813148,136562,4142
1688932813152,136562,4142
1688932813155,136562,4142
1688932813159,136562,4142
1688932813162,136562,4142
1688932813165,136562,4142
1688932813168,136562,4142
1688932813172,136562,4142
1688932813175,136562,4142
1688932813178,136562,4142
1688932813181,136562,4142
1688932813184,136562,4142
1688932813188,136562,4142
1688932813191,136562,4142
1688932813194,136562,4142
1688932813197,136562,4142
1688932813201,136562,4142
1688932813205,136562,4142
1688932813208,136562,4142
1688932813211,136562,4142
1688932813215,136562,4142
1688932813218,136562,4142
1688932813221,136562,4142
1688932813229,136562,4142
1688932813233,136562,4142
1688932813236,136562,4142
1688932813239,136562,4142
1688932813243,136562,4142
1688932813246,136562,4142
1688932813250,136562,4142
1688932813253,136562,4142
1688932813256,136562,4142
1688932813259,136562,4142
1688932813262,136562,4142
1688932813265,136562,4142
1688932813269,136562,4142
1688932813271,136562,4142
1688932813274,136562,4142
1688932813278,136562,4142
1688932813281,136562,4142
1688932813285,136562,4142
1688932813288,136562,4142
1688932813291,136562,4142
1688932813295,136562,4142
1688932813299,136562,4142
1688932813303,136562,4142
1688932813306,136562,4142
1688932813310,136562,4142
1688932813313,136562,4142
1688932813316,136562,4142
1688932813319,136562,4142
1688932813322,136562,4142
1688932813325,136562,4142
1688932813329,136562,4142
1688932813332,136562,4142
1688932813336,136562,4142
1688932813340,136562,4142
1688932813343,136562,4142
1688932813347,136562,4142
1688932813351,136562,4142
1688932813354,136562,4142
1688932813358,136562,4142
1688932813362,136562,4142
1688932813365,136562,4142
1688932813368,136562,4142
1688932813371,136562,4142
1688932813374,136562,4142
1688932813378,136562,4142
1688932813381,136562,4142
1688932813384,136562,4142
1688932813388,136562,4142
1688932813391,136562,4142
1688932813394,136562,4142
1688932813398,136562,4142
1688932813401,136562,4142
1688932813405,136562,4142
1688932813408,136562,4142
1688932813412,136562,4142
1688932813416,136562,4142
1688932813420,136562,4142
1688932813423,136562,4142
1688932813426,136562,4142
1688932813430,136562,4142
1688932813433,136562,4142
1688932813438,136562,4142
1688932813442,136562,4142
1688932813445,136562,4142
1688932813448,136562,4142
1688932813451,136562,4142
1688932813454,136562,4142
1688932813458,136562,4142
1688932813461,136562,4142
1688932813465,136562,4142
1688932813468,136562,4142
1688932813471,136562,4142
1688932813475,136562,4142
1688932813479,136562,4142
1688932813483,136562,4142
1688932813486,136562,4142
1688932813489,136562,4142
1688932813493,136562,4142
1688932813497,136562,4142
1688932813500,136562,4142
1688932813504,136562,4142
1688932813508,136562,4142
1688932813513,136562,4142
1688932813517,136562,4142
1688932813520,136562,4142
1688932813524,136562,4142
1688932813527,136562,4142
1688932813533,136562,4142
1688932813537,136562,4142
1688932813540,136562,4142
1688932813544,136562,4142
1688932813547,136562,4142
1688932813551,136562,4142
1688932813555,136562,4142
1688932813559,136562,4142
1688932813563,136562,4142
1688932813566,136562,4142
1688932813571,136562,4142
1688932813574,136562,4142
1688932813579,136562,4142
1688932813582,136562,4142
1688932813585,136562,4142
1688932813588,136562,4142
1688932813593,136562,4142
1688932813597,136562,4142
1688932813601,136562,4142
1688932813604,136562,4142
1688932813608,136562,4142
1688932813612,136562,4142
1688932813616,136562,4142
1688932813620,136562,4142
1688932813623,136562,4142
1688932813628,136562,4142
1688932813632,136562,4142
1688932813636,136562,4142
1688932813640,136562,4142
1688932813643,136562,4142
1688932813646,136562,4142
1688932813650,136562,4142
1688932813654,136562,4142
1688932813657,136562,4142
1688932813660,136562,4142
1688932813663,136562,4142
1688932813667,136562,4142
1688932813670,136562,4142
1688932813673,136562,4142
1688932813676,136562,4142
1688932813680,136562,4142
1688932813683,136562,4142
1688932813686,136562,4142
1688932813689,136562,4142
1688932813692,136562,4142
1688932813695,136562,4142
1688932813698,136562,4142
1688932813701,136562,4142
1688932813704,136562,4142
1688932813707,136562,4142
1688932813710,136562,4142
1688932813714,218437,4142
1688932813717,218437,4142
1688932813720,218437,4142
1688932813723,218437,4142
1688932813727,218437,4142
1688932813730,218437,4142
1688932813733,218437,4142
1688932813737,218437,4142
1688932813740,218437,4142
1688932813743,218437,4142
1688932813746,218437,4142
1688932813750,218437,4142
1688932813753,218437,4142
1688932813756,218437,4142
1688932813759,218437,4142
1688932813762,218437,4142
1688932813766,218437,4142
1688932813769,218437,4142
1688932813772,218437,4142
1688932813776,218437,4142
1688932813779,218437,4142
1688932813782,218437,4142
1688932813785,218437,4142
1688932813788,218437,4142
1688932813791,218437,4142
1688932813794,218437,4142
1688932813797,218437,4142
1688932813800,218437,4142
1688932813803,218437,4142
1688932813806,218437,4142
1688932813809,218437,4142
1688932813812,218437,4142
1688932813815,218437,4142
1688932813818,218437,4142
1688932813821,218437,4142
1688932813824,218437,4142
1688932813828,218437,4142
1688932813831,218437,4142
1688932813834,218437,4142
1688932813839,218437,4142
1688932813842,218437,4142
1688932813845,218437,4142
1688932813848,218437,4142
1688932813851,218437,4142
1688932813854,218437,4142
1688932813857,218437,4142
1688932813860,218437,4142
1688932813863,218437,4142
1688932813866,218437,4142
1688932813868,218437,4142
1688932813872,218437,4142
1688932813875,218437,4142
1688932813878,218437,4142
1688932813881,218437,4142
1688932813884,218437,4142
1688932813888,218437,4142
1688932813891,218437,4142
1688932813894,218437,4142
1688932813897,218437,4142
1688932813901,218437,4142
1688932813904,218437,4142
1688932813907,218437,4142
1688932813910,218437,4142
1688932813914,218437,4142
1688932813918,218437,4142
1688932813922,218437,4142
1688932813926,218437,4142
1688932813929,218437,4142
1688932813932,218437,4142
1688932813935,218437,4142
1688932813939,218437,4142
1688932813943,218437,4142
1688932813946,218437,4142
1688932813950,218437,4142
1688932813954,218437,4142
1688932813958,218437,4142
1688932813961,218437,4142
1688932813965,218437,4142
1688932813968,218437,4142
1688932813971,218437,4142
1688932813975,218437,4142
1688932813979,218437,4142
1688932813983,218437,4142
1688932813986,218437,4142
1688932813990,218437,4142
1688932813994,218437,4142
1688932813997,218437,4142
1688932814001,218437,4142
1688932814004,218437,4142
1688932814007,218437,4142
1688932814011,218437,4142
1688932814015,218437,4142
1688932814018,218437,4142
1688932814021,218437,4142
1688932814024,218437,4142
1688932814027,218437,4142
1688932814031,218437,4142
1688932814034,218437,4142
1688932814037,218437,4142
1688932814040,218437,4142
1688932814043,218437,4142
1688932814046,218437,4142
1688932814050,218437,4142
1688932814053,218437,4142
1688932814056,218437,4142
1688932814060,218437,4142
1688932814064,218437,4142
1688932814067,218437,4142
1688932814070,131875,4142
1688932814074,131875,4142
1688932814077,131875,4142
1688932814080,131875,4142
1688932814083,131875,4142
1688932814086,131875,4142
1688932814090,131875,4142
1688932814093,131875,4142
1688932814095,131875,4142
1688932814098,131875,4142
1688932814103,131875,4142
1688932814107,131875,4142
1688932814110,131875,4142
1688932814113,131875,4142
1688932814116,131875,4142
1688932814120,131875,4142
1688932814124,131875,4142
1688932814127,131875,4142
1688932814131,131875,4142
1688932814136,131875,4142
1688932814139,131875,4142
1688932814143,131875,4142
1688932814147,131875,4142
1688932814150,131875,4142
1688932814154,131875,4142
1688932814158,131875,4142
1688932814162,131875,4142
1688932814165,131875,4142
1688932814169,131875,4142
1688932814172,131875,4142
1688932814176,131875,4142
1688932814179,131875,4142
1688932814182,131875,4142
1688932814186,131875,4142
1688932814189,131875,4142
1688932814192,131875,4142
1688932814195,131875,4142
1688932814199,131875,4142
1688932814203,131875,4142
1688932814207,131875,4142
1688932814210,131875,4142
1688932814215,131875,4142
1688932814218,131875,4142
1688932814221,131875,4142
1688932814224,131875,4142
1688932814229,131875,4142
1688932814231,131875,4142
1688932814234,131875,4142
1688932814236,131875,4142
1688932814239,131875,4142
1688932814241,131875,4142
1688932814244,131875,4142
1688932814246,131875,4142
1688932814249,131875,4142
1688932814251,131875,4142
1688932814253,131875,4142
1688932814256,131875,4142
1688932814258,131875,4142
1688932814260,131875,4142
1688932814262,131875,4142
1688932814265,131875,4142
1688932814267,131875,4142
1688932814269,131875,4142
1688932814272,131875,4142
1688932814276,131875,4142
1688932814278,131875,4142
1688932814281,131875,4142
1688932814283,131875,4142
1688932814286,131875,4142
1688932814289,131875,4142
1688932814292,131875,4142
1688932814294,131875,4142
1688932814297,131875,4142
1688932814301,131875,4142
1688932814305,131875,4142
1688932814308,131875,4142
1688932814313,131875,4142
1688932814316,131875,4142
1688932814319,131875,4142
1688932814323,131875,4142
1688932814326,131875,4142
1688932814329,131875,4142
1688932814332,131875,4142
1688932814336,131875,4142
1688932814339,131875,4142
1688932814342,131875,4142
1688932814345,131875,4142
1688932814348,131875,4142
1688932814352,131875,4142
1688932814355,131875,4142
1688932814359,131875,4142
1688932814362,131875,4142
1688932814365,131875,4142
1688932814368,131875,4142
1688932814371,131875,4142
1688932814375,131875,4142
1688932814378,131875,4142
1688932814381,131875,4142
1688932814384,131875,4142
1688932814387,131875,4142
1688932814390,131875,4142
1688932814394,131875,4142
1688932814398,131875,4142
1688932814402,131875,4142
1688932814405,131875,4142
1688932814408,131875,4142
1688932814412,131875,4142
1688932814415,128437,4142
1688932814418,128437,4142
1688932814421,128437,4142
1688932814424,128437,4142
1688932814428,128437,4142
1688932814431,128437,4142
1688932814435,128437,4142
1688932814438,128437,4142
1688932814441,128437,4142
1688932814444,128437,4142
1688932814447,128437,4142
1688932814451,128437,4142
1688932814455,128437,4142
1688932814458,128437,4142
1688932814461,128437,4142
1688932814464,128437,4142
1688932814468,128437,4142
1688932814471,128437,4142
1688932814474,128437,4142
1688932814477,128437,4142
1688932814481,128437,4142
1688932814484,128437,4142
1688932814488,128437,4142
1688932814491,128437,4142
1688932814494,128437,4142
1688932814497,128437,4142
1688932814500,128437,4142
1688932814503,128437,4142
1688932814506,128437,4142
1688932814508,128437,4142
1688932814513,128437,4142
1688932814516,128437,4142
1688932814519,128437,4142
1688932814522,128437,4142
1688932814525,128437,4142
1688932814528,128437,4142
1688932814531,128437,4142
1688932814534,128437,4142
1688932814538,128437,4142
1688932814541,128437,4142
1688932814544,128437,4142
1688932814548,128437,4142
1688932814551,128437,4142
1688932814555,128437,4142
1688932814558,128437,4142
1688932814561,128437,4142
1688932814564,128437,4142
1688932814568,128437,4142
1688932814571,128437,4142
1688932814574,128437,4142
1688932814577,128437,4142
1688932814581,128437,4142
1688932814584,128437,4142
1688932814587,128437,4142
1688932814590,128437,4142
1688932814594,128437,4142
1688932814597,128437,4142
1688932814600,128437,4142
1688932814603,128437,4142
1688932814607,128437,4142
1688932814611,128437,4142
1688932814615,128437,4142
1688932814618,128437,4142
1688932814622,128437,4142
1688932814626,128437,4142
1688932814629,128437,4142
1688932814633,128437,4142
1688932814637,128437,4142
1688932814641,128437,4142
1688932814644,128437,4142
1688932814648,128437,4142
1688932814651,128437,4142
1688932814655,128437,4142
1688932814658,128437,4142
1688932814661,128437,4142
1688932814664,128437,4142
1688932814668,128437,4142
1688932814671,128437,4142
1688932814675,128437,4142
1688932814678,128437,4142
1688932814681,128437,4142
1688932814684,128437,4142
1688932814687,128437,4142
1688932814691,128437,4142
1688932814694,128437,4142
1688932814697,128437,4142
1688932814700,128437,4142
1688932814703,128437,4142
1688932814706,128437,4142
1688932814710,128437,4142
1688932814714,128437,4142
1688932814717,128437,4142
1688932814720,128437,4142
1688932814724,128437,4142
1688932814728,128437,4142
1688932814731,128437,4142
1688932814734,128437,4142
1688932814737,128437,4142
1688932814741,128437,4142
1688932814745,128437,4142
1688932814749,128437,4142
1688932814753,128437,4142
1688932814756,128437,4142
1688932814759,128437,4142
1688932814763,128437,4142
1688932814767,128437,4142
1688932814772,120000,4142
1688932814775,120000,4142
1688932814779,120000,4142
1688932814782,120000,4142
1688932814785,120000,4142
1688932814788,120000,4142
1688932814791,120000,4142
1688932814794,120000,4142
1688932814797,120000,4142
1688932814801,120000,4142
1688932814804,120000,4142
1688932814808,120000,4142
1688932814811,120000,4142
1688932814814,120000,4142
1688932814817,120000,4142
1688932814821,120000,4142
1688932814824,120000,4142
1688932814827,120000,4142
1688932814830,120000,4142
1688932814833,120000,4142
1688932814836,120000,4142
1688932814840,120000,4142
1688932814843,120000,4142
1688932814846,120000,4142
1688932814849,120000,4142
1688932814852,120000,4142
1688932814855,120000,4142
1688932814858,120000,4142
1688932814861,120000,4142
1688932814864,120000,4142
1688932814867,120000,4142
1688932814870,120000,4142
1688932814873,120000,4142
1688932814876,120000,4142
1688932814879,120000,4142
1688932814882,120000,4142
1688932814885,120000,4142
1688932814888,120000,4142
1688932814891,120000,4142
1688932814894,120000,4142
1688932814897,120000,4142
1688932814900,120000,4142
1688932814903,120000,4142
1688932814906,120000,4142
1688932814910,120000,4142
1688932814913,120000,4142
1688932814916,120000,4142
1688932814919,120000,4142
1688932814923,120000,4142
1688932814926,120000,4142
1688932814929,120000,4142
1688932814932,120000,4142
1688932814935,120000,4142
1688932814938,120000,4142
1688932814941,120000,4142
1688932814944,120000,4142
1688932814947,120000,4142
1688932814950,120000,4142
1688932814953,120000,4142
1688932814957,120000,4142
1688932814960,120000,4142
1688932814963,120000,4142
1688932814966,120000,4142
1688932814970,120000,4142
1688932814972,120000,4142
1688932814975,120000,4142
1688932814979,120000,4142
1688932814981,120000,4142
1688932814989,120000,4142
1688932814992,120000,4142
1688932814995,120000,4142
1688932814998,120000,4142
1688932815001,120000,4142
1688932815004,120000,4142
1688932815008,120000,4142
1688932815011,120000,4142
1688932815014,120000,4142
1688932815017,120000,4142
1688932815020,120000,4142
1688932815024,120000,4142
1688932815027,120000,4142
1688932815030,120000,4142
1688932815033,120000,4142
1688932815037,120000,4142
1688932815040,120000,4142
1688932815043,120000,4142
1688932815047,120000,4142
1688932815050,120000,4142
1688932815054,120000,4142
1688932815057,120000,4142
1688932815061,120000,4142
1688932815064,120000,4142
1688932815067,120000,4142
1688932815071,120000,4142
1688932815074,120000,4142
1688932815078,120000,4142
1688932815081,120000,4142
1688932815085,120000,4142
1688932815088,120000,4142
1688932815092,120000,4142
1688932815096,120000,4142
1688932815099,120000,4142
1688932815102,120000,4142
1688932815105,120000,4142
1688932815109,120000,4142
1688932815112,120000,4142
1688932815115,155625,4142
1688932815118,155625,4142
1688932815121,155625,4142
1688932815126,155625,4142
1688932815129,155625,4142
1688932815133,155625,4142
1688932815137,155625,4142
1688932815141,155625,4142
1688932815145,155625,4142
1688932815149,155625,4142
1688932815153,155625,4142
1688932815157,155625,4142
1688932815161,155625,4142
1688932815165,155625,4142
1688932815169,155625,4142
1688932815173,155625,4142
1688932815176,155625,4142
1688932815180,155625,4142
1688932815184,155625,4142
1688932815187,155625,4142
1688932815192,155625,4142
1688932815195,155625,4142
1688932815198,155625,4142
1688932815202,155625,4142
1688932815205,155625,4142
1688932815208,155625,4142
1688932815212,155625,4142
1688932815216,155625,4142
1688932815220,155625,4142
1688932815224,155625,4142
1688932815228,155625,4142
1688932815232,155625,4142
1688932815235,155625,4142
1688932815238,155625,4142
1688932815242,155625,4142
1688932815245,155625,4142
1688932815248,155625,4142
1688932815251,155625,4142
1688932815255,155625,4142
1688932815258,155625,4142
1688932815262,155625,4142
1688932815265,155625,4142
1688932815270,155625,4142
1688932815274,155625,4142
1688932815278,155625,4142
1688932815281,155625,4142
1688932815284,155625,4142
1688932815288,155625,4142
1688932815291,155625,4142
1688932815295,155625,4142
1688932815299,155625,4142
1688932815302,155625,4142
1688932815306,155625,4142
1688932815310,155625,4142
1688932815313,155625,4142
1688932815317,155625,4142
1688932815321,155625,4142
1688932815325,155625,4142
1688932815328,155625,4142
1688932815331,155625,4142
1688932815334,155625,4142
1688932815338,155625,4142
1688932815341,155625,4142
1688932815345,155625,4142
1688932815348,155625,4142
1688932815352,155625,4142
1688932815355,155625,4142
1688932815358,155625,4142
1688932815361,155625,4142
1688932815364,155625,4142
1688932815368,155625,4142
1688932815372,155625,4142
1688932815376,155625,4142
1688932815379,155625,4142
1688932815383,155625,4142
1688932815386,155625,4142
1688932815390,155625,4142
1688932815395,155625,4142
1688932815398,155625,4142
1688932815402,155625,4142
1688932815406,155625,4142
1688932815410,155625,4142
1688932815414,155625,4142
1688932815418,155625,4142
1688932815423,155625,4142
1688932815426,155625,4142
1688932815430,155625,4142
1688932815434,155625,4142
1688932815438,155625,4142
1688932815442,155625,4142
1688932815446,155625,4142
1688932815450,155625,4142
1688932815454,155625,4142
1688932815458,155625,4142
1688932815460,155625,4142
1688932815464,155625,4142
1688932815467,155625,4142
1688932815472,126875,4142
1688932815475,126875,4142
1688932815478,126875,4142
1688932815482,126875,4142
1688932815486,126875,4142
1688932815490,126875,4142
1688932815493,126875,4142
1688932815496,126875,4142
1688932815500,126875,4142
1688932815504,126875,4142
1688932815508,126875,4142
1688932815512,126875,4142
1688932815515,126875,4142
1688932815518,126875,4142
1688932815521,126875,4142
1688932815525,126875,4142
1688932815528,126875,4142
1688932815531,126875,4142
1688932815533,126875,4142
1688932815536,126875,4142
1688932815540,126875,4142
1688932815543,126875,4142
1688932815546,126875,4142
1688932815549,126875,4142
1688932815553,126875,4142
1688932815556,126875,4142
1688932815559,126875,4142
1688932815562,126875,4142
1688932815564,126875,4142
1688932815567,126875,4142
1688932815572,126875,4142
1688932815575,126875,4142
1688932815579,126875,4142
1688932815582,126875,4142
1688932815586,126875,4142
1688932815589,126875,4142
1688932815592,126875,4142
1688932815595,126875,4142
1688932815599,126875,4142
1688932815602,126875,4142
1688932815606,126875,4142
1688932815609,126875,4142
1688932815612,126875,4142
1688932815616,126875,4142
1688932815619,126875,4142
1688932815622,126875,4142
1688932815625,126875,4142
1688932815628,126875,4142
1688932815631,126875,4142
1688932815635,126875,4142
1688932815639,126875,4142
1688932815643,126875,4142
1688932815647,126875,4142
1688932815650,126875,4142
1688932815654,126875,4142
1688932815658,126875,4142
1688932815662,126875,4142
1688932815666,126875,4142
1688932815670,126875,4142
1688932815674,126875,4142
1688932815678,126875,4142
1688932815682,126875,4142
1688932815685,126875,4142
1688932815689,126875,4142
1688932815692,126875,4142
1688932815696,126875,4142
1688932815700,126875,4142
1688932815704,126875,4142
1688932815707,126875,4142
1688932815711,126875,4142
1688932815714,126875,4142
1688932815717,126875,4142
1688932815721,126875,4142
1688932815724,126875,4142
1688932815727,126875,4142
1688932815730,126875,4142
1688932815734,126875,4142
1688932815737,126875,4142
1688932815740,126875,4142
1688932815744,126875,4142
1688932815748,126875,4142
1688932815751,126875,4142
1688932815755,126875,4142
1688932815759,126875,4142
1688932815762,126875,4142
1688932815765,126875,4142
1688932815768,126875,4142
1688932815771,126875,4142
1688932815775,126875,4142
1688932815778,126875,4142
1688932815781,126875,4142
1688932815784,126875,4142
1688932815787,126875,4142
1688932815790,126875,4142
1688932815793,126875,4142
1688932815797,126875,4142
1688932815800,126875,4142
1688932815803,126875,4142
1688932815807,126875,4142
1688932815810,126875,4142
1688932815813,126875,4142
1688932815816,138437,4142
1688932815819,138437,4142
1688932815822,138437,4142
1688932815825,138437,4142
1688932815828,138437,4142
1688932815831,138437,4142
1688932815834,138437,4142
1688932815837,138437,4142
1688932815840,138437,4142
1688932815843,138437,4142
1688932815846,138437,4142
1688932815850,138437,4142
1688932815854,138437,4142
1688932815857,138437,4142
1688932815861,138437,4142
1688932815864,138437,4142
1688932815867,138437,4142
1688932815870,138437,4142
1688932815873,138437,4142
1688932815877,138437,4142
1688932815880,138437,4142
1688932815883,138437,4142
1688932815887,138437,4142
1688932815890,138437,4142
1688932815894,138437,4142
1688932815897,138437,4142
1688932815900,138437,4142
1688932815904,138437,4142
1688932815907,138437,4142
1688932815910,138437,4142
1688932815913,138437,4142
1688932815917,138437,4142
1688932815920,138437,4142
1688932815924,138437,4142
1688932815927,138437,4142
1688932815930,138437,4142
1688932815933,138437,4142
1688932815936,138437,4142
1688932815939,138437,4142
1688932815942,138437,4142
1688932815945,138437,4142
1688932815948,138437,4142
1688932815951,138437,4142
1688932815954,138437,4142
1688932815958,138437,4142
1688932815961,138437,4142
1688932815964,138437,4142
1688932815967,138437,4142
1688932815970,138437,4142
1688932815973,138437,4142
1688932815977,138437,4142
1688932815980,138437,4142
1688932815983,138437,4142
1688932815987,138437,4142
1688932815990,138437,4142
1688932815993,138437,4142
1688932815996,138437,4142
1688932815999,138437,4142
1688932816002,138437,4142
1688932816006,138437,4142
1688932816009,138437,4142
1688932816012,138437,4142
1688932816015,138437,4142
1688932816018,138437,4142
1688932816021,138437,4142
1688932816024,138437,4142
1688932816027,138437,4142
1688932816030,138437,4142
1688932816033,138437,4142
1688932816036,138437,4142
1688932816039,138437,4142
1688932816042,138437,4142
1688932816045,138437,4142
1688932816047,138437,4142
1688932816051,138437,4142
1688932816054,138437,4142
1688932816057,138437,4142
1688932816060,138437,4142
1688932816063,138437,4142
1688932816066,138437,4142
1688932816069,138437,4142
1688932816073,138437,4142
1688932816076,138437,4142
1688932816079,138437,4142
1688932816082,138437,4142
1688932816085,138437,4142
1688932816088,138437,4142
1688932816091,138437,4142
1688932816094,138437,4142
1688932816097,138437,4142
1688932816100,138437,4142
1688932816103,138437,4142
1688932816106,138437,4142
1688932816109,138437,4142
1688932816112,138437,4142
1688932816116,138437,4142
1688932816119,138437,4142
1688932816122,138437,4142
1688932816125,138437,4142
1688932816128,138437,4142
1688932816131,138437,4142
1688932816134,138437,4142
1688932816137,138437,4142
1688932816140,138437,4142
1688932816143,138437,4142
1688932816145,138437,4142
1688932816148,138437,4142
1688932816151,138437,4142
1688932816154,138437,4142
1688932816157,138437,4142
1688932816160,138437,4142
1688932816163,138437,4142
1688932816167,138437,4142
1688932816170,139375,4142
1688932816174,139375,4142
1688932816178,139375,4142
1688932816181,139375,4142
1688932816184,139375,4142
1688932816187,139375,4142
1688932816191,139375,4142
1688932816194,139375,4142
1688932816197,139375,4142
1688932816200,139375,4142
1688932816204,139375,4142
1688932816207,139375,4142
1688932816211,139375,4142
1688932816214,139375,4142
1688932816217,139375,4142
1688932816220,139375,4142
1688932816223,139375,4142
1688932816225,139375,4142
1688932816228,139375,4142
1688932816231,139375,4142
1688932816233,139375,4142
1688932816236,139375,4142
1688932816239,139375,4142
1688932816242,139375,4142
1688932816245,139375,4142
1688932816248,139375,4142
1688932816251,139375,4142
1688932816254,139375,4142
1688932816257,139375,4142
1688932816260,139375,4142
1688932816264,139375,4142
1688932816267,139375,4142
1688932816270,139375,4142
1688932816274,139375,4142
1688932816277,139375,4142
1688932816280,139375,4142
1688932816284,139375,4142
1688932816288,139375,4142
1688932816291,139375,4142
1688932816295,139375,4142
1688932816298,139375,4142
1688932816302,139375,4142
1688932816305,139375,4142
1688932816309,139375,4142
1688932816313,139375,4142
1688932816316,139375,4142
1688932816319,139375,4142
1688932816323,139375,4142
1688932816326,139375,4142
1688932816329,139375,4142
1688932816332,139375,4142
1688932816335,139375,4142
1688932816338,139375,4142
1688932816341,139375,4142
1688932816344,139375,4142
1688932816347,139375,4142
1688932816350,139375,4142
1688932816353,139375,4142
1688932816356,139375,4142
1688932816359,139375,4142
1688932816362,139375,4142
1688932816365,139375,4142
1688932816368,139375,4142
1688932816371,139375,4142
1688932816374,139375,4142
1688932816377,139375,4142
1688932816380,139375,4142
1688932816384,139375,4142
1688932816387,139375,4142
1688932816390,139375,4142
1688932816393,139375,4142
1688932816396,139375,4142
1688932816399,139375,4142
1688932816402,139375,4142
1688932816405,139375,4142
1688932816408,139375,4142
1688932816411,139375,4142
1688932816414,139375,4142
1688932816417,139375,4142
1688932816420,139375,4142
1688932816423,139375,4142
1688932816426,139375,4142
1688932816430,139375,4142
1688932816433,139375,4142
1688932816436,139375,4142
1688932816439,139375,4142
1688932816442,139375,4142
1688932816445,139375,4142
1688932816448,139375,4142
1688932816451,139375,4142
1688932816454,139375,4142
1688932816457,139375,4142
1688932816460,139375,4142
1688932816463,139375,4142
1688932816466,139375,4142
1688932816470,139375,4142
1688932816473,139375,4142
1688932816476,139375,4142
1688932816479,139375,4142
1688932816482,139375,4142
1688932816485,139375,4142
1688932816488,139375,4142
1688932816491,139375,4142
1688932816494,139375,4142
1688932816497,139375,4142
1688932816500,139375,4142
1688932816503,139375,4142
1688932816506,139375,4142
1688932816509,139375,4142
1688932816512,139375,4142
1688932816515,139375,4142
1688932816518,219375,4142
1688932816521,219375,4142
1688932816524,219375,4142
1688932816527,219375,4142
1688932816530,219375,4142
1688932816533,219375,4142
1688932816536,219375,4142
1688932816539,219375,4142
1688932816542,219375,4142
1688932816545,219375,4142
1688932816548,219375,4142
1688932816551,219375,4142
1688932816554,219375,4142
1688932816557,219375,4142
1688932816560,219375,4142
1688932816563,219375,4142
1688932816567,219375,4142
1688932816570,219375,4142
1688932816574,219375,4142
1688932816578,219375,4142
1688932816582,219375,4142
1688932816586,219375,4142
1688932816589,219375,4142
1688932816594,219375,4142
1688932816598,219375,4142
1688932816602,219375,4142
1688932816606,219375,4142
1688932816610,219375,4142
1688932816613,219375,4142
1688932816616,219375,4142
1688932816620,219375,4142
1688932816623,219375,4142
1688932816627,219375,4142
1688932816630,219375,4142
1688932816634,219375,4142
1688932816637,219375,4142
1688932816640,219375,4142
1688932816644,219375,4142
1688932816647,219375,4142
1688932816650,219375,4142
1688932816655,219375,4142
1688932816658,219375,4142
1688932816662,219375,4142
1688932816666,219375,4142
1688932816670,219375,4142
1688932816674,219375,4142
1688932816678,219375,4142
1688932816681,219375,4142
1688932816685,219375,4142
1688932816688,219375,4142
1688932816692,219375,4142
1688932816696,219375,4142
1688932816699,219375,4142
1688932816703,219375,4142
1688932816706,219375,4142
1688932816709,219375,4142
1688932816712,219375,4142
1688932816715,219375,4142
1688932816718,219375,4142
1688932816721,219375,4142
1688932816724,219375,4142
1688932816727,219375,4142
1688932816730,219375,4142
1688932816734,219375,4142
1688932816738,219375,4142
1688932816742,219375,4142
1688932816745,219375,4142
1688932816748,219375,4142
1688932816752,219375,4142
1688932816755,219375,4142
1688932816759,219375,4142
1688932816762,219375,4142
1688932816765,219375,4142
1688932816768,219375,4142
1688932816771,219375,4142
1688932816775,219375,4142
1688932816778,219375,4142
1688932816781,219375,4142
1688932816785,219375,4142
1688932816788,219375,4142
1688932816791,219375,4142
1688932816795,219375,4142
1688932816798,219375,4142
1688932816801,219375,4142
1688932816804,219375,4142
1688932816807,219375,4142
1688932816811,219375,4142
1688932816814,219375,4142
1688932816817,219375,4142
1688932816821,219375,4142
1688932816824,219375,4142
1688932816827,219375,4142
1688932816831,219375,4142
1688932816835,219375,4142
1688932816839,219375,4142
1688932816843,219375,4142
1688932816847,219375,4142
1688932816850,219375,4142
1688932816853,219375,4142
1688932816858,219375,4142
1688932816863,219375,4142
1688932816866,219375,4142
1688932816870,219375,4142
1688932816873,184687,4142
1688932816876,184687,4142
1688932816878,184687,4142
1688932816881,184687,4142
1688932816884,184687,4142
1688932816887,184687,4142
1688932816889,184687,4142
1688932816892,184687,4142
1688932816895,184687,4142
1688932816897,184687,4142
1688932816900,184687,4142
1688932816904,184687,4142
1688932816907,184687,4142
1688932816910,184687,4142
1688932816913,184687,4142
1688932816917,184687,4142
1688932816920,184687,4142
1688932816923,184687,4142
1688932816926,184687,4142
1688932816929,184687,4142
1688932816932,184687,4142
1688932816936,184687,4142
1688932816939,184687,4142
1688932816942,184687,4142
1688932816945,184687,4142
1688932816948,184687,4142
1688932816951,184687,4142
1688932816954,184687,4142
1688932816957,184687,4142
1688932816960,184687,4142
1688932816964,184687,4142
1688932816967,184687,4142
1688932816971,184687,4142
1688932816974,184687,4142
1688932816977,184687,4142
1688932816980,184687,4142
1688932816984,184687,4142
1688932816987,184687,4142
1688932816991,184687,4142
1688932816994,184687,4142
1688932816998,184687,4142
1688932817001,184687,4142
1688932817005,184687,4142
1688932817008,184687,4142
1688932817012,184687,4142
1688932817015,184687,4142
1688932817018,184687,4142
1688932817021,184687,4142
1688932817025,184687,4142
1688932817029,184687,4142
1688932817033,184687,4142
1688932817036,184687,4142
1688932817039,184687,4142
1688932817042,184687,4142
1688932817046,184687,4142
1688932817049,184687,4142
1688932817052,184687,4142
1688932817055,184687,4142
1688932817058,184687,4142
1688932817061,184687,4142
1688932817064,184687,4142
1688932817067,184687,4142
1688932817070,184687,4142
1688932817073,184687,4142
1688932817076,184687,4142
1688932817078,184687,4142
1688932817081,184687,4142
1688932817083,184687,4142
1688932817086,184687,4142
1688932817088,184687,4142
1688932817091,184687,4142
1688932817093,184687,4142
1688932817096,184687,4142
1688932817098,184687,4142
1688932817101,184687,4142
1688932817103,184687,4142
1688932817106,184687,4142
1688932817108,184687,4142
1688932817111,184687,4142
1688932817113,184687,4142
1688932817117,184687,4142
1688932817119,184687,4142
1688932817122,184687,4142
1688932817125,184687,4142
1688932817128,184687,4142
1688932817130,184687,4142
1688932817133,184687,4142
1688932817137,184687,4142
1688932817140,184687,4142
1688932817143,184687,4142
1688932817147,184687,4142
1688932817150,184687,4142
1688932817153,184687,4142
1688932817156,184687,4142
1688932817160,184687,4142
1688932817163,184687,4142
1688932817166,184687,4142
1688932817169,184687,4142
1688932817172,184687,4142
1688932817176,184687,4142
1688932817179,184687,4142
1688932817181,184687,4142
1688932817184,184687,4142
1688932817187,184687,4142
1688932817190,184687,4142
1688932817193,184687,4142
1688932817197,184687,4142
1688932817200,184687,4142
1688932817203,184687,4142
1688932817206,184687,4142
1688932817209,184687,4142
1688932817212,184687,4142
1688932817216,184687,4142
1688932817219,201562,4142
1688932817222,201562,4142
1688932817226,201562,4142
1688932817229,201562,4142
1688932817232,201562,4142
1688932817235,201562,4142
1688932817238,201562,4142
1688932817242,201562,4142
1688932817245,201562,4142
1688932817248,201562,4142
1688932817251,201562,4142
1688932817254,201562,4142
1688932817257,201562,4142
1688932817260,201562,4142
1688932817264,201562,4142
1688932817268,201562,4142
1688932817271,201562,4142
1688932817274,201562,4142
1688932817277,201562,4142
1688932817280,201562,4142
1688932817284,201562,4142
1688932817287,201562,4142
1688932817291,201562,4142
1688932817295,201562,4142
1688932817298,201562,4142
1688932817302,201562,4142
1688932817306,201562,4142
1688932817309,201562,4142
1688932817313,201562,4142
1688932817317,201562,4142
1688932817320,201562,4142
1688932817324,201562,4142
1688932817327,201562,4142
1688932817331,201562,4142
1688932817335,201562,4142
1688932817338,201562,4142
1688932817342,201562,4142
1688932817345,201562,4142
1688932817348,201562,4142
1688932817351,201562,4142
1688932817354,201562,4142
1688932817357,201562,4142
1688932817360,201562,4142
1688932817364,201562,4142
1688932817367,201562,4142
1688932817370,201562,4142
1688932817373,201562,4142
1688932817377,201562,4142
1688932817380,201562,4142
1688932817384,201562,4142
1688932817387,201562,4142
1688932817390,201562,4142
1688932817394,201562,4142
1688932817398,201562,4142
1688932817402,201562,4142
1688932817406,201562,4142
1688932817410,201562,4142
1688932817413,201562,4142
1688932817417,201562,4142
1688932817421,201562,4142
1688932817424,201562,4142
1688932817428,201562,4142
1688932817432,201562,4142
1688932817436,201562,4142
1688932817439,201562,4142
1688932817442,201562,4142
1688932817445,201562,4142
1688932817449,201562,4142
1688932817452,201562,4142
1688932817455,201562,4142
1688932817458,201562,4142
1688932817461,201562,4142
1688932817464,201562,4142
1688932817467,201562,4142
1688932817470,201562,4142
1688932817473,201562,4142
1688932817477,201562,4142
1688932817481,201562,4142
1688932817484,201562,4142
1688932817488,201562,4142
1688932817492,201562,4142
1688932817495,201562,4142
1688932817498,201562,4142
1688932817502,201562,4142
1688932817506,201562,4142
1688932817509,201562,4142
1688932817512,201562,4142
1688932817515,201562,4142
1688932817519,201562,4142
1688932817522,201562,4142
1688932817524,201562,4142
1688932817528,201562,4142
1688932817531,201562,4142
1688932817535,201562,4142
1688932817539,201562,4142
1688932817542,201562,4142
1688932817545,201562,4142
1688932817548,201562,4142
1688932817551,201562,4142
1688932817555,201562,4142
1688932817558,201562,4142
1688932817561,201562,4142
1688932817564,201562,4142
1688932817567,201562,4142
1688932817571,201562,4142
1688932817575,111562,4142
1688932817578,111562,4142
1688932817582,111562,4142
1688932817585,111562,4142
1688932817588,111562,4142
1688932817591,111562,4142
1688932817594,111562,4142
1688932817597,111562,4142
1688932817601,111562,4142
1688932817604,111562,4142
1688932817608,111562,4142
1688932817611,111562,4142
1688932817615,111562,4142
1688932817619,111562,4142
1688932817622,111562,4142
1688932817626,111562,4142
1688932817629,111562,4142
1688932817633,111562,4142
1688932817637,111562,4142
1688932817640,111562,4142
1688932817643,111562,4142
1688932817647,111562,4142
1688932817651,111562,4142
1688932817654,111562,4142
1688932817657,111562,4142
1688932817661,111562,4142
1688932817664,111562,4142
1688932817667,111562,4142
1688932817670,111562,4142
1688932817673,111562,4142
1688932817677,111562,4142
1688932817680,111562,4142
1688932817683,111562,4142
1688932817687,111562,4142
1688932817691,111562,4142
1688932817694,111562,4142
1688932817698,111562,4142
1688932817701,111562,4142
1688932817704,111562,4142
1688932817708,111562,4142
1688932817711,111562,4142
1688932817715,111562,4142
1688932817718,111562,4142
1688932817721,111562,4142
1688932817724,111562,4142
1688932817728,111562,4142
1688932817731,111562,4142
1688932817734,111562,4142
1688932817737,111562,4142
1688932817741,111562,4142
1688932817744,111562,4142
1688932817747,111562,4142
1688932817751,111562,4142
1688932817755,111562,4142
1688932817758,111562,4142
1688932817761,111562,4142
1688932817765,111562,4142
1688932817768,111562,4142
1688932817772,111562,4142
1688932817776,111562,4142
1688932817779,111562,4142
1688932817783,111562,4142
1688932817787,111562,4142
1688932817791,111562,4142
1688932817795,111562,4142
1688932817798,111562,4142
1688932817802,111562,4142
1688932817806,111562,4142
1688932817809,111562,4142
1688932817813,111562,4142
1688932817816,111562,4142
1688932817820,111562,4142
1688932817823,111562,4142
1688932817827,111562,4142
1688932817830,111562,4142
1688932817833,111562,4142
1688932817837,111562,4142
1688932817840,111562,4142
1688932817844,111562,4142
1688932817847,111562,4142
1688932817851,111562,4142
1688932817854,111562,4142
1688932817857,111562,4142
1688932817860,111562,4142
1688932817864,111562,4142
1688932817867,111562,4142
1688932817870,111562,4142
1688932817873,111562,4142
1688932817876,111562,4142
1688932817880,111562,4142
1688932817883,111562,4142
1688932817886,111562,4142
1688932817889,111562,4142
1688932817893,111562,4142
1688932817897,111562,4142
1688932817901,111562,4142
1688932817904,111562,4142
1688932817907,111562,4142
1688932817911,111562,4142
1688932817915,111562,4142
1688932817919,115000,4142
1688932817923,115000,4142
1688932817926,115000,4142
1688932817929,115000,4142
1688932817933,115000,4142
1688932817937,115000,4142
1688932817941,115000,4142
1688932817944,115000,4142
1688932817948,115000,4142
1688932817951,115000,4142
1688932817955,115000,4142
1688932817958,115000,4142
1688932817961,115000,4142
1688932817964,115000,4142
1688932817967,115000,4142
1688932817971,115000,4142
1688932817974,115000,4142
1688932817977,115000,4142
1688932817980,115000,4142
1688932817983,115000,4142
1688932817987,115000,4142
1688932817992,115000,4142
1688932817996,115000,4142
1688932817999,115000,4142
1688932818003,115000,4142
1688932818006,115000,4142
1688932818009,115000,4142
1688932818013,115000,4142
1688932818017,115000,4142
1688932818020,115000,4142
1688932818024,115000,4142
1688932818027,115000,4142
1688932818030,115000,4142
1688932818034,115000,4142
1688932818038,115000,4142
1688932818042,115000,4142
1688932818046,115000,4142
1688932818050,115000,4142
1688932818054,115000,4142
1688932818057,115000,4142
1688932818061,115000,4142
1688932818064,115000,4142
1688932818068,115000,4142
1688932818072,115000,4142
1688932818075,115000,4142
1688932818078,115000,4142
1688932818081,115000,4142
1688932818084,115000,4142
1688932818088,115000,4142
1688932818091,115000,4142
1688932818094,115000,4142
1688932818097,115000,4142
1688932818101,115000,4142
1688932818104,115000,4142
1688932818108,115000,4142
1688932818111,115000,4142
1688932818115,115000,4142
1688932818118,115000,4142
1688932818121,115000,4142
1688932818124,115000,4142
1688932818127,115000,4142
1688932818130,115000,4142
1688932818133,115000,4142
1688932818137,115000,4142
1688932818141,115000,4142
1688932818145,115000,4142
1688932818148,115000,4142
1688932818152,115000,4142
1688932818156,115000,4142
1688932818159,115000,4142
1688932818163,115000,4142
1688932818166,115000,4142
1688932818170,115000,4142
1688932818174,115000,4142
1688932818178,115000,4142
1688932818181,115000,4142
1688932818184,115000,4142
1688932818188,115000,4142
1688932818191,115000,4142
1688932818194,115000,4142
1688932818197,115000,4142
1688932818201,115000,4142
1688932818204,115000,4142
1688932818208,115000,4142
1688932818212,115000,4142
1688932818216,115000,4142
1688932818219,115000,4142
1688932818222,115000,4142
1688932818226,115000,4142
1688932818229,115000,4142
1688932818232,115000,4142
1688932818236,115000,4142
1688932818239,115000,4142
1688932818242,115000,4142
1688932818245,115000,4142
1688932818248,115000,4142
1688932818251,115000,4142
1688932818255,115000,4142
1688932818258,115000,4142
1688932818261,115000,4142
1688932818264,115000,4142
1688932818267,115000,4142
1688932818270,115000,4142
1688932818274,143125,4142
1688932818277,143125,4142
1688932818280,143125,4142
1688932818283,143125,4142
1688932818286,143125,4142
1688932818290,143125,4142
1688932818293,143125,4142
1688932818296,143125,4142
1688932818299,143125,4142
1688932818302,143125,4142
1688932818305,143125,4142
1688932818308,143125,4142
1688932818311,143125,4142
1688932818314,143125,4142
1688932818317,143125,4142
1688932818320,143125,4142
1688932818323,143125,4142
1688932818326,143125,4142
1688932818329,143125,4142
1688932818332,143125,4142
1688932818335,143125,4142
1688932818338,143125,4142
1688932818341,143125,4142
1688932818344,143125,4142
1688932818347,143125,4142
1688932818350,143125,4142
1688932818354,143125,4142
1688932818357,143125,4142
1688932818360,143125,4142
1688932818363,143125,4142
1688932818366,143125,4142
1688932818370,143125,4142
1688932818373,143125,4142
1688932818376,143125,4142
1688932818379,143125,4142
1688932818383,143125,4142
1688932818386,143125,4142
1688932818389,143125,4142
1688932818392,143125,4142
1688932818396,143125,4142
1688932818399,143125,4142
1688932818402,143125,4142
1688932818405,143125,4142
1688932818408,143125,4142
1688932818411,143125,4142
1688932818414,143125,4142
1688932818417,143125,4142
1688932818420,143125,4142
1688932818423,143125,4142
1688932818426,143125,4142
1688932818429,143125,4142
1688932818433,143125,4142
1688932818436,143125,4142
1688932818439,143125,4142
1688932818442,143125,4142
1688932818446,143125,4142
1688932818449,143125,4142
1688932818452,143125,4142
1688932818456,143125,4142
1688932818459,143125,4142
1688932818462,143125,4142
1688932818466,143125,4142
1688932818469,143125,4142
1688932818472,143125,4142
1688932818475,143125,4142
1688932818478,143125,4142
1688932818481,143125,4142
1688932818485,143125,4142
1688932818488,143125,4142
1688932818491,143125,4142
1688932818494,143125,4142
1688932818497,143125,4142
1688932818500,143125,4142
1688932818503,143125,4142
1688932818507,143125,4142
1688932818510,143125,4142
1688932818513,143125,4142
1688932818516,143125,4142
1688932818519,143125,4142
1688932818522,143125,4142
1688932818526,143125,4142
1688932818530,143125,4142
1688932818534,143125,4142
1688932818538,143125,4142
1688932818542,143125,4142
1688932818546,143125,4142
1688932818550,143125,4142
1688932818553,143125,4142
1688932818556,143125,4142
1688932818560,143125,4142
1688932818563,143125,4142
1688932818566,143125,4142
1688932818569,143125,4142
1688932818572,143125,4142
1688932818576,143125,4142
1688932818579,143125,4142
1688932818582,143125,4142
1688932818585,143125,4142
1688932818588,143125,4142
1688932818591,143125,4142
1688932818594,143125,4142
1688932818597,143125,4142
1688932818601,143125,4142
1688932818604,143125,4142
1688932818607,143125,4142
1688932818610,143125,4142
1688932818614,143125,4142
1688932818617,143125,4142
1688932818620,127187,4142
1688932818623,127187,4142
1688932818627,127187,4142
1688932818631,127187,4142
1688932818634,127187,4142
1688932818637,127187,4142
1688932818640,127187,4142
1688932818643,127187,4142
1688932818647,127187,4142
1688932818652,127187,4142
1688932818656,127187,4142
1688932818659,127187,4142
1688932818662,127187,4142
1688932818666,127187,4142
1688932818669,127187,4142
1688932818672,127187,4142
1688932818676,127187,4142
1688932818680,127187,4142
1688932818684,127187,4142
1688932818688,127187,4142
1688932818692,127187,4142
1688932818695,127187,4142
1688932818698,127187,4142
1688932818701,127187,4142
1688932818705,127187,4142
1688932818708,127187,4142
1688932818711,127187,4142
1688932818714,127187,4142
1688932818717,127187,4142
1688932818720,127187,4142
1688932818723,127187,4142
1688932818726,127187,4142
1688932818729,127187,4142
1688932818732,127187,4142
1688932818736,127187,4142
1688932818740,127187,4142
1688932818743,127187,4142
1688932818747,127187,4142
1688932818750,127187,4142
1688932818753,127187,4142
1688932818757,127187,4142
1688932818760,127187,4142
1688932818764,127187,4142
1688932818767,127187,4142
1688932818771,127187,4142
1688932818775,127187,4142
1688932818779,127187,4142
1688932818783,127187,4142
1688932818787,127187,4142
1688932818790,127187,4142
1688932818794,127187,4142
1688932818797,127187,4142
1688932818801,127187,4142
1688932818804,127187,4142
1688932818808,127187,4142
1688932818811,127187,4142
1688932818814,127187,4142
1688932818818,127187,4142
1688932818822,127187,4142
1688932818825,127187,4142
1688932818828,127187,4142
1688932818831,127187,4142
1688932818835,127187,4142
1688932818838,127187,4142
1688932818841,127187,4142
1688932818844,127187,4142
1688932818847,127187,4142
1688932818851,127187,4142
1688932818854,127187,4142
1688932818857,127187,4142
1688932818860,127187,4142
1688932818864,127187,4142
1688932818867,127187,4142
1688932818871,127187,4142
1688932818874,127187,4142
1688932818878,127187,4142
1688932818882,127187,4142
1688932818886,127187,4142
1688932818889,127187,4142
1688932818893,127187,4142
1688932818897,127187,4142
1688932818900,127187,4142
1688932818904,127187,4142
1688932818907,127187,4142
1688932818911,127187,4142
1688932818914,127187,4142
1688932818919,127187,4142
1688932818922,127187,4142
1688932818926,127187,4142
1688932818929,127187,4142
1688932818932,127187,4142
1688932818936,127187,4142
1688932818939,127187,4142
1688932818942,127187,4142
1688932818946,127187,4142
1688932818949,127187,4142
1688932818953,127187,4142
1688932818956,127187,4142
1688932818960,127187,4142
1688932818964,127187,4142
1688932818968,127187,4142
1688932818972,127187,4142
1688932818976,113125,4142
1688932818980,113125,4142
1688932818983,113125,4142
1688932818987,113125,4142
1688932818991,113125,4142
1688932818994,113125,4142
1688932818997,113125,4142
1688932819001,113125,4142
1688932819005,113125,4142
1688932819008,113125,4142
1688932819012,113125,4142
1688932819016,113125,4142
1688932819020,113125,4142
1688932819024,113125,4142
1688932819028,113125,4142
1688932819032,113125,4142
1688932819035,113125,4142
1688932819039,113125,4142
1688932819043,113125,4142
1688932819046,113125,4142
1688932819050,113125,4142
1688932819054,113125,4142
1688932819058,113125,4142
1688932819060,113125,4142
1688932819064,113125,4142
1688932819067,113125,4142
1688932819072,113125,4142
1688932819076,113125,4142
1688932819079,113125,4142
1688932819083,113125,4142
1688932819087,113125,4142
1688932819094,113125,4142
1688932819097,113125,4142
1688932819101,113125,4142
1688932819104,113125,4142
1688932819107,113125,4142
1688932819111,113125,4142
1688932819114,113125,4142
1688932819119,113125,4142
1688932819125,113125,4142
1688932819129,113125,4142
1688932819132,113125,4142
1688932819135,113125,4142
1688932819139,113125,4142
1688932819142,113125,4142
1688932819145,113125,4142
1688932819148,113125,4142
1688932819152,113125,4142
1688932819156,113125,4142
1688932819159,113125,4142
1688932819163,113125,4142
1688932819167,113125,4142
1688932819171,113125,4142
1688932819174,113125,4142
1688932819178,113125,4142
1688932819181,113125,4142
1688932819185,113125,4142
1688932819189,113125,4142
1688932819193,113125,4142
1688932819196,113125,4142
1688932819200,113125,4142
1688932819202,113125,4142
1688932819205,113125,4142
1688932819208,113125,4142
1688932819211,113125,4142
1688932819214,113125,4142
1688932819217,113125,4142
1688932819221,113125,4142
1688932819225,113125,4142
1688932819229,113125,4142
1688932819233,113125,4142
1688932819236,113125,4142
1688932819240,113125,4142
1688932819244,113125,4142
1688932819247,113125,4142
1688932819251,113125,4142
1688932819255,113125,4142
1688932819259,113125,4142
1688932819262,113125,4142
1688932819266,113125,4142
1688932819269,113125,4142
1688932819272,113125,4142
1688932819275,113125,4142
1688932819279,113125,4142
1688932819283,113125,4142
1688932819286,113125,4142
1688932819290,113125,4142
1688932819293,113125,4142
1688932819297,113125,4142
1688932819300,113125,4142
1688932819304,113125,4142
1688932819308,113125,4142
1688932819311,113125,4142
1688932819314,113125,4142
1688932819318,113125,4142
1688932819321,130000,4142
1688932819325,130000,4142
1688932819328,130000,4142
1688932819332,130000,4142
1688932819336,130000,4142
1688932819339,130000,4142
1688932819342,130000,4142
1688932819346,130000,4142
1688932819349,130000,4142
1688932819353,130000,4142
1688932819356,130000,4142
1688932819360,130000,4142
1688932819363,130000,4142
1688932819368,130000,4142
1688932819372,130000,4142
1688932819375,130000,4142
1688932819378,130000,4142
1688932819382,130000,4142
1688932819386,130000,4142
1688932819389,130000,4142
1688932819392,130000,4142
1688932819395,130000,4142
1688932819398,130000,4142
1688932819401,130000,4142
1688932819404,130000,4142
1688932819407,130000,4142
1688932819411,130000,4142
1688932819414,130000,4142
1688932819417,130000,4142
1688932819420,130000,4142
1688932819423,130000,4142
1688932819425,130000,4142
1688932819428,130000,4142
1688932819432,130000,4142
1688932819435,130000,4142
1688932819438,130000,4142
1688932819441,130000,4142
1688932819444,130000,4142
1688932819447,130000,4142
1688932819450,130000,4142
1688932819453,130000,4142
1688932819456,130000,4142
1688932819459,130000,4142
1688932819462,130000,4142
1688932819466,130000,4142
1688932819469,130000,4142
1688932819472,130000,4142
1688932819476,130000,4142
1688932819479,130000,4142
1688932819482,130000,4142
1688932819485,130000,4142
1688932819488,130000,4142
1688932819491,130000,4142
1688932819494,130000,4142
1688932819497,130000,4142
1688932819501,130000,4142
1688932819504,130000,4142
1688932819507,130000,4142
1688932819510,130000,4142
1688932819513,130000,4142
1688932819516,130000,4142
1688932819519,130000,4142
1688932819522,130000,4142
1688932819525,130000,4142
1688932819528,130000,4142
1688932819531,130000,4142
1688932819534,130000,4142
1688932819537,130000,4142
1688932819540,130000,4142
1688932819543,130000,4142
1688932819547,130000,4142
1688932819550,130000,4142
1688932819553,130000,4142
1688932819556,130000,4142
1688932819559,130000,4142
1688932819562,130000,4142
1688932819565,130000,4142
1688932819568,130000,4142
1688932819571,130000,4142
1688932819575,130000,4142
1688932819578,130000,4142
1688932819581,130000,4142
1688932819584,130000,4142
1688932819587,130000,4142
1688932819590,130000,4142
1688932819593,130000,4142
1688932819596,130000,4142
1688932819599,130000,4142
1688932819602,130000,4142
1688932819606,130000,4142
1688932819609,130000,4142
1688932819613,130000,4142
1688932819616,130000,4142
1688932819619,130000,4142
1688932819623,130000,4142
1688932819626,130000,4142
1688932819629,130000,4142
1688932819632,130000,4142
1688932819635,130000,4142
1688932819638,130000,4142
1688932819642,130000,4142
1688932819645,130000,4142
1688932819649,130000,4142
1688932819653,130000,4142
1688932819656,130000,4142
1688932819659,130000,4142
1688932819663,130000,4142
1688932819666,130000,4142
1688932819669,130000,4142
1688932819673,130000,4142
1688932819677,123750,4142
1688932819681,123750,4142
1688932819685,123750,4142
1688932819690,123750,4142
1688932819694,123750,4142
1688932819698,123750,4142
1688932819701,123750,4142
1688932819705,123750,4142
1688932819709,123750,4142
1688932819714,123750,4142
1688932819717,123750,4142
1688932819720,123750,4142
1688932819723,123750,4142
1688932819726,123750,4142
1688932819730,123750,4142
1688932819733,123750,4142
1688932819737,123750,4142
1688932819740,123750,4142
1688932819743,123750,4142
1688932819746,123750,4142
1688932819750,123750,4142
1688932819753,123750,4142
1688932819756,123750,4142
1688932819760,123750,4142
1688932819763,123750,4142
1688932819766,123750,4142
1688932819769,123750,4142
1688932819772,123750,4142
1688932819775,123750,4142
1688932819779,123750,4142
1688932819782,123750,4142
1688932819784,123750,4142
1688932819788,123750,4142
1688932819791,123750,4142
1688932819794,123750,4142
1688932819797,123750,4142
1688932819800,123750,4142
1688932819804,123750,4142
1688932819807,123750,4142
1688932819810,123750,4142
1688932819813,123750,4142
1688932819817,123750,4142
1688932819820,123750,4142
1688932819823,123750,4142
1688932819826,123750,4142
1688932819830,123750,4142
1688932819833,123750,4142
1688932819837,123750,4142
1688932819841,123750,4142
1688932819844,123750,4142
1688932819847,123750,4142
1688932819851,123750,4142
1688932819855,123750,4142
1688932819859,123750,4142
1688932819862,123750,4142
1688932819866,123750,4142
1688932819869,123750,4142
1688932819872,123750,4142
1688932819875,123750,4142
1688932819879,123750,4142
1688932819882,123750,4142
1688932819887,123750,4142
1688932819890,123750,4142
1688932819893,123750,4142
1688932819896,123750,4142
1688932819899,123750,4142
1688932819902,123750,4142
1688932819905,123750,4142
1688932819908,123750,4142
1688932819911,123750,4142
1688932819914,123750,4142
1688932819918,123750,4142
1688932819921,123750,4142
1688932819924,123750,4142
1688932819927,123750,4142
1688932819930,123750,4142
1688932819933,123750,4142
1688932819936,123750,4142
1688932819939,123750,4142
1688932819942,123750,4142
1688932819945,123750,4142
1688932819948,123750,4142
1688932819951,123750,4142
1688932819955,123750,4142
1688932819958,123750,4142
1688932819961,123750,4142
1688932819964,123750,4142
1688932819968,123750,4142
1688932819971,123750,4142
1688932819975,123750,4142
1688932819978,123750,4142
1688932819981,123750,4142
1688932819984,123750,4142
1688932819990,123750,4142
1688932819994,123750,4142
1688932819996,123750,4142
1688932820000,123750,4142
1688932820003,123750,4142
1688932820006,123750,4142
1688932820009,123750,4142
1688932820012,123750,4142
1688932820015,123750,4142
1688932820017,123750,4142
1688932820020,152187,4142
1688932820023,152187,4142
1688932820026,152187,4142
1688932820029,152187,4142
1688932820033,152187,4142
1688932820036,152187,4142
1688932820039,152187,4142
1688932820043,152187,4142
1688932820046,152187,4142
1688932820050,152187,4142
1688932820053,152187,4142
1688932820057,152187,4142
1688932820061,152187,4142
1688932820065,152187,4142
1688932820068,152187,4142
1688932820071,152187,4142
1688932820075,152187,4142
1688932820078,152187,4142
1688932820081,152187,4142
1688932820084,152187,4142
1688932820088,152187,4142
1688932820092,152187,4142
1688932820095,152187,4142
1688932820099,152187,4142
1688932820102,152187,4142
1688932820105,152187,4142
1688932820108,152187,4142
1688932820111,152187,4142
1688932820114,152187,4142
1688932820118,152187,4142
1688932820121,152187,4142
1688932820124,152187,4142
1688932820127,152187,4142
1688932820130,152187,4142
1688932820134,152187,4142
1688932820138,152187,4142
1688932820141,152187,4142
1688932820145,152187,4142
1688932820148,152187,4142
1688932820151,152187,4142
1688932820155,152187,4142
1688932820158,152187,4142
1688932820161,152187,4142
1688932820164,152187,4142
1688932820167,152187,4142
1688932820171,152187,4142
1688932820174,152187,4142
1688932820178,152187,4142
1688932820181,152187,4142
1688932820184,152187,4142
1688932820188,152187,4142
1688932820192,152187,4142
1688932820195,152187,4142
1688932820199,152187,4142
1688932820203,152187,4142
1688932820206,152187,4142
1688932820211,152187,4142
1688932820214,152187,4142
1688932820218,152187,4142
1688932820221,152187,4142
1688932820225,152187,4142
1688932820228,152187,4142
1688932820232,152187,4142
1688932820236,152187,4142
1688932820240,152187,4142
1688932820243,152187,4142
1688932820247,152187,4142
1688932820251,152187,4142
1688932820254,152187,4142
1688932820258,152187,4142
1688932820261,152187,4142
1688932820265,152187,4142
1688932820268,152187,4142
1688932820272,152187,4142
1688932820275,152187,4142
1688932820279,152187,4142
1688932820283,152187,4142
1688932820286,152187,4142
1688932820289,152187,4142
1688932820292,152187,4142
1688932820296,152187,4142
1688932820299,152187,4142
1688932820302,152187,4142
1688932820306,152187,4142
1688932820309,152187,4142
1688932820315,152187,4142
1688932820318,152187,4142
1688932820321,152187,4142
1688932820324,152187,4142
1688932820327,152187,4142
1688932820330,152187,4142
1688932820334,152187,4142
1688932820337,152187,4142
1688932820340,152187,4142
1688932820344,152187,4142
1688932820347,152187,4142
1688932820351,152187,4142
1688932820354,152187,4142
1688932820357,152187,4142
1688932820361,152187,4142
1688932820365,152187,4142
1688932820368,152187,4142
1688932820371,152187,4142
1688932820375,152187,4142
1688932820379,122500,4142
1688932820382,122500,4142
1688932820386,122500,4142
1688932820389,122500,4142
1688932820392,122500,4142
1688932820395,122500,4142
1688932820398,122500,4142
1688932820400,122500,4142
1688932820403,122500,4142
1688932820406,122500,4142
1688932820408,122500,4142
1688932820411,122500,4142
1688932820415,122500,4142
1688932820418,122500,4142
1688932820422,122500,4142
1688932820426,122500,4142
1688932820430,122500,4142
1688932820433,122500,4142
1688932820437,122500,4142
1688932820440,122500,4142
1688932820443,122500,4142
1688932820446,122500,4142
1688932820451,122500,4142
1688932820455,122500,4142
1688932820459,122500,4142
1688932820463,122500,4142
1688932820467,122500,4142
1688932820470,122500,4142
1688932820474,122500,4142
1688932820478,122500,4142
1688932820481,122500,4142
1688932820484,122500,4142
1688932820488,122500,4142
1688932820491,122500,4142
1688932820494,122500,4142
1688932820497,122500,4142
1688932820500,122500,4142
1688932820503,122500,4142
1688932820508,122500,4142
1688932820511,122500,4142
1688932820515,122500,4142
1688932820518,122500,4142
1688932820521,122500,4142
1688932820524,122500,4142
1688932820527,122500,4142
1688932820531,122500,4142
1688932820534,122500,4142
1688932820537,122500,4142
1688932820540,122500,4142
1688932820543,122500,4142
1688932820547,122500,4142
1688932820550,122500,4142
1688932820553,122500,4142
1688932820556,122500,4142
1688932820559,122500,4142
1688932820562,122500,4142
1688932820565,122500,4142
1688932820568,122500,4142
1688932820571,122500,4142
1688932820574,122500,4142
1688932820577,122500,4142
1688932820580,122500,4142
1688932820583,122500,4142
1688932820586,122500,4142
1688932820590,122500,4142
1688932820593,122500,4142
1688932820596,122500,4142
1688932820599,122500,4142
1688932820602,122500,4142
1688932820605,122500,4142
1688932820608,122500,4142
1688932820611,122500,4142
1688932820614,122500,4142
1688932820617,122500,4142
1688932820620,122500,4142
1688932820623,122500,4142
1688932820626,122500,4142
1688932820628,122500,4142
1688932820631,122500,4142
1688932820634,122500,4142
1688932820637,122500,4142
1688932820640,122500,4142
1688932820643,122500,4142
1688932820647,122500,4142
1688932820650,122500,4142
1688932820653,122500,4142
1688932820656,122500,4142
1688932820659,122500,4142
1688932820662,122500,4142
1688932820665,122500,4142
1688932820668,122500,4142
1688932820671,122500,4142
1688932820674,122500,4142
1688932820677,122500,4142
1688932820680,122500,4142
1688932820683,122500,4142
1688932820686,122500,4142
1688932820689,122500,4142
1688932820693,122500,4142
1688932820696,122500,4142
1688932820699,122500,4142
1688932820702,122500,4142
1688932820705,122500,4142
1688932820708,122500,4142
1688932820711,122500,4142
1688932820714,122500,4142
1688932820717,122500,4142
1688932820720,122500,4142
1688932820724,193125,4142
1688932820727,193125,4142
1688932820730,193125,4142
1688932820733,193125,4142
1688932820737,193125,4142
1688932820740,193125,4142
1688932820743,193125,4142
1688932820746,193125,4142
1688932820750,193125,4142
1688932820753,193125,4142
1688932820756,193125,4142
1688932820759,193125,4142
1688932820762,193125,4142
1688932820766,193125,4142
1688932820769,193125,4142
1688932820773,193125,4142
1688932820776,193125,4142
1688932820779,193125,4142
1688932820781,193125,4142
1688932820784,193125,4142
1688932820787,193125,4142
1688932820791,193125,4142
1688932820794,193125,4142
1688932820798,193125,4142
1688932820802,193125,4142
1688932820806,193125,4142
1688932820810,193125,4142
1688932820814,193125,4142
1688932820817,193125,4142
1688932820820,193125,4142
1688932820824,193125,4142
1688932820828,193125,4142
1688932820832,193125,4142
1688932820836,193125,4142
1688932820839,193125,4142
1688932820843,193125,4142
1688932820846,193125,4142
1688932820849,193125,4142
1688932820852,193125,4142
1688932820856,193125,4142
1688932820859,193125,4142
1688932820862,193125,4142
1688932820866,193125,4142
1688932820870,193125,4142
1688932820874,193125,4142
1688932820878,193125,4142
1688932820882,193125,4142
1688932820886,193125,4142
1688932820890,193125,4142
1688932820893,193125,4142
1688932820896,193125,4142
1688932820900,193125,4142
1688932820903,193125,4142
1688932820907,193125,4142
1688932820910,193125,4142
1688932820914,193125,4142
1688932820920,193125,4142
1688932820924,193125,4142
1688932820928,193125,4142
1688932820931,193125,4142
1688932820935,193125,4142
1688932820938,193125,4142
1688932820942,193125,4142
1688932820945,193125,4142
1688932820949,193125,4142
1688932820953,193125,4142
1688932820956,193125,4142
1688932820960,193125,4142
1688932820964,193125,4142
1688932820968,193125,4142
1688932820971,193125,4142
1688932820975,193125,4142
1688932820978,193125,4142
1688932820981,193125,4142
1688932820984,193125,4142
1688932820987,193125,4142
1688932820991,193125,4142
1688932820994,193125,4142
1688932820997,193125,4142
1688932821001,193125,4142
1688932821005,193125,4142
1688932821009,193125,4142
1688932821012,193125,4142
1688932821015,193125,4142
1688932821019,193125,4142
1688932821022,193125,4142
1688932821025,193125,4142
1688932821028,193125,4142
1688932821031,193125,4142
1688932821034,193125,4142
1688932821037,193125,4142
1688932821040,193125,4142
1688932821043,193125,4142
1688932821046,193125,4142
1688932821050,193125,4142
1688932821053,193125,4142
1688932821056,193125,4142
1688932821059,193125,4142
1688932821062,193125,4142
1688932821066,193125,4142
1688932821068,193125,4142
1688932821071,193125,4142
1688932821074,193125,4142
1688932821078,122500,4142
1688932821081,122500,4142
1688932821085,122500,4142
1688932821088,122500,4142
1688932821092,122500,4142
1688932821095,122500,4142
1688932821098,122500,4142
1688932821101,122500,4142
1688932821104,122500,4142
1688932821108,122500,4142
1688932821111,122500,4142
1688932821114,122500,4142
1688932821117,122500,4142
1688932821121,122500,4142
1688932821124,122500,4142
1688932821127,122500,4142
1688932821130,122500,4142
1688932821134,122500,4142
1688932821137,122500,4142
1688932821141,122500,4142
1688932821144,122500,4142
1688932821148,122500,4142
1688932821151,122500,4142
1688932821154,122500,4142
1688932821158,122500,4142
1688932821161,122500,4142
1688932821165,122500,4142
1688932821168,122500,4142
1688932821172,122500,4142
1688932821175,122500,4142
1688932821178,122500,4142
1688932821182,122500,4142
1688932821185,122500,4142
1688932821188,122500,4142
1688932821192,122500,4142
1688932821195,122500,4142
1688932821198,122500,4142
1688932821202,122500,4142
1688932821205,122500,4142
1688932821208,122500,4142
1688932821211,122500,4142
1688932821214,122500,4142
1688932821218,122500,4142
1688932821221,122500,4142
1688932821225,122500,4142
1688932821228,122500,4142
1688932821232,122500,4142
1688932821236,122500,4142
1688932821240,122500,4142
1688932821243,122500,4142
1688932821246,122500,4142
1688932821250,122500,4142
1688932821254,122500,4142
1688932821258,122500,4142
1688932821262,122500,4142
1688932821265,122500,4142
1688932821269,122500,4142
1688932821273,122500,4142
1688932821276,122500,4142
1688932821280,122500,4142
1688932821284,122500,4142
1688932821287,122500,4142
1688932821291,122500,4142
1688932821295,122500,4142
1688932821299,122500,4142
1688932821302,122500,4142
1688932821305,122500,4142
1688932821308,122500,4142
1688932821312,122500,4142
1688932821316,122500,4142
1688932821319,122500,4142
1688932821323,122500,4142
1688932821327,122500,4142
1688932821331,122500,4142
1688932821334,122500,4142
1688932821337,122500,4142
1688932821341,122500,4142
1688932821344,122500,4142
1688932821348,122500,4142
1688932821352,122500,4142
1688932821355,122500,4142
1688932821358,122500,4142
1688932821361,122500,4142
1688932821364,122500,4142
1688932821367,122500,4142
1688932821372,122500,4142
1688932821375,122500,4142
1688932821379,122500,4142
1688932821382,122500,4142
1688932821385,122500,4142
1688932821389,122500,4142
1688932821393,122500,4142
1688932821397,122500,4142
1688932821401,122500,4142
1688932821404,122500,4142
1688932821408,122500,4142
1688932821412,122500,4142
1688932821416,122500,4142
1688932821420,122500,4142
1688932821424,118437,4142
1688932821427,118437,4142
1688932821431,118437,4142
1688932821435,118437,4142
1688932821438,118437,4142
1688932821441,118437,4142
1688932821444,118437,4142
1688932821447,118437,4142
1688932821451,118437,4142
1688932821455,118437,4142
1688932821459,118437,4142
1688932821462,118437,4142
1688932821466,118437,4142
1688932821470,118437,4142
1688932821474,118437,4142
1688932821478,118437,4142
1688932821481,118437,4142
1688932821486,118437,4142
1688932821489,118437,4142
1688932821492,118437,4142
1688932821495,118437,4142
1688932821500,118437,4142
1688932821503,118437,4142
1688932821507,118437,4142
1688932821511,118437,4142
1688932821515,118437,4142
1688932821519,118437,4142
1688932821523,118437,4142
1688932821526,118437,4142
1688932821530,118437,4142
1688932821533,118437,4142
1688932821536,118437,4142
1688932821539,118437,4142
1688932821542,118437,4142
1688932821545,118437,4142
1688932821548,118437,4142
1688932821551,118437,4142
1688932821555,118437,4142
1688932821558,118437,4142
1688932821561,118437,4142
1688932821564,118437,4142
1688932821568,118437,4142
1688932821572,118437,4142
1688932821575,118437,4142
1688932821579,118437,4142
1688932821583,118437,4142
1688932821586,118437,4142
1688932821590,118437,4142
1688932821593,118437,4142
1688932821597,118437,4142
1688932821601,118437,4142
1688932821604,118437,4142
1688932821607,118437,4142
1688932821611,118437,4142
1688932821614,118437,4142
1688932821618,118437,4142
1688932821621,118437,4142
1688932821624,118437,4142
1688932821628,118437,4142
1688932821632,118437,4142
1688932821635,118437,4142
1688932821638,118437,4142
1688932821642,118437,4142
1688932821645,118437,4142
1688932821648,118437,4142
1688932821651,118437,4142
1688932821654,118437,4142
1688932821657,118437,4142
1688932821660,118437,4142
1688932821663,118437,4142
1688932821666,118437,4142
1688932821669,118437,4142
1688932821673,118437,4142
1688932821676,118437,4142
1688932821679,118437,4142
1688932821683,118437,4142
1688932821686,118437,4142
1688932821689,118437,4142
1688932821692,118437,4142
1688932821696,118437,4142
1688932821699,118437,4142
1688932821702,118437,4142
1688932821706,118437,4142
1688932821709,118437,4142
1688932821712,118437,4142
1688932821716,118437,4142
1688932821719,118437,4142
1688932821722,118437,4142
1688932821725,118437,4142
1688932821728,118437,4142
1688932821731,118437,4142
1688932821734,118437,4142
1688932821737,118437,4142
1688932821740,118437,4142
1688932821743,118437,4142
1688932821746,118437,4142
1688932821749,118437,4142
1688932821752,118437,4142
1688932821755,118437,4142
1688932821758,118437,4142
1688932821761,118437,4142
1688932821763,118437,4142
1688932821766,118437,4142
1688932821770,118437,4142
1688932821772,118437,4142
1688932821775,118437,4142
1688932821778,187500,4142
1688932821781,187500,4142
1688932821784,187500,4142
1688932821787,187500,4142
1688932821790,187500,4142
1688932821793,187500,4142
1688932821796,187500,4142
1688932821799,187500,4142
1688932821802,187500,4142
1688932821805,187500,4142
1688932821808,187500,4142
1688932821811,187500,4142
1688932821814,187500,4142
1688932821817,187500,4142
1688932821820,187500,4142
1688932821824,187500,4142
1688932821827,187500,4142
1688932821830,187500,4142
1688932821834,187500,4142
1688932821837,187500,4142
1688932821840,187500,4142
1688932821843,187500,4142
1688932821846,187500,4142
1688932821850,187500,4142
1688932821853,187500,4142
1688932821857,187500,4142
1688932821860,187500,4142
1688932821864,187500,4142
1688932821867,187500,4142
1688932821870,187500,4142
1688932821873,187500,4142
1688932821876,187500,4142
1688932821879,187500,4142
1688932821882,187500,4142
1688932821885,187500,4142
1688932821888,187500,4142
1688932821891,187500,4142
1688932821894,187500,4142
1688932821899,187500,4142
1688932821902,187500,4142
1688932821906,187500,4142
1688932821909,187500,4142
1688932821913,187500,4142
1688932821917,187500,4142
1688932821921,187500,4142
1688932821925,187500,4142
1688932821928,187500,4142
1688932821933,187500,4142
1688932821936,187500,4142
1688932821939,187500,4142
1688932821943,187500,4142
1688932821946,187500,4142
1688932821949,187500,4142
1688932821953,187500,4142
1688932821957,187500,4142
1688932821961,187500,4142
1688932821964,187500,4142
1688932821967,187500,4142
1688932821971,187500,4142
1688932821975,187500,4142
1688932821978,187500,4142
1688932821981,187500,4142
1688932821984,187500,4142
1688932821988,187500,4142
1688932821991,187500,4142
1688932821995,187500,4142
1688932821998,187500,4142
1688932822001,187500,4142
1688932822004,187500,4142
1688932822007,187500,4142
1688932822012,187500,4142
1688932822016,187500,4142
1688932822019,187500,4142
1688932822022,187500,4142
1688932822025,187500,4142
1688932822028,187500,4142
1688932822032,187500,4142
1688932822035,187500,4142
1688932822038,187500,4142
1688932822041,187500,4142
1688932822044,187500,4142
1688932822048,187500,4142
1688932822051,187500,4142
1688932822054,187500,4142
1688932822058,187500,4142
1688932822061,187500,4142
1688932822064,187500,4142
1688932822067,187500,4142
1688932822070,187500,4142
1688932822074,187500,4142
1688932822077,187500,4142
1688932822081,187500,4142
1688932822084,187500,4142
1688932822088,187500,4142
1688932822091,187500,4142
1688932822095,187500,4142
1688932822098,187500,4142
1688932822101,187500,4142
1688932822104,187500,4142
1688932822107,187500,4142
1688932822111,187500,4142
1688932822114,187500,4142
1688932822117,187500,4142
1688932822121,187500,4142
1688932822124,141875,4142
1688932822127,141875,4142
1688932822131,141875,4142
1688932822134,141875,4142
1688932822138,141875,4142
1688932822142,141875,4142
1688932822145,141875,4142
1688932822149,141875,4142
1688932822152,141875,4142
1688932822156,141875,4142
1688932822159,141875,4142
1688932822162,141875,4142
1688932822165,141875,4142
1688932822168,141875,4142
1688932822172,141875,4142
1688932822175,141875,4142
1688932822178,141875,4142
1688932822181,141875,4142
1688932822184,141875,4142
1688932822187,141875,4142
1688932822190,141875,4142
1688932822193,141875,4142
1688932822196,141875,4142
1688932822199,141875,4142
1688932822202,141875,4142
1688932822205,141875,4142
1688932822208,141875,4142
1688932822211,141875,4142
1688932822215,141875,4142
1688932822218,141875,4142
1688932822221,141875,4142
1688932822224,141875,4142
1688932822228,141875,4142
1688932822231,141875,4142
1688932822235,141875,4142
1688932822238,141875,4142
1688932822241,141875,4142
1688932822244,141875,4142
1688932822247,141875,4142
1688932822251,141875,4142
1688932822254,141875,4142
1688932822258,141875,4142
1688932822261,141875,4142
1688932822265,141875,4142
1688932822268,141875,4142
1688932822271,141875,4142
1688932822274,141875,4142
1688932822278,141875,4142
1688932822282,141875,4142
1688932822286,141875,4142
1688932822290,141875,4142
1688932822294,141875,4142
1688932822297,141875,4142
1688932822301,141875,4142
1688932822304,141875,4142
1688932822308,141875,4142
1688932822311,141875,4142
1688932822315,141875,4142
1688932822318,141875,4142
1688932822321,141875,4142
1688932822324,141875,4142
1688932822327,141875,4142
1688932822331,141875,4142
1688932822334,141875,4142
1688932822337,141875,4142
1688932822342,141875,4142
1688932822346,141875,4142
1688932822350,141875,4142
1688932822353,141875,4142
1688932822356,141875,4142
1688932822360,141875,4142
1688932822364,141875,4142
1688932822368,141875,4142
1688932822372,141875,4142
1688932822375,141875,4142
1688932822378,141875,4142
1688932822381,141875,4142
1688932822384,141875,4142
1688932822388,141875,4142
1688932822391,141875,4142
1688932822394,141875,4142
1688932822397,141875,4142
1688932822400,141875,4142
1688932822404,141875,4142
1688932822408,141875,4142
1688932822411,141875,4142
1688932822414,141875,4142
1688932822419,141875,4142
1688932822422,141875,4142
1688932822425,141875,4142
1688932822428,141875,4142
1688932822431,141875,4142
1688932822434,141875,4142
1688932822437,141875,4142
1688932822440,141875,4142
1688932822443,141875,4142
1688932822447,141875,4142
1688932822450,141875,4142
1688932822454,141875,4142
1688932822457,141875,4142
1688932822461,141875,4142
1688932822464,141875,4142
1688932822468,141875,4142
1688932822472,141875,4142
1688932822475,141875,4142
1688932822479,141875,4142
1688932822482,125937,4142
1688932822486,125937,4142
1688932822489,125937,4142
1688932822493,125937,4142
1688932822496,125937,4142
1688932822499,125937,4142
1688932822502,125937,4142
1688932822506,125937,4142
1688932822509,125937,4142
1688932822512,125937,4142
1688932822515,125937,4142
1688932822521,125937,4142
1688932822524,125937,4142
1688932822528,125937,4142
1688932822531,125937,4142
1688932822534,125937,4142
1688932822537,125937,4142
1688932822541,125937,4142
1688932822544,125937,4142
1688932822547,125937,4142
1688932822551,125937,4142
1688932822554,125937,4142
1688932822558,125937,4142
1688932822562,125937,4142
1688932822566,125937,4142
1688932822569,125937,4142
1688932822573,125937,4142
1688932822576,125937,4142
1688932822579,125937,4142
1688932822583,125937,4142
1688932822586,125937,4142
1688932822590,125937,4142
1688932822593,125937,4142
1688932822598,125937,4142
1688932822601,125937,4142
1688932822605,125937,4142
1688932822609,125937,4142
1688932822612,125937,4142
1688932822616,125937,4142
1688932822619,125937,4142
1688932822622,125937,4142
1688932822625,125937,4142
1688932822628,125937,4142
1688932822631,125937,4142
1688932822634,125937,4142
1688932822638,125937,4142
1688932822641,125937,4142
1688932822645,125937,4142
1688932822648,125937,4142
1688932822651,125937,4142
1688932822654,125937,4142
1688932822657,125937,4142
1688932822661,125937,4142
1688932822664,125937,4142
1688932822667,125937,4142
1688932822670,125937,4142
1688932822673,125937,4142
1688932822676,125937,4142
1688932822679,125937,4142
1688932822682,125937,4142
1688932822685,125937,4142
1688932822688,125937,4142
1688932822691,125937,4142
1688932822694,125937,4142
1688932822697,125937,4142
1688932822701,125937,4142
1688932822704,125937,4142
1688932822708,125937,4142
1688932822711,125937,4142
1688932822715,125937,4142
1688932822719,125937,4142
1688932822723,125937,4142
1688932822726,125937,4142
1688932822729,125937,4142
1688932822732,125937,4142
1688932822736,125937,4142
1688932822740,125937,4142
1688932822743,125937,4142
1688932822747,125937,4142
1688932822751,125937,4142
1688932822755,125937,4142
1688932822759,125937,4142
1688932822763,125937,4142
1688932822766,125937,4142
1688932822769,125937,4142
1688932822773,125937,4142
1688932822776,125937,4142
1688932822779,125937,4142
1688932822782,125937,4142
1688932822786,125937,4142
1688932822789,125937,4142
1688932822792,125937,4142
1688932822796,125937,4142
1688932822799,125937,4142
1688932822802,125937,4142
1688932822806,125937,4142
1688932822809,125937,4142
1688932822812,125937,4142
1688932822816,125937,4142
1688932822819,125937,4142
1688932822822,125937,4142
1688932822826,178125,4142
1688932822829,178125,4142
1688932822832,178125,4142
1688932822835,178125,4142
1688932822838,178125,4142
1688932822841,178125,4142
1688932822844,178125,4142
1688932822847,178125,4142
1688932822850,178125,4142
1688932822854,178125,4142
1688932822857,178125,4142
1688932822860,178125,4142
1688932822863,178125,4142
1688932822866,178125,4142
1688932822870,178125,4142
1688932822873,178125,4142
1688932822876,178125,4142
1688932822879,178125,4142
1688932822882,178125,4142
1688932822885,178125,4142
1688932822888,178125,4142
1688932822892,178125,4142
1688932822895,178125,4142
1688932822900,178125,4142
1688932822903,178125,4142
1688932822906,178125,4142
1688932822908,178125,4142
1688932822911,178125,4142
1688932822914,178125,4142
1688932822917,178125,4142
1688932822920,178125,4142
1688932822922,178125,4142
1688932822925,178125,4142
1688932822928,178125,4142
1688932822930,178125,4142
1688932822933,178125,4142
1688932822936,178125,4142
1688932822939,178125,4142
1688932822942,178125,4142
1688932822944,178125,4142
1688932822947,178125,4142
1688932822950,178125,4142
1688932822953,178125,4142
1688932822956,178125,4142
1688932822959,178125,4142
1688932822962,178125,4142
1688932822965,178125,4142
1688932822968,178125,4142
1688932822971,178125,4142
1688932822974,178125,4142
1688932822977,178125,4142
1688932822980,178125,4142
1688932822983,178125,4142
1688932822986,178125,4142
1688932822989,178125,4142
1688932822992,178125,4142
1688932822995,178125,4142
1688932822998,178125,4142
1688932823001,178125,4142
1688932823004,178125,4142
1688932823007,178125,4142
1688932823010,178125,4142
1688932823014,178125,4142
1688932823017,178125,4142
1688932823020,178125,4142
1688932823023,178125,4142
1688932823027,178125,4142
1688932823030,178125,4142
1688932823033,178125,4142
1688932823036,178125,4142
1688932823040,178125,4142
1688932823044,178125,4142
1688932823047,178125,4142
1688932823051,178125,4142
1688932823055,178125,4142
1688932823058,178125,4142
1688932823062,178125,4142
1688932823066,178125,4142
1688932823070,178125,4142
1688932823073,178125,4142
1688932823076,178125,4142
1688932823080,178125,4142
1688932823084,178125,4142
1688932823088,178125,4142
1688932823093,178125,4142
1688932823097,178125,4142
1688932823100,178125,4142
1688932823104,178125,4142
1688932823108,178125,4142
1688932823112,178125,4142
1688932823115,178125,4142
1688932823118,178125,4142
1688932823122,178125,4142
1688932823125,178125,4142
1688932823128,178125,4142
1688932823131,178125,4142
1688932823134,178125,4142
1688932823137,178125,4142
1688932823141,178125,4142
1688932823145,178125,4142
1688932823149,178125,4142
1688932823153,178125,4142
1688932823156,178125,4142
1688932823159,178125,4142
1688932823163,178125,4142
1688932823167,178125,4142
1688932823171,178125,4142
1688932823174,178125,4142
1688932823178,178125,4142
1688932823181,122187,4142
1688932823185,122187,4142
1688932823188,122187,4142
1688932823192,122187,4142
1688932823195,122187,4142
1688932823197,122187,4142
1688932823200,122187,4142
1688932823203,122187,4142
1688932823206,122187,4142
1688932823210,122187,4142
1688932823213,122187,4142
1688932823217,122187,4142
1688932823221,122187,4142
1688932823224,122187,4142
1688932823228,122187,4142
1688932823231,122187,4142
1688932823234,122187,4142
1688932823237,122187,4142
1688932823240,122187,4142
1688932823243,122187,4142
1688932823247,122187,4142
1688932823252,122187,4142
1688932823255,122187,4142
1688932823259,122187,4142
1688932823262,122187,4142
1688932823265,122187,4142
1688932823268,122187,4142
1688932823271,122187,4142
1688932823274,122187,4142
1688932823278,122187,4142
1688932823281,122187,4142
1688932823284,122187,4142
1688932823287,122187,4142
1688932823290,122187,4142
1688932823293,122187,4142
1688932823297,122187,4142
1688932823300,122187,4142
1688932823303,122187,4142
1688932823306,122187,4142
1688932823309,122187,4142
1688932823312,122187,4142
1688932823316,122187,4142
1688932823319,122187,4142
1688932823322,122187,4142
1688932823326,122187,4142
1688932823329,122187,4142
1688932823333,122187,4142
1688932823337,122187,4142
1688932823340,122187,4142
1688932823344,122187,4142
1688932823347,122187,4142
1688932823351,122187,4142
1688932823354,122187,4142
1688932823358,122187,4142
1688932823361,122187,4142
1688932823364,122187,4142
1688932823367,122187,4142
1688932823371,122187,4142
1688932823375,122187,4142
1688932823378,122187,4142
1688932823381,122187,4142
1688932823384,122187,4142
1688932823388,122187,4142
1688932823391,122187,4142
1688932823394,122187,4142
1688932823397,122187,4142
1688932823400,122187,4142
1688932823403,122187,4142
1688932823406,122187,4142
1688932823410,122187,4142
1688932823414,122187,4142
1688932823417,122187,4142
1688932823421,122187,4142
1688932823424,122187,4142
1688932823427,122187,4142
1688932823430,122187,4142
1688932823433,122187,4142
1688932823437,122187,4142
1688932823440,122187,4142
1688932823443,122187,4142
1688932823447,122187,4142
1688932823450,122187,4142
1688932823453,122187,4142
1688932823457,122187,4142
1688932823459,122187,4142
1688932823462,122187,4142
1688932823464,122187,4142
1688932823467,122187,4142
1688932823470,122187,4142
1688932823473,122187,4142
1688932823476,122187,4142
1688932823479,122187,4142
1688932823482,122187,4142
1688932823485,122187,4142
1688932823488,122187,4142
1688932823491,122187,4142
1688932823495,122187,4142
1688932823498,122187,4142
1688932823502,122187,4142
1688932823505,122187,4142
1688932823509,122187,4142
1688932823513,122187,4142
1688932823517,122187,4142
1688932823520,122187,4142
1688932823523,122187,4142
1688932823527,122500,4142
1688932823531,122500,4142
1688932823535,122500,4142
1688932823539,122500,4142
1688932823542,122500,4142
1688932823545,122500,4142
1688932823548,122500,4142
1688932823551,122500,4142
1688932823554,122500,4142
1688932823558,122500,4142
1688932823561,122500,4142
1688932823564,122500,4142
1688932823567,122500,4142
1688932823571,122500,4142
1688932823574,122500,4142
1688932823578,122500,4142
1688932823582,122500,4142
1688932823585,122500,4142
1688932823589,122500,4142
1688932823592,122500,4142
1688932823595,122500,4142
1688932823598,122500,4142
1688932823601,122500,4142
1688932823604,122500,4142
1688932823608,122500,4142
1688932823611,122500,4142
1688932823614,122500,4142
1688932823618,122500,4142
1688932823622,122500,4142
1688932823625,122500,4142
1688932823628,122500,4142
1688932823632,122500,4142
1688932823636,122500,4142
1688932823640,122500,4142
1688932823643,122500,4142
1688932823647,122500,4142
1688932823652,122500,4142
1688932823656,122500,4142
1688932823659,122500,4142
1688932823662,122500,4142
1688932823665,122500,4142
1688932823670,122500,4142
1688932823674,122500,4142
1688932823678,122500,4142
1688932823681,122500,4142
1688932823685,122500,4142
1688932823690,122500,4142
1688932823693,122500,4142
1688932823696,122500,4142
1688932823700,122500,4142
1688932823703,122500,4142
1688932823706,122500,4142
1688932823709,122500,4142
1688932823712,122500,4142
1688932823716,122500,4142
1688932823719,122500,4142
1688932823722,122500,4142
1688932823725,122500,4142
1688932823728,122500,4142
1688932823733,122500,4142
1688932823736,122500,4142
1688932823739,122500,4142
1688932823742,122500,4142
1688932823745,122500,4142
1688932823748,122500,4142
1688932823750,122500,4142
1688932823753,122500,4142
1688932823755,122500,4142
1688932823758,122500,4142
1688932823760,122500,4142
1688932823762,122500,4142
1688932823765,122500,4142
1688932823767,122500,4142
1688932823769,122500,4142
1688932823771,122500,4142
1688932823774,122500,4142
1688932823776,122500,4142
1688932823778,122500,4142
1688932823780,122500,4142
1688932823783,122500,4142
1688932823785,122500,4142
1688932823787,122500,4142
1688932823790,122500,4142
1688932823792,122500,4142
1688932823795,122500,4142
1688932823797,122500,4142
1688932823800,122500,4142
1688932823803,122500,4142
1688932823806,122500,4142
1688932823808,122500,4142
1688932823811,122500,4142
1688932823814,122500,4142
1688932823817,122500,4142
1688932823820,122500,4142
1688932823823,122500,4142
1688932823826,122500,4142
1688932823830,122500,4142
1688932823833,122500,4142
1688932823836,122500,4142
1688932823840,122500,4142
1688932823843,122500,4142
1688932823846,122500,4142
1688932823850,122500,4142
1688932823853,122500,4142
1688932823856,122500,4142
1688932823859,122500,4142
1688932823862,122500,4142
1688932823865,122500,4142
1688932823868,122500,4142
1688932823872,122500,4142
1688932823876,122500,4142
1688932823880,122500,4142
1688932823884,181250,4142
1688932823888,181250,4142
1688932823891,181250,4142
1688932823895,181250,4142
1688932823898,181250,4142
1688932823901,181250,4142
1688932823904,181250,4142
1688932823908,181250,4142
1688932823911,181250,4142
1688932823914,181250,4142
1688932823917,181250,4142
1688932823921,181250,4142
1688932823924,181250,4142
1688932823927,181250,4142
1688932823930,181250,4142
1688932823934,181250,4142
1688932823937,181250,4142
1688932823940,181250,4142
1688932823943,181250,4142
1688932823947,181250,4142
1688932823950,181250,4142
1688932823953,181250,4142
1688932823956,181250,4142
1688932823959,181250,4142
1688932823963,181250,4142
1688932823966,181250,4142
1688932823969,181250,4142
1688932823972,181250,4142
1688932823976,181250,4142
1688932823979,181250,4142
1688932823982,181250,4142
1688932823985,181250,4142
1688932823988,181250,4142
1688932823990,181250,4142
1688932823994,181250,4142
1688932823997,181250,4142
1688932824000,181250,4142
1688932824002,181250,4142
1688932824005,181250,4142
1688932824007,181250,4142
1688932824010,181250,4142
1688932824013,181250,4142
1688932824016,181250,4142
1688932824018,181250,4142
1688932824021,181250,4142
1688932824024,181250,4142
1688932824027,181250,4142
1688932824030,181250,4142
1688932824033,181250,4142
1688932824038,181250,4142
1688932824041,181250,4142
1688932824044,181250,4142
1688932824047,181250,4142
1688932824051,181250,4142
1688932824054,181250,4142
1688932824056,181250,4142
1688932824059,181250,4142
1688932824061,181250,4142
1688932824064,181250,4142
1688932824066,181250,4142
1688932824069,181250,4142
1688932824071,181250,4142
1688932824073,181250,4142
1688932824076,181250,4142
1688932824078,181250,4142
1688932824080,181250,4142
1688932824083,181250,4142
1688932824085,181250,4142
1688932824087,181250,4142
1688932824091,181250,4142
1688932824094,181250,4142
1688932824097,181250,4142
1688932824100,181250,4142
1688932824103,181250,4142
1688932824107,181250,4142
1688932824111,181250,4142
1688932824115,181250,4142
1688932824118,181250,4142
1688932824121,181250,4142
1688932824124,181250,4142
1688932824128,181250,4142
1688932824130,181250,4142
1688932824133,181250,4142
1688932824136,181250,4142
1688932824138,181250,4142
1688932824141,181250,4142
1688932824143,181250,4142
1688932824146,181250,4142
1688932824148,181250,4142
1688932824150,181250,4142
1688932824153,181250,4142
1688932824155,181250,4142
1688932824158,181250,4142
1688932824160,181250,4142
1688932824170,181250,4142
