Timestamp,BATTERY_PROPERTY_CURRENT_NOW,EXTRA_VOLTAGE
1688993710680,-90026,4162
1688993710683,-90026,4162
1688993710687,-90026,4162
1688993710690,-90026,4162
1688993710695,-90026,4162
1688993710698,-90026,4162
1688993710701,-90026,4162
1688993710704,-90026,4162
1688993710707,-90026,4162
1688993710709,-90026,4162
1688993710712,-90026,4162
1688993710715,-90026,4162
1688993710719,-90026,4162
1688993710723,-90026,4162
1688993710727,-90026,4162
1688993710730,-90026,4162
1688993710733,-90026,4162
1688993710736,-90026,4162
1688993710739,-90026,4162
1688993710742,-90026,4162
1688993710745,-90026,4162
1688993710748,-90026,4162
1688993710751,-90026,4162
1688993710754,-90026,4162
1688993710759,-90026,4162
1688993710762,-90026,4162
1688993710767,-90026,4162
1688993710770,-90026,4162
1688993710773,-90026,4162
1688993710776,-90026,4162
1688993710779,-90026,4162
1688993710782,-90026,4162
1688993710785,-90026,4162
1688993710787,-90026,4162
1688993710790,-90026,4162
1688993710794,-90026,4162
1688993710798,-90026,4162
1688993710801,-90026,4162
1688993710804,-90026,4162
1688993710807,-90026,4162
1688993710809,-90026,4162
1688993710812,-90026,4162
1688993710815,-90026,4162
1688993710818,-90026,4162
1688993710821,-90026,4162
1688993710825,-90026,4162
1688993710828,-90026,4162
1688993710831,-90026,4162
1688993710833,-90026,4162
1688993710837,-90026,4162
1688993710839,-90026,4162
1688993710842,-90026,4162
1688993710845,-90026,4162
1688993710847,-90026,4162
1688993710850,-90026,4162
1688993710853,-90026,4162
1688993710855,-90026,4162
1688993710859,-90026,4162
1688993710862,-90026,4162
1688993710865,-90026,4162
1688993710868,-90026,4162
1688993710871,-90026,4162
1688993710873,-90026,4162
1688993710876,-90026,4162
1688993710879,-90026,4162
1688993710882,-90026,4162
1688993710884,-90026,4162
1688993710887,-90026,4162
1688993710891,-90026,4162
1688993710894,-90026,4162
1688993710898,-90026,4162
1688993710901,-90026,4162
1688993710905,-90026,4162
1688993710907,-90026,4162
1688993710910,-90026,4162
1688993710913,-90026,4162
1688993710917,-90026,4162
1688993710920,-90026,4162
1688993710924,-90026,4162
1688993710928,-90026,4162
1688993710931,-90026,4162
1688993710934,-90026,4162
1688993710936,-90026,4162
1688993710939,-90026,4162
1688993710942,-90026,4162
1688993710945,-90026,4162
1688993710948,-90026,4162
1688993710950,-90026,4162
1688993710952,-90026,4162
1688993710955,-90026,4162
1688993710958,-90026,4162
1688993710961,-90026,4162
1688993710964,-90026,4162
1688993710967,-90026,4162
1688993710969,-90026,4162
1688993710971,-90026,4162
1688993710974,-90026,4162
1688993710976,-90026,4162
1688993710980,-90026,4162
1688993710983,-90026,4162
1688993710986,-90026,4162
1688993710989,-90026,4162
1688993710992,-90026,4162
1688993710996,-90026,4162
1688993710998,-90026,4162
1688993711001,-90026,4162
1688993711004,-90026,4162
1688993711006,-90026,4162
1688993711009,-90026,4162
1688993711012,-90026,4162
1688993711016,-90026,4162
1688993711018,-90026,4162
1688993711021,-90026,4162
1688993711025,-90026,4162
1688993711028,-90026,4162
1688993711031,-90026,4162
1688993711034,-90026,4162
1688993711037,-90026,4162
1688993711039,-90026,4162
1688993711042,-90026,4162
1688993711045,-90026,4162
1688993711048,-90026,4162
1688993711051,-90026,4162
1688993711053,-90026,4162
1688993711057,-90026,4162
1688993711060,-90026,4162
1688993711063,-90026,4162
1688993711066,-90026,4162
1688993711068,-90026,4162
1688993711071,-90026,4162
1688993711074,-90026,4162
1688993711078,-90026,4162
1688993711081,-90026,4162
1688993711084,-90026,4162
1688993711087,-90026,4162
1688993711090,-90026,4162
1688993711094,-90026,4162
1688993711097,-90026,4162
1688993711100,-90026,4162
1688993711103,-90026,4162
1688993711106,-90026,4162
1688993711109,-90026,4162
1688993711112,-90026,4162
1688993711116,-90026,4162
1688993711119,-90026,4162
1688993711122,-90026,4162
1688993711127,-90026,4162
1688993711130,-90026,4162
1688993711133,-90026,4162
1688993711136,-90026,4162
1688993711139,-90026,4162
1688993711142,-90026,4162
1688993711144,-90026,4162
1688993711147,-90026,4162
1688993711150,-90026,4162
1688993711154,-90026,4162
1688993711157,-90026,4162
1688993711161,-90026,4162
1688993711163,-90026,4162
1688993711166,-90026,4162
1688993711169,-90026,4162
1688993711171,-90026,4162
1688993711174,-90026,4162
1688993711177,-90026,4162
1688993711180,-90026,4162
1688993711182,-90026,4162
1688993711185,-90026,4162
1688993711188,-90026,4162
1688993711191,-90026,4162
1688993711194,-90026,4162
1688993711197,-90026,4162
1688993711200,-90026,4162
1688993711202,-90026,4162
1688993711205,-90026,4162
1688993711208,-90026,4162
1688993711211,-90026,4162
1688993711215,-90026,4162
1688993711217,-90026,4162
1688993711220,-90026,4162
1688993711222,-90026,4162
1688993711226,-90026,4162
1688993711230,-90026,4162
1688993711233,-90026,4162
1688993711237,-90026,4162
1688993711240,-90026,4162
1688993711243,-90026,4162
1688993711245,-90026,4162
1688993711248,-90026,4162
1688993711251,-90026,4162
1688993711254,-90026,4162
1688993711257,-90026,4162
1688993711260,-90026,4162
1688993711264,-90026,4162
1688993711266,-90026,4162
1688993711268,-90026,4162
1688993711272,-90026,4162
1688993711274,-90026,4162
1688993711277,-90026,4162
1688993711279,-90026,4162
1688993711283,-90026,4162
1688993711285,-90026,4162
1688993711288,-90026,4162
1688993711291,-90026,4162
1688993711294,-90026,4162
1688993711297,-90026,4162
1688993711299,-90026,4162
1688993711302,-90026,4162
1688993711304,-90026,4162
1688993711307,-90026,4162
1688993711309,-90026,4162
1688993711312,-90026,4162
1688993711315,-90026,4162
1688993711317,-90026,4162
1688993711320,-90026,4162
1688993711323,-90026,4162
1688993711326,-90026,4162
1688993711329,-90026,4162
1688993711332,-90026,4162
1688993711335,-90026,4162
1688993711337,-90026,4162
1688993711340,-90026,4162
1688993711342,-90026,4162
1688993711345,-90026,4162
1688993711347,-90026,4162
1688993711350,-90026,4162
1688993711353,-90026,4162
1688993711355,-90026,4162
1688993711358,-90026,4162
1688993711361,-90026,4162
1688993711364,-90026,4162
1688993711366,-90026,4162
1688993711369,-90026,4162
1688993711372,-90026,4162
1688993711374,-90026,4162
1688993711376,-90026,4162
1688993711380,-90026,4162
1688993711382,-90026,4162
1688993711385,-90026,4162
1688993711387,-90026,4162
1688993711390,-90026,4162
1688993711393,-90026,4162
1688993711396,-90026,4162
1688993711398,-90026,4162
1688993711401,-90026,4162
1688993711403,-90026,4162
1688993711407,-90026,4162
1688993711409,-90026,4162
1688993711412,-90026,4162
1688993711415,-90026,4162
1688993711417,-90026,4162
1688993711420,-90026,4162
1688993711424,-90026,4162
1688993711427,-90026,4162
1688993711430,-90026,4162
1688993711433,-90026,4162
1688993711435,-90026,4162
1688993711438,-90026,4162
1688993711440,-90026,4162
1688993711443,-90026,4162
1688993711448,-90026,4162
1688993711451,-90026,4162
1688993711454,-90026,4162
1688993711460,-90026,4162
1688993711462,-90026,4162
1688993711465,-90026,4162
1688993711468,-90026,4162
1688993711472,-90026,4162
1688993711474,-90026,4162
1688993711476,-90026,4162
1688993711478,-90026,4162
1688993711481,-90026,4162
1688993711483,-90026,4162
1688993711485,-90026,4162
1688993711488,-90026,4162
1688993711491,-90026,4162
1688993711493,-90026,4162
1688993711496,-90026,4162
1688993711498,-90026,4162
1688993711500,-90026,4162
1688993711502,-90026,4162
1688993711504,-90026,4162
1688993711507,-90026,4162
1688993711509,-90026,4162
1688993711511,-90026,4162
1688993711514,-90026,4162
1688993711516,-90026,4162
1688993711518,-90026,4162
1688993711521,-90026,4162
1688993711525,-90026,4162
1688993711528,-90026,4162
1688993711530,-90026,4162
1688993711532,-90026,4162
1688993711534,-90026,4162
1688993711537,-90026,4162
1688993711539,-90026,4162
1688993711542,-90026,4162
1688993711544,-90026,4162
1688993711546,-90026,4162
1688993711549,-90026,4162
1688993711551,-90026,4162
1688993711554,-90026,4162
1688993711556,-90026,4162
1688993711560,-90026,4162
1688993711562,-90026,4162
1688993711565,-90026,4162
1688993711567,-90026,4162
1688993711570,-90026,4162
1688993711573,-90026,4162
1688993711575,-90026,4162
1688993711578,-90026,4162
1688993711580,-90026,4162
1688993711583,-90026,4162
1688993711585,-90026,4162
1688993711588,-90026,4162
1688993711591,-90026,4162
1688993711593,-90026,4162
1688993711596,-90026,4162
1688993711598,-90026,4162
1688993711600,-90026,4162
1688993711603,-90026,4162
1688993711605,-90026,4162
1688993711608,-90026,4162
1688993711610,-90026,4162
1688993711613,-90026,4162
1688993711615,-90026,4162
1688993711618,-90026,4162
1688993711620,-90026,4162
1688993711623,-90026,4162
1688993711626,-90026,4162
1688993711629,-90026,4162
1688993711631,-90026,4162
1688993711634,-90026,4162
1688993711636,-90026,4162
1688993711639,-90026,4162
1688993711641,-90026,4162
1688993711643,-90026,4162
1688993711646,-90026,4162
1688993711649,-90026,4162
1688993711652,-90026,4162
1688993711654,-90026,4162
1688993711657,-90026,4162
1688993711660,-90026,4162
1688993711664,-90026,4162
1688993711667,-90026,4162
1688993711669,-90026,4162
1688993711671,-90026,4162
1688993711673,-90026,4162
1688993711675,-90026,4162
1688993711678,-90026,4162
1688993711680,-90026,4162
1688993711683,-90026,4162
1688993711685,-90026,4162
1688993711688,-90026,4162
1688993711691,-90026,4162
1688993711693,-90026,4162
1688993711696,-90026,4162
1688993711698,-90026,4162
1688993711700,-90026,4162
1688993711702,-90026,4162
1688993711705,-90026,4162
1688993711707,-90026,4162
1688993711709,-90026,4162
1688993711712,-90026,4162
1688993711715,-90026,4162
1688993711718,-90026,4162
1688993711720,-90026,4162
1688993711723,-90026,4162
1688993711727,-90026,4162
1688993711729,-90026,4162
1688993711732,-90026,4162
1688993711734,-90026,4162
1688993711737,-90026,4162
1688993711739,-90026,4162
1688993711742,-90026,4162
1688993711745,-90026,4162
1688993711748,-90026,4162
1688993711750,-90026,4162
1688993711753,-90026,4162
1688993711755,-90026,4162
1688993711758,-90026,4162
1688993711761,-90026,4162
1688993711763,-90026,4162
1688993711766,-90026,4162
1688993711768,-90026,4162
1688993711770,-90026,4162
1688993711772,-90026,4162
1688993711774,-90026,4162
1688993711777,-90026,4162
1688993711779,-90026,4162
1688993711782,-90026,4162
1688993711784,-90026,4162
1688993711788,-90026,4162
1688993711791,-90026,4162
1688993711794,-90026,4162
1688993711797,-90026,4162
1688993711800,-90026,4162
1688993711802,-90026,4162
1688993711805,-90026,4162
1688993711807,-90026,4162
1688993711810,-90026,4162
1688993711812,-90026,4162
1688993711815,-90026,4162
1688993711818,-90026,4162
1688993711820,-90026,4162
1688993711822,-90026,4162
1688993711826,-90026,4162
1688993711828,-90026,4162
1688993711831,-90026,4162
1688993711834,-90026,4162
1688993711836,-90026,4162
1688993711838,-90026,4162
1688993711841,-90026,4162
1688993711843,-90026,4162
1688993711846,-90026,4162
1688993711848,-90026,4162
1688993711851,-90026,4162
1688993711853,-90026,4162
1688993711857,-90026,4162
1688993711860,-90026,4162
1688993711863,-90026,4162
1688993711866,-90026,4162
1688993711868,-90026,4162
1688993711871,-90026,4162
1688993711873,-90026,4162
1688993711876,-90026,4162
1688993711878,-90026,4162
1688993711881,-90026,4162
1688993711885,-90026,4162
1688993711888,-90026,4162
1688993711891,-90026,4162
1688993711894,-90026,4162
1688993711896,-90026,4162
1688993711899,-90026,4162
1688993711901,-90026,4162
1688993711904,-90026,4162
1688993711907,-90026,4162
1688993711909,-90026,4162
1688993711911,-90026,4162
1688993711914,-90026,4162
1688993711917,-90026,4162
1688993711919,-90026,4162
1688993711923,-90026,4162
1688993711926,-90026,4162
1688993711928,-90026,4162
1688993711931,-90026,4162
1688993711933,-90026,4162
1688993711936,-90026,4162
1688993711938,-90026,4162
1688993711941,-90026,4162
1688993711945,-90026,4162
1688993711948,-90026,4162
1688993711950,-90026,4162
1688993711953,-90026,4162
1688993711955,-90026,4162
1688993711964,-90026,4162
1688993711967,-90026,4162
1688993711969,-90026,4162
1688993711971,-90026,4162
1688993711974,-90026,4162
1688993711977,-90026,4162
1688993711980,-90026,4162
1688993711983,-90026,4162
1688993711985,-90026,4162
1688993711987,-90026,4162
1688993711990,-90026,4162
1688993711993,-90026,4162
1688993711996,-90026,4162
1688993711999,-90026,4162
1688993712001,-90026,4162
1688993712004,-90026,4162
1688993712006,-90026,4162
1688993712009,-90026,4162
1688993712011,-90026,4162
1688993712014,-90026,4162
1688993712016,-90026,4162
1688993712019,-90026,4162
1688993712022,-90026,4162
1688993712025,-90026,4162
1688993712028,-90026,4162
1688993712030,-90026,4162
1688993712033,-90026,4162
1688993712035,-90026,4162
1688993712037,-90026,4162
1688993712040,-90026,4162
1688993712042,-90026,4162
1688993712045,-90026,4162
1688993712047,-90026,4162
1688993712050,-90026,4162
1688993712052,-90026,4162
1688993712055,-90026,4162
1688993712058,-90026,4162
1688993712061,-90026,4162
1688993712064,-90026,4162
1688993712066,-90026,4162
1688993712069,-90026,4162
1688993712071,-90026,4162
1688993712073,-90026,4162
1688993712075,-90026,4162
1688993712078,-90026,4162
1688993712081,-90026,4162
1688993712084,-90026,4162
1688993712086,-90026,4162
1688993712088,-90026,4162
1688993712091,-90026,4162
1688993712094,-90026,4162
1688993712096,-90026,4162
1688993712099,-90026,4162
1688993712102,-90026,4162
1688993712104,-90026,4162
1688993712107,-90026,4162
1688993712109,-90026,4162
1688993712111,-90026,4162
1688993712114,-90026,4162
1688993712117,-90026,4162
1688993712120,-90026,4162
1688993712122,-90026,4162
1688993712126,-90026,4162
1688993712128,-90026,4162
1688993712131,-90026,4162
1688993712133,-90026,4162
1688993712136,-90026,4162
1688993712138,-90026,4162
1688993712141,-90026,4162
1688993712143,-90026,4162
1688993712146,-90026,4162
1688993712148,-90026,4162
1688993712151,-90026,4162
1688993712153,-90026,4162
1688993712155,-90026,4162
1688993712159,-90026,4162
1688993712162,-90026,4162
1688993712164,-90026,4162
1688993712167,-90026,4162
1688993712169,-90026,4162
1688993712172,-90026,4162
1688993712174,-90026,4162
1688993712176,-90026,4162
1688993712179,-90026,4162
1688993712182,-90026,4162
1688993712184,-90026,4162
1688993712187,-90026,4162
1688993712189,-90026,4162
1688993712192,-90026,4162
1688993712194,-90026,4162
1688993712197,-90026,4162
1688993712200,-90026,4162
1688993712202,-90026,4162
1688993712204,-90026,4162
1688993712206,-90026,4162
1688993712209,-90026,4162
1688993712211,-90026,4162
1688993712214,-90026,4162
1688993712217,-90026,4162
1688993712219,-90026,4162
1688993712222,-90026,4162
1688993712225,-90026,4162
1688993712227,-90026,4162
1688993712230,-90026,4162
1688993712232,-90026,4162
1688993712235,-90026,4162
1688993712238,-90026,4162
1688993712240,-90026,4162
1688993712242,-90026,4162
1688993712245,-90026,4162
1688993712248,-90026,4162
1688993712250,-90026,4162
1688993712252,-90026,4162
1688993712255,-90026,4162
1688993712258,-90026,4162
1688993712262,-90026,4162
1688993712265,-90026,4162
1688993712267,-90026,4162
1688993712270,-90026,4162
1688993712272,-90026,4162
1688993712274,-90026,4162
1688993712278,-90026,4162
1688993712280,-90026,4162
1688993712282,-90026,4162
1688993712285,-90026,4162
1688993712287,-90026,4162
1688993712290,-90026,4162
1688993712293,-90026,4162
1688993712295,-90026,4162
1688993712298,-90026,4162
1688993712301,-90026,4162
1688993712303,-90026,4162
1688993712305,-90026,4162
1688993712307,-90026,4162
1688993712309,-90026,4162
1688993712312,-90026,4162
1688993712315,-90026,4162
1688993712318,-90026,4162
1688993712320,-90026,4162
1688993712323,-90026,4162
1688993712326,-90026,4162
1688993712328,-90026,4162
1688993712331,-90026,4162
1688993712334,-90026,4162
1688993712336,-90026,4162
1688993712339,-90026,4162
1688993712341,-90026,4162
1688993712343,-90026,4162
1688993712346,-90026,4162
1688993712348,-90026,4162
1688993712351,-90026,4162
1688993712353,-90026,4162
1688993712356,-90026,4162
1688993712359,-90026,4162
1688993712362,-90026,4162
1688993712364,-90026,4162
1688993712366,-90026,4162
1688993712369,-90026,4162
1688993712371,-90026,4162
1688993712373,-90026,4162
1688993712376,-90026,4162
1688993712378,-90026,4162
1688993712381,-90026,4162
1688993712384,-90026,4162
1688993712386,-90026,4162
1688993712388,-90026,4162
1688993712391,-90026,4162
1688993712394,-90026,4162
1688993712397,-90026,4162
1688993712399,-90026,4162
1688993712402,-90026,4162
1688993712405,-90026,4162
1688993712407,-90026,4162
1688993712409,-90026,4162
1688993712412,-90026,4162
1688993712415,-90026,4162
1688993712417,-90026,4162
1688993712420,-90026,4162
1688993712422,-90026,4162
1688993712425,-90026,4162
1688993712428,-90026,4162
1688993712430,-90026,4162
1688993712433,-90026,4162
1688993712435,-90026,4162
1688993712438,-90026,4162
1688993712440,-90026,4162
1688993712442,-90026,4162
1688993712445,-90026,4162
1688993712447,-90026,4162
1688993712449,-90026,4162
1688993712451,-90026,4162
1688993712455,-90026,4162
1688993712458,-90026,4162
1688993712461,-90026,4162
1688993712463,-90026,4162
1688993712465,-90026,4162
1688993712468,-90026,4162
1688993712470,-90026,4162
1688993712472,-90026,4162
1688993712475,-90026,4162
1688993712478,-90026,4162
1688993712480,-90026,4162
1688993712482,-90026,4162
1688993712485,-90026,4162
1688993712487,-90026,4162
1688993712490,-90026,4162
1688993712493,-90026,4162
1688993712496,-90026,4162
1688993712498,-90026,4162
1688993712501,-90026,4162
1688993712503,-90026,4162
1688993712505,-90026,4162
1688993712508,-90026,4162
1688993712510,-90026,4162
1688993712512,-90026,4162
1688993712515,-90026,4162
1688993712517,-90026,4162
1688993712520,-90026,4162
1688993712522,-90026,4162
1688993712525,-90026,4162
1688993712529,-90026,4162
1688993712531,-90026,4162
1688993712534,-90026,4162
1688993712536,-90026,4162
1688993712538,-90026,4162
1688993712541,-90026,4162
1688993712543,-90026,4162
1688993712546,-90026,4162
1688993712548,-90026,4162
1688993712551,-90026,4162
1688993712554,-90026,4162
1688993712557,-90026,4162
1688993712560,-90026,4162
1688993712562,-90026,4162
1688993712565,-90026,4162
1688993712567,-90026,4162
1688993712570,-90026,4162
1688993712572,-90026,4162
1688993712574,-90026,4162
1688993712577,-90026,4162
1688993712579,-90026,4162
1688993712581,-90026,4162
1688993712584,-90026,4162
1688993712586,-90026,4162
1688993712588,-90026,4162
1688993712594,-90026,4162
1688993712597,-90026,4162
1688993712600,-90026,4162
1688993712602,-90026,4162
1688993712604,-90026,4162
1688993712607,-90026,4162
1688993712609,-90026,4162
1688993712611,-90026,4162
1688993712614,-90026,4162
1688993712616,-90026,4162
1688993712618,-90026,4162
1688993712621,-90026,4162
1688993712626,-90026,4162
1688993712628,-90026,4162
1688993712630,-90026,4162
1688993712633,-90026,4162
1688993712635,-90026,4162
1688993712637,-90026,4162
1688993712639,-90026,4162
1688993712641,-90026,4162
1688993712643,-90026,4162
1688993712645,-90026,4162
1688993712648,-90026,4162
1688993712652,-90026,4162
1688993712656,-90026,4162
1688993712660,-90026,4162
1688993712663,-90026,4162
1688993712666,-90026,4162
1688993712669,-90026,4162
1688993712672,-90026,4162
1688993712675,-90026,4162
1688993712678,-90026,4162
1688993712681,-90026,4162
1688993712684,-90026,4162
1688993712687,-90026,4162
1688993712690,-90026,4162
1688993712694,-90026,4162
1688993712696,-90026,4162
1688993712699,-90026,4162
1688993712701,-90026,4162
1688993712703,-90026,4162
1688993712705,-90026,4162
1688993712707,-90026,4162
1688993712710,-90026,4162
1688993712712,-90026,4162
1688993712715,-90026,4162
1688993712717,-90026,4162
1688993712719,-90026,4162
1688993712722,-90026,4162
1688993712726,-90026,4162
1688993712729,-90026,4162
1688993712732,-90026,4162
1688993712734,-90026,4162
1688993712736,-90026,4162
1688993712739,-90026,4162
1688993712741,-90026,4162
1688993712743,-90026,4162
1688993712745,-90026,4162
1688993712748,-90026,4162
1688993712751,-90026,4162
1688993712753,-90026,4162
1688993712755,-90026,4162
1688993712758,-90026,4162
1688993712761,-90026,4162
1688993712763,-90026,4162
1688993712765,-90026,4162
1688993712768,-90026,4162
1688993712770,-90026,4162
1688993712772,-90026,4162
1688993712775,-90026,4162
1688993712777,-90026,4162
1688993712779,-90026,4162
1688993712782,-90026,4162
1688993712784,-90026,4162
1688993712786,-90026,4162
1688993712790,-90026,4162
1688993712793,-90026,4162
1688993712797,-90026,4162
1688993712799,-90026,4162
1688993712801,-90026,4162
1688993712804,-90026,4162
1688993712806,-90026,4162
1688993712809,-90026,4162
1688993712811,-90026,4162
1688993712814,-90026,4162
1688993712816,-90026,4162
1688993712818,-90026,4162
1688993712821,-90026,4162
1688993712823,-90026,4162
1688993712828,-90026,4162
1688993712830,-90026,4162
1688993712833,-90026,4162
1688993712836,-90026,4162
1688993712838,-90026,4162
1688993712840,-90026,4162
1688993712842,-90026,4162
1688993712845,-90026,4162
1688993712848,-90026,4162
1688993712850,-90026,4162
1688993712852,-90026,4162
1688993712855,-90026,4162
1688993712858,-90026,4162
1688993712860,-90026,4162
1688993712863,-90026,4162
1688993712866,-90026,4162
1688993712868,-90026,4162
1688993712871,-90026,4162
1688993712873,-90026,4162
1688993712875,-90026,4162
1688993712877,-90026,4162
1688993712879,-90026,4162
1688993712882,-90026,4162
1688993712884,-90026,4162
1688993712886,-90026,4162
1688993712889,-90026,4162
1688993712892,-90026,4162
1688993712896,-90026,4162
1688993712898,-90026,4162
1688993712901,-90026,4162
1688993712903,-90026,4162
1688993712905,-90026,4162
1688993712908,-90026,4162
1688993712910,-90026,4162
1688993712912,-90026,4162
1688993712915,-90026,4162
1688993712917,-90026,4162
1688993712920,-90026,4162
1688993712922,-90026,4162
1688993712925,-90026,4162
1688993712928,-90026,4162
1688993712932,-90026,4162
1688993712934,-90026,4162
1688993712937,-90026,4162
1688993712939,-90026,4162
1688993712941,-90026,4162
1688993712944,-90026,4162
1688993712946,-90026,4162
1688993712949,-90026,4162
1688993712951,-90026,4162
1688993712953,-90026,4162
1688993712955,-90026,4162
1688993712959,-90026,4162
1688993712962,-90026,4162
1688993712964,-90026,4162
1688993712966,-90026,4162
1688993712968,-90026,4162
1688993712971,-90026,4162
1688993712973,-90026,4162
1688993712975,-90026,4162
1688993712977,-90026,4162
1688993712980,-90026,4162
1688993712982,-90026,4162
1688993712985,-90026,4162
1688993712987,-90026,4162
1688993712990,-90026,4162
1688993712993,-90026,4162
1688993712995,-90026,4162
1688993712998,-90026,4162
1688993713000,-90026,4162
1688993713002,-90026,4162
1688993713005,-90026,4162
1688993713007,-90026,4162
1688993713010,-90026,4162
1688993713012,-90026,4162
1688993713014,-90026,4162
1688993713016,-90026,4162
1688993713018,-90026,4162
1688993713020,-90026,4162
1688993713022,-90026,4162
1688993713027,-90026,4162
1688993713029,-90026,4162
1688993713032,-90026,4162
1688993713036,-90026,4162
1688993713038,-90026,4162
1688993713042,-90026,4162
1688993713047,-90026,4162
1688993713049,-90026,4162
1688993713051,-90026,4162
1688993713053,-90026,4162
1688993713056,-90026,4162
1688993713058,-90026,4162
1688993713061,-90026,4162
1688993713063,-90026,4162
1688993713065,-90026,4162
1688993713068,-90026,4162
1688993713070,-90026,4162
1688993713072,-90026,4162
1688993713074,-90026,4162
1688993713075,-90026,4162
1688993713077,-90026,4162
1688993713079,-90026,4162
1688993713081,-90026,4162
1688993713084,-90026,4162
1688993713086,-90026,4162
1688993713088,-90026,4162
1688993713091,-90026,4162
1688993713095,-90026,4162
1688993713097,-90026,4162
1688993713099,-90026,4162
1688993713101,-90026,4162
1688993713103,-90026,4162
1688993713105,-90026,4162
1688993713107,-90026,4162
1688993713109,-90026,4162
1688993713111,-90026,4162
1688993713113,-90026,4162
1688993713115,-90026,4162
1688993713117,-90026,4162
1688993713119,-90026,4162
1688993713121,-90026,4162
1688993713123,-90026,4162
1688993713125,-90026,4162
1688993713128,-90026,4162
1688993713130,-90026,4162
1688993713132,-90026,4162
1688993713134,-90026,4162
1688993713135,-90026,4162
1688993713137,-90026,4162
1688993713139,-90026,4162
1688993713141,-90026,4162
1688993713143,-90026,4162
1688993713145,-90026,4162
1688993713147,-90026,4162
1688993713149,-90026,4162
1688993713151,-90026,4162
1688993713152,-90026,4162
1688993713154,-90026,4162
1688993713157,-90026,4162
1688993713159,-90026,4162
1688993713161,-90026,4162
1688993713164,-90026,4162
1688993713166,-90026,4162
1688993713168,-90026,4162
1688993713169,-90026,4162
1688993713171,-90026,4162
1688993713173,-90026,4162
1688993713175,-90026,4162
1688993713177,-90026,4162
1688993713179,-90026,4162
1688993713181,-90026,4162
1688993713184,-90026,4162
1688993713186,-90026,4162
1688993713188,-90026,4162
1688993713190,-90026,4162
1688993713192,-90026,4162
1688993713195,-90026,4162
1688993713197,-90026,4162
1688993713198,-90026,4162
1688993713200,-90026,4162
1688993713203,-90026,4162
1688993713205,-90026,4162
1688993713207,-90026,4162
1688993713209,-90026,4162
1688993713211,-90026,4162
1688993713213,-90026,4162
1688993713215,-90026,4162
1688993713217,-90026,4162
1688993713219,-90026,4162
1688993713221,-90026,4162
1688993713224,-90026,4162
1688993713226,-90026,4162
1688993713228,-90026,4162
1688993713230,-90026,4162
1688993713232,-90026,4162
1688993713234,-90026,4162
1688993713236,-90026,4162
1688993713238,-90026,4162
1688993713240,-90026,4162
1688993713242,-90026,4162
1688993713246,-90026,4162
1688993713248,-90026,4162
1688993713250,-90026,4162
1688993713252,-90026,4162
1688993713254,-90026,4162
1688993713256,-90026,4162
1688993713259,-90026,4162
1688993713261,-90026,4162
1688993713264,-90026,4162
1688993713266,-90026,4162
1688993713268,-90026,4162
1688993713270,-90026,4162
1688993713272,-90026,4162
1688993713274,-90026,4162
1688993713276,-90026,4162
1688993713278,-90026,4162
1688993713280,-90026,4162
1688993713282,-90026,4162
1688993713284,-90026,4162
1688993713286,-90026,4162
1688993713289,-90026,4162
1688993713291,-90026,4162
1688993713294,-90026,4162
1688993713295,-90026,4162
1688993713297,-90026,4162
1688993713299,-90026,4162
1688993713301,-90026,4162
1688993713303,-90026,4162
1688993713305,-90026,4162
1688993713307,-90026,4162
1688993713309,-90026,4162
1688993713311,-90026,4162
1688993713313,-90026,4162
1688993713315,-90026,4162
1688993713317,-90026,4162
1688993713319,-90026,4162
1688993713321,-90026,4162
1688993713323,-90026,4162
1688993713327,-90026,4162
1688993713331,-90026,4162
1688993713333,-90026,4162
1688993713335,-90026,4162
1688993713337,-90026,4162
1688993713339,-90026,4162
1688993713341,-90026,4162
1688993713343,-90026,4162
1688993713345,-90026,4162
1688993713347,-90026,4162
1688993713349,-90026,4162
1688993713351,-90026,4162
1688993713353,-90026,4162
1688993713355,-90026,4162
1688993713357,-90026,4162
1688993713360,-90026,4162
1688993713362,-90026,4162
1688993713364,-90026,4162
1688993713365,-90026,4162
1688993713367,-90026,4162
1688993713369,-90026,4162
1688993713371,-90026,4162
1688993713373,-90026,4162
1688993713375,-90026,4162
1688993713376,-90026,4162
1688993713379,-90026,4162
1688993713382,-90026,4162
1688993713385,-90026,4162
1688993713386,-90026,4162
1688993713388,-90026,4162
1688993713391,-90026,4162
1688993713393,-90026,4162
1688993713396,-90026,4162
1688993713398,-90026,4162
1688993713400,-90026,4162
1688993713402,-90026,4162
1688993713404,-90026,4162
1688993713406,-90026,4162
1688993713408,-90026,4162
1688993713410,-90026,4162
1688993713412,-90026,4162
1688993713414,-90026,4162
1688993713415,-90026,4162
1688993713418,-90026,4162
1688993713420,-90026,4162
1688993713422,-90026,4162
1688993713424,-90026,4162
1688993713427,-90026,4162
1688993713429,-90026,4162
1688993713430,-90026,4162
1688993713432,-90026,4162
1688993713434,-90026,4162
1688993713436,-90026,4162
1688993713438,-90026,4162
1688993713440,-90026,4162
1688993713442,-90026,4162
1688993713443,-90026,4162
1688993713445,-90026,4162
1688993713448,-90026,4162
1688993713450,-90026,4162
1688993713452,-90026,4162
1688993713454,-90026,4162
1688993713457,-90026,4162
1688993713459,-90026,4162
1688993713462,-90026,4162
1688993713463,-90026,4162
1688993713465,-90026,4162
1688993713467,-90026,4162
1688993713469,-90026,4162
1688993713471,-90026,4162
1688993713474,-90026,4162
1688993713476,-90026,4162
1688993713479,-90026,4162
1688993713481,-90026,4162
1688993713483,-90026,4162
1688993713485,-90026,4162
1688993713487,-90026,4162
1688993713489,-90026,4162
1688993713491,-90026,4162
1688993713495,-90026,4162
1688993713497,-90026,4162
1688993713499,-90026,4162
1688993713501,-90026,4162
1688993713503,-90026,4162
1688993713505,-90026,4162
1688993713507,-90026,4162
1688993713509,-90026,4162
1688993713511,-90026,4162
1688993713513,-90026,4162
1688993713515,-90026,4162
1688993713517,-90026,4162
1688993713519,-90026,4162
1688993713521,-90026,4162
1688993713524,-90026,4162
1688993713527,-90026,4162
1688993713529,-90026,4162
1688993713531,-90026,4162
1688993713533,-90026,4162
1688993713535,-90026,4162
1688993713538,-90026,4162
1688993713540,-90026,4162
1688993713542,-90026,4162
1688993713544,-90026,4162
1688993713546,-90026,4162
1688993713548,-90026,4162
1688993713551,-90026,4162
1688993713552,-90026,4162
1688993713554,-90026,4162
1688993713557,-90026,4162
1688993713561,-90026,4162
1688993713563,-90026,4162
1688993713565,-90026,4162
1688993713567,-90026,4162
1688993713569,-90026,4162
1688993713571,-90026,4162
1688993713573,-90026,4162
1688993713575,-90026,4162
1688993713578,-90026,4162
1688993713580,-90026,4162
1688993713582,-90026,4162
1688993713584,-90026,4162
1688993713586,-90026,4162
1688993713589,-90026,4162
1688993713592,-90026,4162
1688993713594,-90026,4162
1688993713596,-90026,4162
1688993713598,-90026,4162
1688993713601,-90026,4162
1688993713603,-90026,4162
1688993713605,-90026,4162
1688993713607,-90026,4162
1688993713609,-90026,4162
1688993713611,-90026,4162
1688993713614,-90026,4162
1688993713616,-90026,4162
1688993713618,-90026,4162
1688993713620,-90026,4162
1688993713623,-90026,4162
1688993713626,-90026,4162
1688993713628,-90026,4162
1688993713630,-90026,4162
1688993713632,-90026,4162
1688993713634,-90026,4162
1688993713637,-90026,4162
1688993713639,-90026,4162
1688993713641,-90026,4162
1688993713643,-90026,4162
1688993713645,-90026,4162
1688993713647,-90026,4162
1688993713650,-90026,4162
1688993713652,-90026,4162
1688993713654,-90026,4162
1688993713656,-90026,4162
1688993713661,-90026,4162
1688993713663,-90026,4162
1688993713665,-90026,4162
1688993713667,-90026,4162
1688993713669,-90026,4162
1688993713671,-90026,4162
1688993713673,-90026,4162
1688993713675,-90026,4162
1688993713677,-90026,4162
1688993713679,-90026,4162
1688993713682,-90026,4162
1688993713684,-90026,4162
1688993713686,-90026,4162
1688993713688,-90026,4162
1688993713690,-90026,4162
1688993713693,-90026,4162
1688993713695,-90026,4162
1688993713698,-90026,4162
1688993713700,-90026,4162
1688993713702,-90026,4162
1688993713704,-90026,4162
1688993713706,-90026,4162
1688993713708,-90026,4162
1688993713710,-90026,4162
1688993713712,-90026,4162
1688993713714,-90026,4162
1688993713717,-90026,4162
1688993713719,-90026,4162
1688993713721,-90026,4162
1688993713723,-90026,4162
1688993713725,-90026,4162
1688993713728,-90026,4162
1688993713730,-90026,4162
1688993713732,-90026,4162
1688993713735,-90026,4162
1688993713737,-90026,4162
1688993713738,-90026,4162
1688993713741,-90026,4162
1688993713743,-90026,4162
1688993713745,-90026,4162
1688993713747,-90026,4162
1688993713749,-90026,4162
1688993713752,-90026,4162
1688993713754,-90026,4162
1688993713757,-90026,4162
1688993713759,-90026,4162
1688993713761,-90026,4162
1688993713764,-90026,4162
1688993713765,-90026,4162
1688993713767,-90026,4162
1688993713769,-90026,4162
1688993713771,-90026,4162
1688993713773,-90026,4162
1688993713776,-90026,4162
1688993713778,-90026,4162
1688993713781,-90026,4162
1688993713783,-90026,4162
1688993713785,-90026,4162
1688993713788,-90026,4162
1688993713790,-90026,4162
1688993713793,-90026,4162
1688993713795,-90026,4162
1688993713797,-90026,4162
1688993713799,-90026,4162
1688993713801,-90026,4162
1688993713804,-90026,4162
1688993713806,-90026,4162
1688993713808,-90026,4162
1688993713810,-90026,4162
1688993713812,-90026,4162
1688993713814,-90026,4162
1688993713816,-90026,4162
1688993713818,-90026,4162
1688993713820,-90026,4162
1688993713822,-90026,4162
1688993713825,-90026,4162
1688993713828,-90026,4162
1688993713829,-90026,4162
1688993713831,-90026,4162
1688993713833,-90026,4162
1688993713835,-90026,4162
1688993713837,-90026,4162
1688993713839,-90026,4162
1688993713841,-90026,4162
1688993713843,-90026,4162
1688993713845,-90026,4162
1688993713847,-90026,4162
1688993713849,-90026,4162
1688993713851,-90026,4162
1688993713853,-90026,4162
1688993713855,-90026,4162
1688993713858,-90026,4162
1688993713861,-90026,4162
1688993713864,-90026,4162
1688993713865,-90026,4162
1688993713867,-90026,4162
1688993713869,-90026,4162
1688993713872,-90026,4162
1688993713874,-90026,4162
1688993713876,-90026,4162
1688993713878,-90026,4162
1688993713880,-90026,4162
1688993713882,-90026,4162
1688993713884,-90026,4162
1688993713886,-90026,4162
1688993713888,-90026,4162
1688993713890,-90026,4162
1688993713893,-90026,4162
1688993713895,-90026,4162
1688993713897,-90026,4162
1688993713899,-90026,4162
1688993713901,-90026,4162
1688993713902,-90026,4162
1688993713904,-90026,4162
1688993713906,-90026,4162
1688993713908,-90026,4162
1688993713911,-90026,4162
1688993713913,-90026,4162
1688993713915,-90026,4162
1688993713917,-90026,4162
1688993713919,-90026,4162
1688993713921,-90026,4162
1688993713923,-90026,4162
1688993713926,-90026,4162
1688993713928,-90026,4162
1688993713930,-90026,4162
1688993713932,-90026,4162
1688993713934,-90026,4162
1688993713936,-90026,4162
1688993713939,-90026,4162
1688993713941,-90026,4162
1688993713943,-90026,4162
1688993713945,-90026,4162
1688993713947,-90026,4162
1688993713949,-90026,4162
1688993713952,-90026,4162
1688993713954,-90026,4162
1688993713957,-90026,4162
1688993713963,-90026,4162
1688993713965,-90026,4162
1688993713967,-90026,4162
1688993713970,-90026,4162
1688993713972,-90026,4162
1688993713975,-90026,4162
1688993713977,-90026,4162
1688993713979,-90026,4162
1688993713981,-90026,4162
1688993713983,-90026,4162
1688993713985,-90026,4162
1688993713987,-90026,4162
1688993713989,-90026,4162
1688993713992,-90026,4162
1688993713994,-90026,4162
1688993713996,-90026,4162
1688993713998,-90026,4162
1688993714000,-90026,4162
1688993714002,-90026,4162
1688993714004,-90026,4162
1688993714006,-90026,4162
1688993714008,-90026,4162
1688993714010,-90026,4162
1688993714012,-90026,4162
1688993714014,-90026,4162
1688993714016,-90026,4162
1688993714018,-90026,4162
1688993714020,-90026,4162
1688993714022,-90026,4162
1688993714025,-90026,4162
1688993714027,-90026,4162
1688993714030,-90026,4162
1688993714032,-90026,4162
1688993714034,-90026,4162
1688993714036,-90026,4162
1688993714038,-90026,4162
1688993714040,-90026,4162
1688993714042,-90026,4162
1688993714044,-90026,4162
1688993714046,-90026,4162
1688993714048,-90026,4162
1688993714051,-90026,4162
1688993714053,-90026,4162
1688993714055,-90026,4162
1688993714057,-90026,4162
1688993714061,-90026,4162
1688993714063,-90026,4162
1688993714066,-90026,4162
1688993714068,-90026,4162
1688993714070,-90026,4162
1688993714072,-90026,4162
1688993714074,-90026,4162
1688993714076,-90026,4162
1688993714077,-90026,4162
1688993714079,-90026,4162
1688993714081,-90026,4162
1688993714083,-90026,4162
1688993714085,-90026,4162
1688993714086,-90026,4162
1688993714088,-90026,4162
1688993714094,-90026,4162
1688993714096,-90026,4162
1688993714098,-90026,4162
1688993714100,-90026,4162
1688993714102,-90026,4162
1688993714104,-90026,4162
1688993714106,-90026,4162
1688993714108,-90026,4162
1688993714110,-90026,4162
1688993714112,-90026,4162
1688993714115,-90026,4162
1688993714117,-90026,4162
1688993714119,-90026,4162
1688993714120,-90026,4162
1688993714122,-90026,4162
1688993714128,-90026,4162
1688993714130,-90026,4162
1688993714132,-90026,4162
1688993714134,-90026,4162
1688993714136,-90026,4162
1688993714138,-90026,4162
1688993714140,-90026,4162
1688993714142,-90026,4162
1688993714144,-90026,4162
1688993714145,-90026,4162
1688993714147,-90026,4162
1688993714149,-90026,4162
1688993714151,-90026,4162
1688993714153,-90026,4162
1688993714155,-90026,4162
1688993714157,-90026,4162
1688993714159,-90026,4162
1688993714162,-90026,4162
1688993714164,-90026,4162
1688993714165,-90026,4162
1688993714167,-90026,4162
1688993714169,-90026,4162
1688993714171,-90026,4162
1688993714172,-90026,4162
1688993714175,-90026,4162
1688993714176,-90026,4162
1688993714178,-90026,4162
1688993714180,-90026,4162
1688993714182,-90026,4162
1688993714184,-90026,4162
1688993714186,-90026,4162
1688993714188,-90026,4162
1688993714191,-90026,4162
1688993714194,-90026,4162
1688993714197,-90026,4162
1688993714199,-90026,4162
1688993714201,-90026,4162
1688993714203,-90026,4162
1688993714205,-90026,4162
1688993714206,-90026,4162
1688993714208,-90026,4162
1688993714210,-90026,4162
1688993714212,-90026,4162
1688993714214,-90026,4162
1688993714215,-90026,4162
1688993714218,-90026,4162
1688993714220,-90026,4162
1688993714221,-90026,4162
1688993714224,-90026,4162
1688993714226,-90026,4162
1688993714229,-90026,4162
1688993714231,-90026,4162
1688993714233,-90026,4162
1688993714234,-90026,4162
1688993714236,-90026,4162
1688993714243,-90026,4162
1688993714245,-90026,4162
1688993714247,-90026,4162
1688993714249,-90026,4162
1688993714251,-90026,4162
1688993714253,-90026,4162
1688993714255,-90026,4162
1688993714262,-90026,4162
1688993714264,-90026,4162
1688993714266,-90026,4162
1688993714268,-90026,4162
1688993714270,-90026,4162
1688993714271,-90026,4162
1688993714273,-90026,4162
1688993714275,-90026,4162
1688993714277,-90026,4162
1688993714279,-90026,4162
1688993714281,-90026,4162
1688993714282,-90026,4162
1688993714284,-90026,4162
1688993714286,-90026,4162
1688993714288,-90026,4162
1688993714292,-90026,4162
1688993714296,-90026,4162
1688993714298,-90026,4162
1688993714300,-90026,4162
1688993714302,-90026,4162
1688993714309,-90026,4162
1688993714312,-90026,4162
1688993714313,-90026,4162
1688993714315,-90026,4162
1688993714317,-90026,4162
1688993714319,-90026,4162
1688993714321,-90026,4162
1688993714323,-90026,4162
1688993714325,-90026,4162
1688993714331,-90026,4162
1688993714332,-90026,4162
1688993714334,-90026,4162
1688993714336,-90026,4162
1688993714338,-90026,4162
1688993714340,-90026,4162
1688993714341,-90026,4162
1688993714343,-90026,4162
1688993714345,-90026,4162
1688993714347,-90026,4162
1688993714349,-90026,4162
1688993714350,-90026,4162
1688993714352,-90026,4162
1688993714354,-90026,4162
1688993714356,-90026,4162
1688993714363,-90026,4162
1688993714365,-90026,4162
1688993714367,-90026,4162
1688993714369,-90026,4162
1688993714372,-90026,4162
1688993714374,-90026,4162
1688993714375,-90026,4162
1688993714377,-90026,4162
1688993714379,-90026,4162
1688993714381,-90026,4162
1688993714383,-90026,4162
1688993714385,-90026,4162
1688993714387,-90026,4162
1688993714392,-90026,4162
1688993714394,-90026,4162
1688993714396,-90026,4162
1688993714398,-90026,4162
1688993714400,-90026,4162
1688993714402,-90026,4162
1688993714404,-90026,4162
1688993714406,-90026,4162
1688993714407,-90026,4162
1688993714409,-90026,4162
1688993714411,-90026,4162
1688993714413,-90026,4162
1688993714415,-90026,4162
1688993714417,-90026,4162
1688993714419,-90026,4162
1688993714421,-90026,4162
1688993714423,-90026,4162
1688993714426,-90026,4162
1688993714430,-90026,4162
1688993714434,-90026,4162
1688993714436,-90026,4162
1688993714437,-90026,4162
1688993714439,-90026,4162
1688993714441,-90026,4162
1688993714443,-90026,4162
1688993714445,-90026,4162
1688993714447,-90026,4162
1688993714449,-90026,4162
1688993714451,-90026,4162
1688993714453,-90026,4162
1688993714454,-90026,4162
1688993714457,-90026,4162
1688993714460,-90026,4162
1688993714462,-90026,4162
1688993714464,-90026,4162
1688993714466,-90026,4162
1688993714468,-90026,4162
1688993714470,-90026,4162
1688993714472,-90026,4162
1688993714474,-90026,4162
1688993714476,-90026,4162
1688993714477,-90026,4162
1688993714479,-90026,4162
1688993714482,-90026,4162
1688993714484,-90026,4162
1688993714485,-90026,4162
1688993714487,-90026,4162
1688993714489,-90026,4162
1688993714491,-90026,4162
1688993714493,-90026,4162
1688993714495,-90026,4162
1688993714497,-90026,4162
1688993714498,-90026,4162
1688993714500,-90026,4162
1688993714502,-90026,4162
1688993714504,-90026,4162
1688993714505,-90026,4162
1688993714507,-90026,4162
1688993714509,-90026,4162
1688993714510,-90026,4162
1688993714512,-90026,4162
1688993714514,-90026,4162
1688993714516,-90026,4162
1688993714518,-90026,4162
1688993714520,-90026,4162
1688993714521,-90026,4162
1688993714524,-90026,4162
1688993714526,-90026,4162
1688993714528,-90026,4162
1688993714530,-90026,4162
1688993714532,-90026,4162
1688993714534,-90026,4162
1688993714535,-90026,4162
1688993714537,-90026,4162
1688993714539,-90026,4162
1688993714540,-90026,4162
1688993714542,-90026,4162
1688993714544,-90026,4162
1688993714545,-90026,4162
1688993714547,-90026,4162
1688993714549,-90026,4162
1688993714552,-90026,4162
1688993714554,-90026,4162
1688993714555,-90026,4162
1688993714558,-90026,4162
1688993714562,-90026,4162
1688993714564,-90026,4162
1688993714566,-90026,4162
1688993714568,-90026,4162
1688993714570,-90026,4162
1688993714571,-90026,4162
1688993714573,-90026,4162
1688993714574,-90026,4162
1688993714576,-90026,4162
1688993714578,-90026,4162
1688993714580,-90026,4162
1688993714582,-90026,4162
1688993714584,-90026,4162
1688993714586,-90026,4162
1688993714588,-90026,4162
1688993714590,-90026,4162
1688993714593,-90026,4162
1688993714594,-90026,4162
1688993714596,-90026,4162
1688993714598,-90026,4162
1688993714600,-90026,4162
1688993714602,-90026,4162
1688993714604,-90026,4162
1688993714606,-90026,4162
1688993714608,-90026,4162
1688993714610,-90026,4162
1688993714612,-90026,4162
1688993714614,-90026,4162
1688993714616,-90026,4162
1688993714618,-90026,4162
1688993714620,-90026,4162
1688993714622,-90026,4162
1688993714625,-90026,4162
1688993714627,-90026,4162
1688993714629,-90026,4162
1688993714631,-90026,4162
1688993714633,-90026,4162
1688993714635,-90026,4162
1688993714636,-90026,4162
1688993714638,-90026,4162
1688993714640,-90026,4162
1688993714642,-90026,4162
1688993714644,-90026,4162
1688993714646,-90026,4162
1688993714648,-90026,4162
1688993714650,-90026,4162
1688993714651,-90026,4162
1688993714653,-90026,4162
1688993714655,-90026,4162
1688993714657,-90026,4162
1688993714659,-90026,4162
1688993714662,-90026,4162
1688993714664,-90026,4162
1688993714666,-90026,4162
1688993714667,-90026,4162
1688993714669,-90026,4162
1688993714671,-90026,4162
1688993714673,-90026,4162
1688993714675,-90026,4162
1688993714676,-90026,4162
1688993714678,-90026,4162
1688993714681,-90026,4162
1688993714684,-90026,4162
1688993714685,-90026,4162
1688993714687,-90026,4162
1688993714689,-90026,4162
1688993714692,-90026,4162
1688993714694,-90026,4162
1688993714696,-90026,4162
1688993714698,-90026,4162
1688993714700,-90026,4162
1688993714702,-90026,4162
1688993714704,-90026,4162
1688993714705,-90026,4162
1688993714707,-90026,4162
1688993714709,-90026,4162
1688993714711,-90026,4162
1688993714712,-90026,4162
1688993714715,-90026,4162
1688993714717,-90026,4162
1688993714719,-90026,4162
1688993714721,-90026,4162
1688993714723,-90026,4162
1688993714726,-90026,4162
1688993714728,-90026,4162
1688993714730,-90026,4162
1688993714732,-90026,4162
1688993714734,-90026,4162
1688993714736,-90026,4162
1688993714738,-90026,4162
1688993714740,-90026,4162
1688993714742,-90026,4162
1688993714744,-90026,4162
1688993714746,-90026,4162
1688993714747,-90026,4162
1688993714750,-90026,4162
1688993714751,-90026,4162
1688993714753,-90026,4162
1688993714755,-90026,4162
1688993714757,-90026,4162
1688993714760,-90026,4162
1688993714762,-90026,4162
1688993714763,-90026,4162
1688993714765,-90026,4162
1688993714767,-90026,4162
1688993714768,-90026,4162
1688993714770,-90026,4162
1688993714771,-90026,4162
1688993714773,-90026,4162
1688993714775,-90026,4162
1688993714777,-90026,4162
1688993714779,-90026,4162
1688993714781,-90026,4162
1688993714783,-90026,4162
1688993714785,-90026,4162
1688993714786,-90026,4162
1688993714788,-90026,4162
1688993714789,-90026,4162
1688993714792,-90026,4162
1688993714794,-90026,4162
1688993714796,-90026,4162
1688993714798,-90026,4162
1688993714800,-90026,4162
1688993714801,-90026,4162
1688993714804,-90026,4162
1688993714806,-90026,4162
1688993714808,-90026,4162
1688993714809,-90026,4162
1688993714811,-90026,4162
1688993714812,-90026,4162
1688993714815,-90026,4162
1688993714817,-90026,4162
1688993714819,-90026,4162
1688993714821,-90026,4162
1688993714823,-90026,4162
1688993714826,-90026,4162
1688993714828,-90026,4162
1688993714830,-90026,4162
1688993714831,-90026,4162
1688993714833,-90026,4162
1688993714835,-90026,4162
1688993714837,-90026,4162
1688993714839,-90026,4162
1688993714841,-90026,4162
1688993714843,-90026,4162
1688993714844,-90026,4162
1688993714846,-90026,4162
1688993714848,-90026,4162
1688993714850,-90026,4162
1688993714851,-90026,4162
1688993714853,-90026,4162
1688993714855,-90026,4162
1688993714860,-90026,4162
1688993714862,-90026,4162
1688993714864,-90026,4162
1688993714866,-90026,4162
1688993714868,-90026,4162
1688993714870,-90026,4162
1688993714871,-90026,4162
1688993714873,-90026,4162
1688993714875,-90026,4162
1688993714877,-90026,4162
1688993714879,-90026,4162
1688993714881,-90026,4162
1688993714883,-90026,4162
1688993714885,-90026,4162
1688993714889,-90026,4162
1688993714892,-90026,4162
1688993714894,-90026,4162
1688993714897,-90026,4162
1688993714899,-90026,4162
1688993714901,-90026,4162
1688993714903,-90026,4162
1688993714905,-90026,4162
1688993714907,-90026,4162
1688993714908,-90026,4162
1688993714910,-90026,4162
1688993714912,-90026,4162
1688993714914,-90026,4162
1688993714917,-90026,4162
1688993714919,-90026,4162
1688993714921,-90026,4162
1688993714923,-90026,4162
1688993714926,-90026,4162
1688993714928,-90026,4162
1688993714930,-90026,4162
1688993714932,-90026,4162
1688993714935,-90026,4162
1688993714938,-90026,4162
1688993714940,-90026,4162
1688993714942,-90026,4162
1688993714944,-90026,4162
1688993714946,-90026,4162
1688993714948,-90026,4162
1688993714950,-90026,4162
1688993714952,-90026,4162
1688993714954,-90026,4162
1688993714957,-90026,4162
1688993714960,-90026,4162
1688993714962,-90026,4162
1688993714965,-90026,4162
1688993714967,-90026,4162
1688993714969,-90026,4162
1688993714970,-90026,4162
1688993714972,-90026,4162
1688993714974,-90026,4162
1688993714976,-90026,4162
1688993714978,-90026,4162
1688993714980,-90026,4162
1688993714982,-90026,4162
1688993714984,-90026,4162
1688993714986,-90026,4162
1688993714988,-90026,4162
1688993714989,-90026,4162
1688993714992,-90026,4162
1688993714994,-90026,4162
1688993714996,-90026,4162
1688993714998,-90026,4162
1688993715000,-90026,4162
1688993715002,-90026,4162
1688993715004,-90026,4162
1688993715006,-90026,4162
1688993715008,-90026,4162
1688993715009,-90026,4162
1688993715011,-90026,4162
1688993715013,-90026,4162
1688993715015,-90026,4162
1688993715017,-90026,4162
1688993715019,-90026,4162
1688993715021,-90026,4162
1688993715023,-90026,4162
1688993715025,-90026,4162
1688993715029,-90026,4162
1688993715031,-90026,4162
1688993715033,-90026,4162
1688993715035,-90026,4162
1688993715037,-90026,4162
1688993715039,-90026,4162
1688993715041,-90026,4162
1688993715043,-90026,4162
1688993715045,-90026,4162
1688993715047,-90026,4162
1688993715049,-90026,4162
1688993715050,-90026,4162
1688993715052,-90026,4162
1688993715054,-90026,4162
1688993715057,-90026,4162
1688993715060,-90026,4162
1688993715062,-90026,4162
1688993715064,-90026,4162
1688993715065,-90026,4162
1688993715067,-90026,4162
1688993715069,-90026,4162
1688993715071,-90026,4162
1688993715073,-90026,4162
1688993715075,-90026,4162
1688993715077,-90026,4162
1688993715079,-90026,4162
1688993715081,-90026,4162
1688993715083,-90026,4162
1688993715085,-90026,4162
1688993715087,-90026,4162
1688993715088,-90026,4162
1688993715091,-90026,4162
1688993715094,-90026,4162
1688993715095,-90026,4162
1688993715097,-90026,4162
1688993715099,-90026,4162
1688993715101,-90026,4162
1688993715103,-90026,4162
1688993715104,-90026,4162
1688993715106,-90026,4162
1688993715108,-90026,4162
1688993715109,-90026,4162
1688993715111,-90026,4162
1688993715113,-90026,4162
1688993715115,-90026,4162
1688993715117,-90026,4162
1688993715119,-90026,4162
1688993715120,-90026,4162
1688993715122,-90026,4162
1688993715125,-90026,4162
1688993715128,-90026,4162
1688993715130,-90026,4162
1688993715132,-90026,4162
1688993715134,-90026,4162
1688993715136,-90026,4162
1688993715138,-90026,4162
1688993715139,-90026,4162
1688993715141,-90026,4162
1688993715143,-90026,4162
1688993715145,-90026,4162
1688993715147,-90026,4162
1688993715149,-90026,4162
1688993715151,-90026,4162
1688993715152,-90026,4162
1688993715155,-90026,4162
1688993715158,-90026,4162
1688993715160,-90026,4162
1688993715162,-90026,4162
1688993715164,-90026,4162
1688993715166,-90026,4162
1688993715168,-90026,4162
1688993715169,-90026,4162
1688993715171,-90026,4162
1688993715173,-90026,4162
1688993715175,-90026,4162
1688993715177,-90026,4162
1688993715179,-90026,4162
1688993715181,-90026,4162
1688993715183,-90026,4162
1688993715185,-90026,4162
1688993715187,-90026,4162
1688993715188,-90026,4162
1688993715191,-90026,4162
1688993715193,-90026,4162
1688993715195,-90026,4162
1688993715198,-90026,4162
1688993715200,-90026,4162
1688993715202,-90026,4162
1688993715204,-90026,4162
1688993715206,-90026,4162
1688993715208,-90026,4162
1688993715209,-90026,4162
1688993715212,-90026,4162
1688993715214,-90026,4162
1688993715216,-90026,4162
1688993715218,-90026,4162
1688993715220,-90026,4162
1688993715222,-90026,4162
1688993715224,-90026,4162
1688993715226,-90026,4162
1688993715228,-90026,4162
1688993715230,-90026,4162
1688993715232,-90026,4162
1688993715234,-90026,4162
1688993715235,-90026,4162
1688993715237,-90026,4162
1688993715239,-90026,4162
1688993715241,-90026,4162
1688993715243,-90026,4162
1688993715245,-90026,4162
1688993715247,-90026,4162
1688993715249,-90026,4162
1688993715250,-90026,4162
1688993715252,-90026,4162
1688993715254,-90026,4162
1688993715256,-90026,4162
1688993715259,-90026,4162
1688993715261,-90026,4162
1688993715263,-90026,4162
1688993715265,-90026,4162
1688993715267,-90026,4162
1688993715268,-90026,4162
1688993715271,-90026,4162
1688993715273,-90026,4162
1688993715275,-90026,4162
1688993715276,-90026,4162
1688993715278,-90026,4162
1688993715283,-90026,4162
1688993715286,-90026,4162
1688993715288,-90026,4162
1688993715292,-90026,4162
1688993715295,-90026,4162
1688993715297,-90026,4162
1688993715299,-90026,4162
1688993715301,-90026,4162
1688993715303,-90026,4162
1688993715305,-90026,4162
1688993715307,-90026,4162
1688993715309,-90026,4162
1688993715311,-90026,4162
1688993715313,-90026,4162
1688993715315,-90026,4162
1688993715317,-90026,4162
1688993715319,-90026,4162
1688993715321,-90026,4162
1688993715322,-90026,4162
1688993715325,-90026,4162
1688993715327,-90026,4162
1688993715329,-90026,4162
1688993715331,-90026,4162
1688993715333,-90026,4162
1688993715335,-90026,4162
1688993715337,-90026,4162
1688993715338,-90026,4162
1688993715340,-90026,4162
1688993715342,-90026,4162
1688993715344,-90026,4162
1688993715346,-90026,4162
1688993715348,-90026,4162
1688993715350,-90026,4162
1688993715352,-90026,4162
1688993715354,-90026,4162
1688993715356,-90026,4162
1688993715359,-90026,4162
1688993715361,-90026,4162
1688993715363,-90026,4162
1688993715364,-90026,4162
1688993715366,-90026,4162
1688993715368,-90026,4162
1688993715370,-90026,4162
1688993715372,-90026,4162
1688993715374,-90026,4162
1688993715375,-90026,4162
1688993715377,-90026,4162
1688993715379,-90026,4162
1688993715381,-90026,4162
1688993715384,-90026,4162
1688993715385,-90026,4162
1688993715387,-90026,4162
1688993715389,-90026,4162
1688993715392,-90026,4162
1688993715394,-90026,4162
1688993715396,-90026,4162
1688993715398,-90026,4162
1688993715400,-90026,4162
1688993715402,-90026,4162
1688993715404,-90026,4162
1688993715405,-90026,4162
1688993715408,-90026,4162
1688993715410,-90026,4162
1688993715412,-90026,4162
1688993715415,-90026,4162
1688993715417,-90026,4162
1688993715418,-90026,4162
1688993715420,-90026,4162
1688993715422,-90026,4162
1688993715425,-90026,4162
1688993715427,-90026,4162
1688993715430,-90026,4162
1688993715431,-90026,4162
1688993715433,-90026,4162
1688993715435,-90026,4162
1688993715436,-90026,4162
1688993715438,-90026,4162
1688993715440,-90026,4162
1688993715441,-90026,4162
1688993715443,-90026,4162
1688993715445,-90026,4162
1688993715447,-90026,4162
1688993715449,-90026,4162
1688993715451,-90026,4162
1688993715452,-90026,4162
1688993715454,-90026,4162
1688993715456,-90026,4162
1688993715461,-90026,4162
1688993715464,-90026,4162
1688993715465,-90026,4162
1688993715468,-90026,4162
1688993715470,-90026,4162
1688993715472,-90026,4162
1688993715474,-90026,4162
1688993715475,-90026,4162
1688993715477,-90026,4162
1688993715478,-90026,4162
1688993715481,-90026,4162
1688993715482,-90026,4162
1688993715484,-90026,4162
1688993715486,-90026,4162
1688993715488,-90026,4162
1688993715490,-90026,4162
1688993715492,-90026,4162
1688993715495,-90026,4162
1688993715496,-90026,4162
1688993715498,-90026,4162
1688993715500,-90026,4162
1688993715501,-90026,4162
1688993715503,-90026,4162
1688993715504,-90026,4162
1688993715506,-90026,4162
1688993715508,-90026,4162
1688993715510,-90026,4162
1688993715512,-90026,4162
1688993715514,-90026,4162
1688993715516,-90026,4162
1688993715518,-90026,4162
1688993715519,-90026,4162
1688993715521,-90026,4162
1688993715523,-90026,4162
1688993715526,-90026,4162
1688993715529,-90026,4162
1688993715531,-90026,4162
1688993715533,-90026,4162
1688993715534,-90026,4162
1688993715536,-90026,4162
1688993715538,-90026,4162
1688993715540,-90026,4162
1688993715541,-90026,4162
1688993715543,-90026,4162
1688993715545,-90026,4162
1688993715547,-90026,4162
1688993715549,-90026,4162
1688993715551,-90026,4162
1688993715553,-90026,4162
1688993715554,-90026,4162
1688993715556,-90026,4162
1688993715558,-90026,4162
1688993715561,-90026,4162
1688993715562,-90026,4162
1688993715564,-90026,4162
1688993715565,-90026,4162
1688993715567,-90026,4162
1688993715569,-90026,4162
1688993715571,-90026,4162
1688993715572,-90026,4162
1688993715574,-90026,4162
1688993715576,-90026,4162
1688993715577,-90026,4162
1688993715579,-90026,4162
1688993715581,-90026,4162
1688993715583,-90026,4162
1688993715585,-90026,4162
1688993715587,-90026,4162
1688993715588,-90026,4162
1688993715591,-90026,4162
1688993715593,-90026,4162
1688993715595,-90026,4162
1688993715597,-90026,4162
1688993715598,-90026,4162
1688993715600,-90026,4162
1688993715601,-90026,4162
1688993715603,-90026,4162
1688993715605,-90026,4162
1688993715607,-90026,4162
1688993715609,-90026,4162
1688993715611,-90026,4162
1688993715612,-90026,4162
1688993715614,-90026,4162
1688993715615,-90026,4162
1688993715617,-90026,4162
1688993715618,-90026,4162
1688993715620,-90026,4162
1688993715621,-90026,4162
1688993715623,-90026,4162
1688993715626,-90026,4162
1688993715628,-90026,4162
1688993715630,-90026,4162
1688993715631,-90026,4162
1688993715633,-90026,4162
1688993715635,-90026,4162
1688993715636,-90026,4162
1688993715638,-90026,4162
1688993715639,-90026,4162
1688993715641,-90026,4162
1688993715642,-90026,4162
1688993715645,-90026,4162
1688993715647,-90026,4162
1688993715649,-90026,4162
1688993715651,-90026,4162
1688993715652,-90026,4162
1688993715653,-90026,4162
1688993715655,-90026,4162
1688993715657,-90026,4162
1688993715659,-90026,4162
1688993715661,-90026,4162
1688993715663,-90026,4162
1688993715665,-90026,4162
1688993715667,-90026,4162
1688993715669,-90026,4162
1688993715671,-90026,4162
1688993715673,-90026,4162
1688993715674,-90026,4162
1688993715676,-90026,4162
1688993715678,-90026,4162
1688993715680,-90026,4162
1688993715681,-90026,4162
1688993715683,-90026,4162
1688993715685,-90026,4162
1688993715687,-90026,4162
1688993715689,-90026,4162
1688993715692,-90026,4162
1688993715694,-90026,4162
1688993715696,-90026,4162
1688993715697,-90026,4162
1688993715699,-90026,4162
1688993715701,-90026,4162
1688993715702,-90026,4162
1688993715704,-90026,4162
1688993715706,-90026,4162
1688993715708,-90026,4162
1688993715709,-90026,4162
1688993715711,-90026,4162
1688993715713,-90026,4162
1688993715715,-90026,4162
1688993715717,-90026,4162
1688993715719,-90026,4162
1688993715721,-90026,4162
1688993715723,-90026,4162
1688993715726,-90026,4162
1688993715728,-90026,4162
1688993715730,-90026,4162
1688993715732,-90026,4162
1688993715734,-90026,4162
1688993715736,-90026,4162
1688993715738,-90026,4162
1688993715740,-90026,4162
1688993715741,-90026,4162
1688993715743,-90026,4162
1688993715745,-90026,4162
1688993715747,-90026,4162
1688993715749,-90026,4162
1688993715751,-90026,4162
1688993715753,-90026,4162
1688993715755,-90026,4162
1688993715758,-90026,4162
1688993715760,-90026,4162
1688993715762,-90026,4162
1688993715764,-90026,4162
1688993715766,-90026,4162
1688993715768,-90026,4162
1688993715769,-90026,4162
1688993715771,-90026,4162
1688993715772,-90026,4162
1688993715774,-90026,4162
1688993715775,-90026,4162
1688993715777,-90026,4162
1688993715779,-90026,4162
1688993715780,-90026,4162
1688993715782,-90026,4162
1688993715785,-90026,4162
1688993715787,-90026,4162
1688993715788,-90026,4162
1688993715793,-90026,4162
1688993715795,-90026,4162
1688993715797,-90026,4162
1688993715798,-90026,4162
1688993715800,-90026,4162
1688993715801,-90026,4162
1688993715803,-90026,4162
1688993715805,-90026,4162
1688993715807,-90026,4162
1688993715808,-90026,4162
1688993715809,-90026,4162
1688993715811,-90026,4162
1688993715812,-90026,4162
1688993715814,-90026,4162
1688993715816,-90026,4162
1688993715818,-90026,4162
1688993715820,-90026,4162
1688993715821,-90026,4162
1688993715823,-90026,4162
1688993715827,-90026,4162
1688993715829,-90026,4162
1688993715830,-90026,4162
1688993715832,-90026,4162
1688993715834,-90026,4162
1688993715836,-90026,4162
1688993715837,-90026,4162
1688993715839,-90026,4162
1688993715841,-90026,4162
1688993715843,-90026,4162
1688993715845,-90026,4162
1688993715847,-90026,4162
1688993715849,-90026,4162
1688993715850,-90026,4162
1688993715852,-90026,4162
1688993715854,-90026,4162
1688993715856,-90026,4162
1688993715859,-90026,4162
1688993715861,-90026,4162
1688993715863,-90026,4162
1688993715865,-90026,4162
1688993715867,-90026,4162
1688993715869,-90026,4162
1688993715870,-90026,4162
1688993715872,-90026,4162
1688993715874,-90026,4162
1688993715875,-90026,4162
1688993715877,-90026,4162
1688993715879,-90026,4162
1688993715881,-90026,4162
1688993715883,-90026,4162
1688993715885,-90026,4162
1688993715886,-90026,4162
1688993715888,-90026,4162
1688993715889,-90026,4162
1688993715892,-90026,4162
1688993715894,-90026,4162
1688993715895,-90026,4162
1688993715897,-90026,4162
1688993715899,-90026,4162
1688993715900,-90026,4162
1688993715902,-90026,4162
1688993715904,-90026,4162
1688993715905,-90026,4162
1688993715907,-90026,4162
1688993715908,-90026,4162
1688993715910,-90026,4162
1688993715912,-90026,4162
1688993715914,-90026,4162
1688993715915,-90026,4162
1688993715917,-90026,4162
1688993715919,-90026,4162
1688993715921,-90026,4162
1688993715926,-90026,4162
1688993715928,-90026,4162
1688993715930,-90026,4162
1688993715932,-90026,4162
1688993715934,-90026,4162
1688993715936,-90026,4162
1688993715938,-90026,4162
1688993715940,-90026,4162
1688993715942,-90026,4162
1688993715944,-90026,4162
1688993715945,-90026,4162
1688993715947,-90026,4162
1688993715949,-90026,4162
1688993715951,-90026,4162
1688993715953,-90026,4162
1688993715954,-90026,4162
1688993715956,-90026,4162
1688993715959,-90026,4162
1688993715962,-90026,4162
1688993715963,-90026,4162
1688993715965,-90026,4162
1688993715967,-90026,4162
1688993715969,-90026,4162
1688993715970,-90026,4162
1688993715972,-90026,4162
1688993715974,-90026,4162
1688993715975,-90026,4162
1688993715977,-90026,4162
1688993715979,-90026,4162
1688993715984,-90026,4162
1688993715985,-90026,4162
1688993715987,-90026,4162
1688993715989,-90026,4162
1688993715992,-90026,4162
1688993715994,-90026,4162
1688993715996,-90026,4162
1688993715997,-90026,4162
1688993715999,-90026,4162
1688993716002,-90026,4162
1688993716003,-90026,4162
1688993716005,-90026,4162
1688993716007,-90026,4162
1688993716009,-90026,4162
1688993716010,-90026,4162
1688993716012,-90026,4162
1688993716014,-90026,4162
1688993716016,-90026,4162
1688993716017,-90026,4162
1688993716019,-90026,4162
1688993716021,-90026,4162
1688993716023,-90026,4162
1688993716026,-90026,4162
1688993716028,-90026,4162
1688993716029,-90026,4162
1688993716031,-90026,4162
1688993716032,-90026,4162
1688993716034,-90026,4162
1688993716036,-90026,4162
1688993716038,-90026,4162
1688993716040,-90026,4162
1688993716042,-90026,4162
1688993716044,-90026,4162
1688993716046,-90026,4162
1688993716048,-90026,4162
1688993716049,-90026,4162
1688993716051,-90026,4162
1688993716053,-90026,4162
1688993716054,-90026,4162
1688993716058,-90026,4162
1688993716060,-90026,4162
1688993716062,-90026,4162
1688993716064,-90026,4162
1688993716066,-90026,4162
1688993716067,-90026,4162
1688993716069,-90026,4162
1688993716071,-90026,4162
1688993716072,-90026,4162
1688993716074,-90026,4162
1688993716075,-90026,4162
1688993716077,-90026,4162
1688993716079,-90026,4162
1688993716081,-90026,4162
1688993716083,-90026,4162
1688993716085,-90026,4162
1688993716086,-90026,4162
1688993716089,-90026,4162
1688993716091,-90026,4162
1688993716093,-90026,4162
1688993716095,-90026,4162
1688993716097,-90026,4162
1688993716099,-90026,4162
1688993716101,-90026,4162
1688993716103,-90026,4162
1688993716104,-90026,4162
1688993716106,-90026,4162
1688993716108,-90026,4162
1688993716109,-90026,4162
1688993716111,-90026,4162
1688993716113,-90026,4162
1688993716115,-90026,4162
1688993716117,-90026,4162
1688993716119,-90026,4162
1688993716121,-90026,4162
1688993716123,-90026,4162
1688993716125,-90026,4162
1688993716128,-90026,4162
1688993716130,-90026,4162
1688993716132,-90026,4162
1688993716134,-90026,4162
1688993716136,-90026,4162
1688993716138,-90026,4162
1688993716140,-90026,4162
1688993716141,-90026,4162
1688993716143,-90026,4162
1688993716145,-90026,4162
1688993716146,-90026,4162
1688993716148,-90026,4162
1688993716150,-90026,4162
1688993716152,-90026,4162
1688993716154,-90026,4162
1688993716155,-90026,4162
1688993716158,-90026,4162
1688993716160,-90026,4162
1688993716162,-90026,4162
1688993716163,-90026,4162
1688993716165,-90026,4162
1688993716167,-90026,4162
1688993716168,-90026,4162
1688993716172,-90026,4162
1688993716176,-90026,4162
1688993716178,-90026,4162
1688993716180,-90026,4162
1688993716182,-90026,4162
1688993716185,-90026,4162
1688993716186,-90026,4162
1688993716189,-90026,4162
1688993716195,-90026,4162
1688993716197,-90026,4162
1688993716199,-90026,4162
1688993716201,-90026,4162
1688993716203,-90026,4162
1688993716204,-90026,4162
1688993716206,-90026,4162
1688993716208,-90026,4162
1688993716210,-90026,4162
1688993716211,-90026,4162
1688993716213,-90026,4162
1688993716215,-90026,4162
1688993716217,-90026,4162
1688993716219,-90026,4162
1688993716221,-90026,4162
1688993716222,-90026,4162
1688993716225,-90026,4162
1688993716227,-90026,4162
1688993716228,-90026,4162
1688993716230,-90026,4162
1688993716231,-90026,4162
1688993716233,-90026,4162
1688993716234,-90026,4162
1688993716236,-90026,4162
1688993716238,-90026,4162
1688993716239,-90026,4162
1688993716241,-90026,4162
1688993716242,-90026,4162
1688993716244,-90026,4162
1688993716246,-90026,4162
1688993716248,-90026,4162
1688993716249,-90026,4162
1688993716251,-90026,4162
1688993716253,-90026,4162
1688993716254,-90026,4162
1688993716257,-90026,4162
1688993716259,-90026,4162
1688993716261,-90026,4162
1688993716263,-90026,4162
1688993716265,-90026,4162
1688993716267,-90026,4162
1688993716269,-90026,4162
1688993716271,-90026,4162
1688993716272,-90026,4162
1688993716274,-90026,4162
1688993716276,-90026,4162
1688993716278,-90026,4162
1688993716280,-90026,4162
1688993716282,-90026,4162
1688993716284,-90026,4162
1688993716285,-90026,4162
1688993716287,-90026,4162
1688993716289,-90026,4162
1688993716292,-90026,4162
1688993716294,-90026,4162
1688993716296,-90026,4162
1688993716298,-90026,4162
1688993716300,-90026,4162
1688993716302,-90026,4162
1688993716304,-90026,4162
1688993716305,-90026,4162
1688993716309,-90026,4162
1688993716310,-90026,4162
1688993716312,-90026,4162
1688993716315,-90026,4162
1688993716317,-90026,4162
1688993716318,-90026,4162
1688993716320,-90026,4162
1688993716322,-90026,4162
1688993716324,-90026,4162
1688993716326,-90026,4162
1688993716328,-90026,4162
1688993716330,-90026,4162
1688993716332,-90026,4162
1688993716334,-90026,4162
1688993716336,-90026,4162
1688993716338,-90026,4162
1688993716340,-90026,4162
1688993716341,-90026,4162
1688993716343,-90026,4162
1688993716345,-90026,4162
1688993716347,-90026,4162
1688993716348,-90026,4162
1688993716350,-90026,4162
1688993716352,-90026,4162
1688993716354,-90026,4162
1688993716356,-90026,4162
1688993716359,-90026,4162
1688993716361,-90026,4162
1688993716362,-90026,4162
1688993716364,-90026,4162
1688993716366,-90026,4162
1688993716368,-90026,4162
1688993716370,-90026,4162
1688993716371,-90026,4162
1688993716373,-90026,4162
1688993716375,-90026,4162
1688993716377,-90026,4162
1688993716379,-90026,4162
1688993716380,-90026,4162
1688993716382,-90026,4162
1688993716385,-90026,4162
1688993716386,-90026,4162
1688993716388,-90026,4162
1688993716391,-90026,4162
1688993716395,-90026,4162
1688993716396,-90026,4162
1688993716398,-90026,4162
1688993716400,-90026,4162
1688993716401,-90026,4162
1688993716402,-90026,4162
1688993716404,-90026,4162
1688993716406,-90026,4162
1688993716407,-90026,4162
1688993716409,-90026,4162
1688993716410,-90026,4162
1688993716412,-90026,4162
1688993716415,-90026,4162
1688993716416,-90026,4162
1688993716418,-90026,4162
1688993716419,-90026,4162
1688993716421,-90026,4162
1688993716423,-90026,4162
1688993716425,-90026,4162
1688993716427,-90026,4162
1688993716429,-90026,4162
1688993716431,-90026,4162
1688993716432,-90026,4162
1688993716434,-90026,4162
1688993716436,-90026,4162
1688993716438,-90026,4162
1688993716439,-90026,4162
1688993716441,-90026,4162
1688993716442,-90026,4162
1688993716444,-90026,4162
1688993716445,-90026,4162
1688993716448,-90026,4162
1688993716449,-90026,4162
1688993716451,-90026,4162
1688993716453,-90026,4162
1688993716455,-90026,4162
1688993716458,-90026,4162
1688993716460,-90026,4162
1688993716462,-90026,4162
1688993716464,-90026,4162
1688993716466,-90026,4162
1688993716468,-90026,4162
1688993716470,-90026,4162
1688993716472,-90026,4162
1688993716474,-90026,4162
1688993716476,-90026,4162
1688993716478,-90026,4162
1688993716479,-90026,4162
1688993716481,-90026,4162
1688993716483,-90026,4162
1688993716485,-90026,4162
1688993716487,-90026,4162
1688993716489,-90026,4162
1688993716492,-90026,4162
1688993716495,-90026,4162
1688993716497,-90026,4162
1688993716499,-90026,4162
1688993716501,-90026,4162
1688993716502,-90026,4162
1688993716504,-90026,4162
1688993716505,-90026,4162
1688993716507,-90026,4162
1688993716509,-90026,4162
1688993716511,-90026,4162
1688993716513,-90026,4162
1688993716515,-90026,4162
1688993716517,-90026,4162
1688993716519,-90026,4162
1688993716520,-90026,4162
1688993716522,-90026,4162
1688993716525,-90026,4162
1688993716527,-90026,4162
1688993716529,-90026,4162
1688993716531,-90026,4162
1688993716533,-90026,4162
1688993716535,-90026,4162
1688993716536,-90026,4162
1688993716538,-90026,4162
1688993716540,-90026,4162
1688993716541,-90026,4162
1688993716543,-90026,4162
1688993716544,-90026,4162
1688993716546,-90026,4162
1688993716548,-90026,4162
1688993716550,-90026,4162
1688993716552,-90026,4162
1688993716554,-90026,4162
1688993716556,-90026,4162
1688993716558,-90026,4162
1688993716561,-90026,4162
1688993716562,-90026,4162
1688993716564,-90026,4162
1688993716566,-90026,4162
1688993716567,-90026,4162
1688993716569,-90026,4162
1688993716572,-90026,4162
1688993716574,-90026,4162
1688993716575,-90026,4162
1688993716578,-90026,4162
1688993716579,-90026,4162
1688993716581,-90026,4162
1688993716583,-90026,4162
1688993716585,-90026,4162
1688993716586,-90026,4162
1688993716588,-90026,4162
1688993716590,-90026,4162
1688993716592,-90026,4162
1688993716595,-90026,4162
1688993716597,-90026,4162
1688993716598,-90026,4162
1688993716600,-90026,4162
1688993716602,-90026,4162
1688993716603,-90026,4162
1688993716604,-90026,4162
1688993716606,-90026,4162
1688993716608,-90026,4162
1688993716610,-90026,4162
1688993716612,-90026,4162
1688993716614,-90026,4162
1688993716615,-90026,4162
1688993716617,-90026,4162
1688993716619,-90026,4162
1688993716621,-90026,4162
1688993716623,-90026,4162
1688993716625,-90026,4162
1688993716627,-90026,4162
1688993716629,-90026,4162
1688993716631,-90026,4162
1688993716632,-90026,4162
1688993716636,-90026,4162
1688993716638,-90026,4162
1688993716639,-90026,4162
1688993716641,-90026,4162
1688993716643,-90026,4162
1688993716645,-90026,4162
1688993716647,-90026,4162
1688993716649,-90026,4162
1688993716651,-90026,4162
1688993716653,-90026,4162
1688993716655,-90026,4162
1688993716658,-90026,4162
1688993716660,-90026,4162
1688993716662,-90026,4162
1688993716664,-90026,4162
1688993716666,-90026,4162
1688993716667,-90026,4162
1688993716669,-90026,4162
1688993716671,-90026,4162
1688993716673,-90026,4162
1688993716675,-90026,4162
1688993716676,-90026,4162
1688993716678,-90026,4162
1688993716680,-90026,4162
1688993716682,-90026,4162
1688993716684,-90026,4162
1688993716686,-90026,4162
1688993716687,-90026,4162
1688993716690,-90026,4162
1688993716692,-90026,4162
1688993716695,-90026,4162
1688993716696,-90026,4162
1688993716698,-90026,4162
1688993716699,-90026,4162
1688993716701,-90026,4162
1688993716702,-90026,4162
1688993716704,-90026,4162
1688993716706,-90026,4162
1688993716707,-90026,4162
1688993716709,-90026,4162
1688993716711,-90026,4162
1688993716712,-90026,4162
1688993716714,-90026,4162
1688993716716,-90026,4162
1688993716718,-90026,4162
1688993716719,-90026,4162
1688993716721,-90026,4162
1688993716723,-90026,4162
1688993716725,-90026,4162
1688993716728,-90026,4162
1688993716731,-90026,4162
1688993716732,-90026,4162
1688993716734,-90026,4162
1688993716736,-90026,4162
1688993716737,-90026,4162
1688993716739,-90026,4162
1688993716741,-90026,4162
1688993716742,-90026,4162
1688993716744,-90026,4162
1688993716746,-90026,4162
1688993716748,-90026,4162
1688993716750,-90026,4162
1688993716752,-90026,4162
1688993716754,-90026,4162
1688993716756,-90026,4162
1688993716758,-90026,4162
1688993716761,-90026,4162
1688993716762,-90026,4162
1688993716764,-90026,4162
1688993716766,-90026,4162
1688993716768,-90026,4162
1688993716770,-90026,4162
1688993716771,-90026,4162
1688993716773,-90026,4162
1688993716775,-90026,4162
1688993716776,-90026,4162
1688993716778,-90026,4162
1688993716780,-90026,4162
1688993716781,-90026,4162
1688993716783,-90026,4162
1688993716785,-90026,4162
1688993716787,-90026,4162
1688993716789,-90026,4162
1688993716793,-90026,4162
1688993716795,-90026,4162
1688993716797,-90026,4162
1688993716799,-90026,4162
1688993716801,-90026,4162
1688993716802,-90026,4162
1688993716804,-90026,4162
1688993716806,-90026,4162
1688993716808,-90026,4162
1688993716810,-90026,4162
1688993716812,-90026,4162
1688993716814,-90026,4162
1688993716816,-90026,4162
1688993716818,-90026,4162
1688993716820,-90026,4162
1688993716821,-90026,4162
1688993716823,-90026,4162
1688993716826,-90026,4162
1688993716828,-90026,4162
1688993716830,-90026,4162
1688993716831,-90026,4162
1688993716833,-90026,4162
1688993716835,-90026,4162
1688993716836,-90026,4162
1688993716837,-90026,4162
1688993716839,-90026,4162
1688993716841,-90026,4162
1688993716842,-90026,4162
1688993716844,-90026,4162
1688993716846,-90026,4162
1688993716848,-90026,4162
1688993716850,-90026,4162
1688993716852,-90026,4162
1688993716853,-90026,4162
1688993716855,-90026,4162
1688993716857,-90026,4162
1688993716859,-90026,4162
1688993716861,-90026,4162
1688993716863,-90026,4162
1688993716864,-90026,4162
1688993716866,-90026,4162
1688993716868,-90026,4162
1688993716870,-90026,4162
1688993716872,-90026,4162
1688993716873,-90026,4162
1688993716875,-90026,4162
1688993716877,-90026,4162
1688993716879,-90026,4162
1688993716881,-90026,4162
1688993716883,-90026,4162
1688993716885,-90026,4162
1688993716887,-90026,4162
1688993716889,-90026,4162
1688993716891,-90026,4162
1688993716893,-90026,4162
1688993716895,-90026,4162
1688993716897,-90026,4162
1688993716899,-90026,4162
1688993716901,-90026,4162
1688993716902,-90026,4162
1688993716904,-90026,4162
1688993716905,-90026,4162
1688993716907,-90026,4162
1688993716909,-90026,4162
1688993716911,-90026,4162
1688993716912,-90026,4162
1688993716914,-90026,4162
1688993716916,-90026,4162
1688993716917,-90026,4162
1688993716919,-90026,4162
1688993716920,-90026,4162
1688993716922,-90026,4162
1688993716924,-90026,4162
1688993716926,-90026,4162
1688993716928,-90026,4162
1688993716930,-90026,4162
1688993716931,-90026,4162
1688993716933,-90026,4162
1688993716934,-90026,4162
1688993716936,-90026,4162
1688993716937,-90026,4162
1688993716939,-90026,4162
1688993716941,-90026,4162
1688993716942,-90026,4162
1688993716943,-90026,4162
1688993716945,-90026,4162
1688993716947,-90026,4162
1688993716949,-90026,4162
1688993716951,-90026,4162
1688993716952,-90026,4162
1688993716954,-90026,4162
1688993716956,-90026,4162
1688993716958,-90026,4162
1688993716960,-90026,4162
1688993716962,-90026,4162
1688993716963,-90026,4162
1688993716965,-90026,4162
1688993716967,-90026,4162
1688993716968,-90026,4162
1688993716971,-90026,4162
1688993716973,-90026,4162
1688993716975,-90026,4162
1688993716977,-90026,4162
1688993716978,-90026,4162
1688993716981,-90026,4162
1688993716982,-90026,4162
1688993716984,-90026,4162
1688993716986,-90026,4162
1688993716988,-90026,4162
1688993716990,-90026,4162
1688993716992,-90026,4162
1688993716994,-90026,4162
1688993716996,-90026,4162
1688993716997,-90026,4162
1688993716999,-90026,4162
1688993717000,-90026,4162
1688993717002,-90026,4162
1688993717003,-90026,4162
1688993717005,-90026,4162
1688993717007,-90026,4162
1688993717009,-90026,4162
1688993717011,-90026,4162
1688993717012,-90026,4162
1688993717014,-90026,4162
1688993717016,-90026,4162
1688993717018,-90026,4162
1688993717019,-90026,4162
1688993717021,-90026,4162
1688993717023,-90026,4162
1688993717026,-90026,4162
1688993717028,-90026,4162
1688993717029,-90026,4162
1688993717031,-90026,4162
1688993717032,-90026,4162
1688993717034,-90026,4162
1688993717036,-90026,4162
1688993717037,-90026,4162
1688993717039,-90026,4162
1688993717040,-90026,4162
1688993717042,-90026,4162
1688993717044,-90026,4162
1688993717046,-90026,4162
1688993717048,-90026,4162
1688993717050,-90026,4162
1688993717052,-90026,4162
1688993717053,-90026,4162
1688993717055,-90026,4162
1688993717056,-90026,4162
1688993717058,-90026,4162
1688993717063,-90026,4162
1688993717065,-90026,4162
1688993717067,-90026,4162
1688993717068,-90026,4162
1688993717070,-90026,4162
1688993717071,-90026,4162
1688993717073,-90026,4162
1688993717074,-90026,4162
1688993717076,-90026,4162
1688993717078,-90026,4162
1688993717080,-90026,4162
1688993717082,-90026,4162
1688993717084,-90026,4162
1688993717086,-90026,4162
1688993717087,-90026,4162
1688993717089,-90026,4162
1688993717092,-90026,4162
1688993717094,-90026,4162
1688993717095,-90026,4162
1688993717097,-90026,4162
1688993717098,-90026,4162
1688993717100,-90026,4162
1688993717101,-90026,4162
1688993717103,-90026,4162
1688993717105,-90026,4162
1688993717106,-90026,4162
1688993717108,-90026,4162
1688993717109,-90026,4162
1688993717111,-90026,4162
1688993717113,-90026,4162
1688993717115,-90026,4162
1688993717117,-90026,4162
1688993717118,-90026,4162
1688993717120,-90026,4162
1688993717121,-90026,4162
1688993717123,-90026,4162
1688993717125,-90026,4162
1688993717128,-90026,4162
1688993717129,-90026,4162
1688993717131,-90026,4162
1688993717133,-90026,4162
1688993717134,-90026,4162
1688993717136,-90026,4162
1688993717137,-90026,4162
1688993717139,-90026,4162
1688993717140,-90026,4162
1688993717142,-90026,4162
1688993717144,-90026,4162
1688993717146,-90026,4162
1688993717148,-90026,4162
1688993717149,-90026,4162
1688993717151,-90026,4162
1688993717152,-90026,4162
1688993717154,-90026,4162
1688993717156,-90026,4162
1688993717158,-90026,4162
1688993717161,-90026,4162
1688993717163,-90026,4162
1688993717164,-90026,4162
1688993717166,-90026,4162
1688993717168,-90026,4162
1688993717169,-90026,4162
1688993717171,-90026,4162
1688993717172,-90026,4162
1688993717175,-90026,4162
1688993717177,-90026,4162
1688993717179,-90026,4162
1688993717181,-90026,4162
1688993717183,-90026,4162
1688993717184,-90026,4162
1688993717186,-90026,4162
1688993717188,-90026,4162
1688993717190,-90026,4162
1688993717194,-90026,4162
1688993717196,-90026,4162
1688993717198,-90026,4162
1688993717200,-90026,4162
1688993717201,-90026,4162
1688993717203,-90026,4162
1688993717205,-90026,4162
1688993717207,-90026,4162
1688993717209,-90026,4162
1688993717210,-90026,4162
1688993717212,-90026,4162
1688993717214,-90026,4162
1688993717216,-90026,4162
1688993717218,-90026,4162
1688993717220,-90026,4162
1688993717221,-90026,4162
1688993717224,-90026,4162
1688993717226,-90026,4162
1688993717228,-90026,4162
1688993717230,-90026,4162
1688993717231,-90026,4162
1688993717232,-90026,4162
1688993717234,-90026,4162
1688993717236,-90026,4162
1688993717238,-90026,4162
1688993717239,-90026,4162
1688993717241,-90026,4162
1688993717243,-90026,4162
1688993717245,-90026,4162
1688993717247,-90026,4162
1688993717249,-90026,4162
1688993717251,-90026,4162
1688993717252,-90026,4162
1688993717254,-90026,4162
1688993717256,-90026,4162
1688993717258,-90026,4162
1688993717260,-90026,4162
1688993717263,-90026,4162
1688993717264,-90026,4162
1688993717266,-90026,4162
1688993717267,-90026,4162
1688993717269,-90026,4162
1688993717270,-90026,4162
1688993717272,-90026,4162
1688993717274,-90026,4162
1688993717275,-90026,4162
1688993717277,-90026,4162
1688993717278,-90026,4162
1688993717282,-90026,4162
1688993717284,-90026,4162
1688993717286,-90026,4162
1688993717287,-90026,4162
1688993717289,-90026,4162
1688993717292,-90026,4162
1688993717297,-90026,4162
1688993717299,-90026,4162
1688993717301,-90026,4162
1688993717303,-90026,4162
1688993717304,-90026,4162
1688993717306,-90026,4162
1688993717307,-90026,4162
1688993717309,-90026,4162
1688993717311,-90026,4162
1688993717312,-90026,4162
1688993717314,-90026,4162
1688993717316,-90026,4162
1688993717317,-90026,4162
1688993717319,-90026,4162
1688993717321,-90026,4162
1688993717324,-90026,4162
1688993717326,-90026,4162
1688993717328,-90026,4162
1688993717330,-90026,4162
1688993717331,-90026,4162
1688993717333,-90026,4162
1688993717335,-90026,4162
1688993717336,-90026,4162
1688993717338,-90026,4162
1688993717339,-90026,4162
1688993717341,-90026,4162
1688993717343,-90026,4162
1688993717345,-90026,4162
1688993717346,-90026,4162
1688993717348,-90026,4162
1688993717349,-90026,4162
1688993717351,-90026,4162
1688993717352,-90026,4162
1688993717354,-90026,4162
1688993717356,-90026,4162
1688993717358,-90026,4162
1688993717361,-90026,4162
1688993717362,-90026,4162
1688993717364,-90026,4162
1688993717366,-90026,4162
1688993717367,-90026,4162
1688993717369,-90026,4162
1688993717371,-90026,4162
1688993717372,-90026,4162
1688993717374,-90026,4162
1688993717375,-90026,4162
1688993717377,-90026,4162
1688993717379,-90026,4162
1688993717381,-90026,4162
1688993717383,-90026,4162
1688993717384,-90026,4162
1688993717386,-90026,4162
1688993717388,-90026,4162
1688993717390,-90026,4162
1688993717392,-90026,4162
1688993717394,-90026,4162
1688993717396,-90026,4162
1688993717398,-90026,4162
1688993717400,-90026,4162
1688993717402,-90026,4162
1688993717403,-90026,4162
1688993717405,-90026,4162
1688993717406,-90026,4162
1688993717408,-90026,4162
1688993717409,-90026,4162
1688993717411,-90026,4162
1688993717413,-90026,4162
1688993717415,-90026,4162
1688993717417,-90026,4162
1688993717419,-90026,4162
1688993717421,-90026,4162
1688993717423,-90026,4162
1688993717425,-90026,4162
1688993717428,-90026,4162
1688993717429,-90026,4162
1688993717431,-90026,4162
1688993717432,-90026,4162
1688993717434,-90026,4162
1688993717436,-90026,4162
1688993717437,-90026,4162
1688993717440,-90026,4162
1688993717443,-90026,4162
1688993717445,-90026,4162
1688993717447,-90026,4162
1688993717449,-90026,4162
1688993717453,-90026,4162
1688993717455,-90026,4162
1688993717457,-90026,4162
1688993717459,-90026,4162
1688993717461,-90026,4162
1688993717463,-90026,4162
1688993717465,-90026,4162
1688993717467,-90026,4162
1688993717468,-90026,4162
1688993717470,-90026,4162
1688993717471,-90026,4162
1688993717473,-90026,4162
1688993717475,-90026,4162
1688993717477,-90026,4162
1688993717479,-90026,4162
1688993717481,-90026,4162
1688993717483,-90026,4162
1688993717485,-90026,4162
1688993717486,-90026,4162
1688993717488,-90026,4162
1688993717489,-90026,4162
1688993717491,-90026,4162
1688993717493,-90026,4162
1688993717495,-90026,4162
1688993717497,-90026,4162
1688993717499,-90026,4162
1688993717500,-90026,4162
1688993717502,-90026,4162
1688993717504,-90026,4162
1688993717505,-90026,4162
1688993717507,-90026,4162
1688993717508,-90026,4162
1688993717510,-90026,4162
1688993717512,-90026,4162
1688993717514,-90026,4162
1688993717515,-90026,4162
1688993717517,-90026,4162
1688993717520,-90026,4162
1688993717522,-90026,4162
1688993717524,-90026,4162
1688993717526,-90026,4162
1688993717528,-90026,4162
1688993717530,-90026,4162
1688993717531,-90026,4162
1688993717532,-90026,4162
1688993717534,-90026,4162
1688993717536,-90026,4162
1688993717538,-90026,4162
1688993717540,-90026,4162
1688993717542,-90026,4162
1688993717543,-90026,4162
1688993717545,-90026,4162
1688993717546,-90026,4162
1688993717548,-90026,4162
1688993717550,-90026,4162
1688993717551,-90026,4162
1688993717553,-90026,4162
1688993717554,-90026,4162
1688993717557,-90026,4162
1688993717559,-90026,4162
1688993717561,-90026,4162
1688993717563,-90026,4162
1688993717565,-90026,4162
1688993717567,-90026,4162
1688993717569,-90026,4162
1688993717570,-90026,4162
1688993717572,-90026,4162
1688993717574,-90026,4162
1688993717575,-90026,4162
1688993717578,-90026,4162
1688993717579,-90026,4162
1688993717581,-90026,4162
1688993717583,-90026,4162
1688993717584,-90026,4162
1688993717585,-90026,4162
1688993717587,-90026,4162
1688993717589,-90026,4162
1688993717591,-90026,4162
1688993717593,-90026,4162
1688993717595,-90026,4162
1688993717598,-90026,4162
1688993717599,-90026,4162
1688993717601,-90026,4162
1688993717602,-90026,4162
1688993717603,-90026,4162
1688993717605,-90026,4162
1688993717606,-90026,4162
1688993717608,-90026,4162
1688993717609,-90026,4162
1688993717611,-90026,4162
1688993717613,-90026,4162
1688993717615,-90026,4162
1688993717617,-90026,4162
1688993717619,-90026,4162
1688993717620,-90026,4162
1688993717621,-90026,4162
1688993717624,-90026,4162
1688993717626,-90026,4162
1688993717628,-90026,4162
1688993717629,-90026,4162
1688993717631,-90026,4162
1688993717632,-90026,4162
1688993717634,-90026,4162
1688993717636,-90026,4162
1688993717637,-90026,4162
1688993717639,-90026,4162
1688993717640,-90026,4162
1688993717642,-90026,4162
1688993717644,-90026,4162
1688993717645,-90026,4162
1688993717647,-90026,4162
1688993717649,-90026,4162
1688993717651,-90026,4162
1688993717652,-90026,4162
1688993717654,-90026,4162
1688993717656,-90026,4162
1688993717658,-90026,4162
1688993717661,-90026,4162
1688993717662,-90026,4162
1688993717664,-90026,4162
1688993717666,-90026,4162
1688993717668,-90026,4162
1688993717669,-90026,4162
1688993717671,-90026,4162
1688993717672,-90026,4162
1688993717674,-90026,4162
1688993717676,-90026,4162
1688993717678,-90026,4162
1688993717680,-90026,4162
1688993717682,-90026,4162
1688993717683,-90026,4162
1688993717685,-90026,4162
1688993717686,-90026,4162
1688993717688,-90026,4162
1688993717690,-90026,4162
1688993717692,-90026,4162
1688993717695,-90026,4162
1688993717696,-90026,4162
1688993717698,-90026,4162
1688993717699,-90026,4162
1688993717701,-90026,4162
1688993717702,-90026,4162
1688993717704,-90026,4162
1688993717705,-90026,4162
1688993717707,-90026,4162
1688993717708,-90026,4162
1688993717710,-90026,4162
1688993717712,-90026,4162
1688993717714,-90026,4162
1688993717716,-90026,4162
1688993717717,-90026,4162
1688993717719,-90026,4162
1688993717721,-90026,4162
1688993717723,-90026,4162
1688993717725,-90026,4162
1688993717727,-90026,4162
1688993717729,-90026,4162
1688993717731,-90026,4162
1688993717733,-90026,4162
1688993717735,-90026,4162
1688993717736,-90026,4162
1688993717738,-90026,4162
1688993717740,-90026,4162
1688993717741,-90026,4162
1688993717743,-90026,4162
1688993717744,-90026,4162
1688993717746,-90026,4162
1688993717748,-90026,4162
1688993717749,-90026,4162
1688993717751,-90026,4162
1688993717753,-90026,4162
1688993717755,-90026,4162
1688993717757,-90026,4162
1688993717759,-90026,4162
1688993717761,-90026,4162
1688993717763,-90026,4162
1688993717764,-90026,4162
1688993717766,-90026,4162
1688993717768,-90026,4162
1688993717769,-90026,4162
1688993717771,-90026,4162
1688993717772,-90026,4162
1688993717774,-90026,4162
1688993717776,-90026,4162
1688993717778,-90026,4162
1688993717780,-90026,4162
1688993717782,-90026,4162
1688993717783,-90026,4162
1688993717785,-90026,4162
1688993717786,-90026,4162
1688993717788,-90026,4162
1688993717789,-90026,4162
1688993717792,-90026,4162
1688993717794,-90026,4162
1688993717796,-90026,4162
1688993717797,-90026,4162
1688993717799,-90026,4162
1688993717800,-90026,4162
1688993717802,-90026,4162
1688993717803,-90026,4162
1688993717805,-90026,4162
1688993717806,-90026,4162
1688993717808,-90026,4162
1688993717809,-90026,4162
1688993717810,-90026,4162
1688993717812,-90026,4162
1688993717815,-90026,4162
1688993717817,-90026,4162
1688993717818,-90026,4162
1688993717820,-90026,4162
1688993717821,-90026,4162
1688993717823,-90026,4162
1688993717825,-90026,4162
1688993717827,-90026,4162
1688993717829,-90026,4162
1688993717831,-90026,4162
1688993717832,-90026,4162
1688993717834,-90026,4162
1688993717836,-90026,4162
1688993717837,-90026,4162
1688993717839,-90026,4162
1688993717840,-90026,4162
1688993717842,-90026,4162
1688993717843,-90026,4162
1688993717844,-90026,4162
1688993717846,-90026,4162
1688993717848,-90026,4162
1688993717850,-90026,4162
1688993717851,-90026,4162
1688993717854,-90026,4162
1688993717856,-90026,4162
1688993717858,-90026,4162
1688993717860,-90026,4162
1688993717862,-90026,4162
1688993717864,-90026,4162
1688993717865,-90026,4162
1688993717867,-90026,4162
1688993717869,-90026,4162
1688993717871,-90026,4162
1688993717873,-90026,4162
1688993717875,-90026,4162
1688993717876,-90026,4162
1688993717878,-90026,4162
1688993717880,-90026,4162
1688993717882,-90026,4162
1688993717883,-90026,4162
1688993717885,-90026,4162
1688993717887,-90026,4162
1688993717888,-90026,4162
1688993717890,-90026,4162
1688993717892,-90026,4162
1688993717894,-90026,4162
1688993717896,-90026,4162
1688993717898,-90026,4162
1688993717900,-90026,4162
1688993717901,-90026,4162
1688993717902,-90026,4162
1688993717904,-90026,4162
1688993717906,-90026,4162
1688993717907,-90026,4162
1688993717909,-90026,4162
1688993717911,-90026,4162
1688993717913,-90026,4162
1688993717915,-90026,4162
1688993717916,-90026,4162
1688993717918,-90026,4162
1688993717920,-90026,4162
1688993717921,-90026,4162
1688993717922,-90026,4162
1688993717925,-90026,4162
1688993717927,-90026,4162
1688993717929,-90026,4162
1688993717931,-90026,4162
1688993717933,-90026,4162
1688993717934,-90026,4162
1688993717936,-90026,4162
1688993717937,-90026,4162
1688993717939,-90026,4162
1688993717941,-90026,4162
1688993717942,-90026,4162
1688993717944,-90026,4162
1688993717945,-90026,4162
1688993717947,-90026,4162
1688993717949,-90026,4162
1688993717951,-90026,4162
1688993717953,-90026,4162
1688993717954,-90026,4162
1688993717956,-90026,4162
1688993717959,-90026,4162
1688993717961,-90026,4162
1688993717963,-90026,4162
1688993717964,-90026,4162
1688993717966,-90026,4162
1688993717968,-90026,4162
1688993717969,-90026,4162
1688993717971,-90026,4162
1688993717973,-90026,4162
1688993717975,-90026,4162
1688993717976,-90026,4162
1688993717978,-90026,4162
1688993717980,-90026,4162
1688993717982,-90026,4162
1688993717984,-90026,4162
1688993717986,-90026,4162
1688993717988,-90026,4162
1688993717990,-90026,4162
1688993717992,-90026,4162
1688993717994,-90026,4162
1688993717995,-90026,4162
1688993717998,-90026,4162
1688993718001,-90026,4162
1688993718002,-90026,4162
1688993718004,-90026,4162
1688993718006,-90026,4162
1688993718007,-90026,4162
1688993718009,-90026,4162
1688993718011,-90026,4162
1688993718013,-90026,4162
1688993718015,-90026,4162
1688993718017,-90026,4162
1688993718019,-90026,4162
1688993718021,-90026,4162
1688993718023,-90026,4162
1688993718025,-90026,4162
1688993718027,-90026,4162
1688993718030,-90026,4162
1688993718031,-90026,4162
1688993718033,-90026,4162
1688993718035,-90026,4162
1688993718036,-90026,4162
1688993718038,-90026,4162
1688993718039,-90026,4162
1688993718041,-90026,4162
1688993718043,-90026,4162
1688993718045,-90026,4162
1688993718046,-90026,4162
1688993718048,-90026,4162
1688993718050,-90026,4162
1688993718052,-90026,4162
1688993718054,-90026,4162
1688993718056,-90026,4162
1688993718058,-90026,4162
1688993718061,-90026,4162
1688993718063,-90026,4162
1688993718064,-90026,4162
1688993718066,-90026,4162
1688993718068,-90026,4162
1688993718070,-90026,4162
1688993718071,-90026,4162
1688993718073,-90026,4162
1688993718075,-90026,4162
1688993718076,-90026,4162
1688993718078,-90026,4162
1688993718079,-90026,4162
1688993718081,-90026,4162
1688993718083,-90026,4162
1688993718084,-90026,4162
1688993718086,-90026,4162
1688993718087,-90026,4162
1688993718090,-90026,4162
1688993718092,-90026,4162
1688993718094,-90026,4162
1688993718095,-90026,4162
1688993718097,-90026,4162
1688993718099,-90026,4162
1688993718100,-90026,4162
1688993718102,-90026,4162
1688993718104,-90026,4162
1688993718105,-90026,4162
1688993718107,-90026,4162
1688993718109,-90026,4162
1688993718111,-90026,4162
1688993718113,-90026,4162
1688993718115,-90026,4162
1688993718117,-90026,4162
1688993718119,-90026,4162
1688993718120,-90026,4162
1688993718122,-90026,4162
1688993718124,-90026,4162
1688993718126,-90026,4162
1688993718128,-90026,4162
1688993718130,-90026,4162
1688993718132,-90026,4162
1688993718133,-90026,4162
1688993718134,-90026,4162
1688993718136,-90026,4162
1688993718138,-90026,4162
1688993718139,-90026,4162
1688993718141,-90026,4162
1688993718142,-90026,4162
1688993718144,-90026,4162
1688993718145,-90026,4162
1688993718147,-90026,4162
1688993718149,-90026,4162
1688993718151,-90026,4162
1688993718152,-90026,4162
1688993718154,-90026,4162
1688993718156,-90026,4162
1688993718158,-90026,4162
1688993718160,-90026,4162
1688993718162,-90026,4162
1688993718164,-90026,4162
1688993718166,-90026,4162
1688993718168,-90026,4162
1688993718170,-90026,4162
1688993718171,-90026,4162
1688993718173,-90026,4162
1688993718174,-90026,4162
1688993718176,-90026,4162
1688993718178,-90026,4162
1688993718179,-90026,4162
1688993718181,-90026,4162
1688993718183,-90026,4162
1688993718184,-90026,4162
1688993718186,-90026,4162
1688993718188,-90026,4162
1688993718190,-90026,4162
1688993718192,-90026,4162
1688993718195,-90026,4162
1688993718197,-90026,4162
1688993718199,-90026,4162
1688993718200,-90026,4162
1688993718202,-90026,4162
1688993718204,-90026,4162
1688993718205,-90026,4162
1688993718207,-90026,4162
1688993718209,-90026,4162
1688993718211,-90026,4162
1688993718212,-90026,4162
1688993718215,-90026,4162
1688993718217,-90026,4162
1688993718218,-90026,4162
1688993718220,-90026,4162
1688993718221,-90026,4162
1688993718223,-90026,4162
1688993718225,-90026,4162
1688993718228,-90026,4162
1688993718230,-90026,4162
1688993718231,-90026,4162
1688993718233,-90026,4162
1688993718235,-90026,4162
1688993718237,-90026,4162
1688993718238,-90026,4162
1688993718240,-90026,4162
1688993718242,-90026,4162
1688993718243,-90026,4162
1688993718245,-90026,4162
1688993718248,-90026,4162
1688993718249,-90026,4162
1688993718251,-90026,4162
1688993718253,-90026,4162
1688993718255,-90026,4162
1688993718257,-90026,4162
1688993718259,-90026,4162
1688993718261,-90026,4162
1688993718266,-90026,4162
1688993718268,-90026,4162
1688993718270,-90026,4162
1688993718272,-90026,4162
1688993718274,-90026,4162
1688993718276,-90026,4162
1688993718278,-90026,4162
1688993718280,-90026,4162
1688993718282,-90026,4162
1688993718284,-90026,4162
1688993718286,-90026,4162
1688993718288,-90026,4162
1688993718290,-90026,4162
1688993718292,-90026,4162
1688993718294,-90026,4162
1688993718296,-90026,4162
1688993718298,-90026,4162
1688993718299,-90026,4162
1688993718301,-90026,4162
1688993718302,-90026,4162
1688993718304,-90026,4162
1688993718306,-90026,4162
1688993718307,-90026,4162
1688993718309,-90026,4162
1688993718311,-90026,4162
1688993718312,-90026,4162
1688993718314,-90026,4162
1688993718316,-90026,4162
1688993718318,-90026,4162
1688993718319,-90026,4162
1688993718321,-90026,4162
1688993718324,-90026,4162
1688993718327,-90026,4162
1688993718329,-90026,4162
1688993718331,-90026,4162
1688993718333,-90026,4162
1688993718335,-90026,4162
1688993718336,-90026,4162
1688993718338,-90026,4162
1688993718339,-90026,4162
1688993718341,-90026,4162
1688993718342,-90026,4162
1688993718345,-90026,4162
1688993718347,-90026,4162
1688993718349,-90026,4162
1688993718350,-90026,4162
1688993718352,-90026,4162
1688993718354,-90026,4162
1688993718356,-90026,4162
1688993718358,-90026,4162
1688993718361,-90026,4162
1688993718363,-90026,4162
1688993718365,-90026,4162
1688993718366,-90026,4162
1688993718368,-90026,4162
1688993718369,-90026,4162
1688993718371,-90026,4162
1688993718373,-90026,4162
1688993718375,-90026,4162
1688993718376,-90026,4162
1688993718378,-90026,4162
1688993718380,-90026,4162
1688993718382,-90026,4162
1688993718383,-90026,4162
1688993718385,-90026,4162
1688993718387,-90026,4162
1688993718389,-90026,4162
1688993718392,-90026,4162
1688993718394,-90026,4162
1688993718396,-90026,4162
1688993718398,-90026,4162
1688993718400,-90026,4162
1688993718401,-90026,4162
1688993718403,-90026,4162
1688993718405,-90026,4162
1688993718407,-90026,4162
1688993718409,-90026,4162
1688993718411,-90026,4162
1688993718412,-90026,4162
1688993718414,-90026,4162
1688993718416,-90026,4162
1688993718418,-90026,4162
1688993718419,-90026,4162
1688993718421,-90026,4162
1688993718423,-90026,4162
1688993718425,-90026,4162
1688993718428,-90026,4162
1688993718429,-90026,4162
1688993718431,-90026,4162
1688993718433,-90026,4162
1688993718435,-90026,4162
1688993718436,-90026,4162
1688993718438,-90026,4162
1688993718439,-90026,4162
1688993718441,-90026,4162
1688993718443,-90026,4162
1688993718444,-90026,4162
1688993718446,-90026,4162
1688993718448,-90026,4162
1688993718449,-90026,4162
1688993718451,-90026,4162
1688993718452,-90026,4162
1688993718454,-90026,4162
1688993718455,-90026,4162
1688993718458,-90026,4162
1688993718460,-90026,4162
1688993718462,-90026,4162
1688993718463,-90026,4162
1688993718465,-90026,4162
1688993718467,-90026,4162
1688993718469,-90026,4162
1688993718470,-90026,4162
1688993718472,-90026,4162
1688993718474,-90026,4162
1688993718475,-90026,4162
1688993718477,-90026,4162
1688993718479,-90026,4162
1688993718481,-90026,4162
1688993718483,-90026,4162
1688993718485,-90026,4162
1688993718487,-90026,4162
1688993718489,-90026,4162
1688993718491,-90026,4162
1688993718494,-90026,4162
1688993718496,-90026,4162
1688993718497,-90026,4162
1688993718499,-90026,4162
1688993718501,-90026,4162
1688993718503,-90026,4162
1688993718505,-90026,4162
1688993718506,-90026,4162
1688993718508,-90026,4162
1688993718510,-90026,4162
1688993718512,-90026,4162
1688993718514,-90026,4162
1688993718515,-90026,4162
1688993718517,-90026,4162
1688993718519,-90026,4162
1688993718521,-90026,4162
1688993718523,-90026,4162
1688993718526,-90026,4162
1688993718528,-90026,4162
1688993718530,-90026,4162
1688993718531,-90026,4162
1688993718533,-90026,4162
1688993718535,-90026,4162
1688993718536,-90026,4162
1688993718538,-90026,4162
1688993718539,-90026,4162
1688993718541,-90026,4162
1688993718543,-90026,4162
1688993718545,-90026,4162
1688993718546,-90026,4162
1688993718548,-90026,4162
1688993718549,-90026,4162
1688993718551,-90026,4162
1688993718552,-90026,4162
1688993718554,-90026,4162
1688993718556,-90026,4162
1688993718560,-90026,4162
1688993718562,-90026,4162
1688993718564,-90026,4162
1688993718566,-90026,4162
1688993718567,-90026,4162
1688993718569,-90026,4162
1688993718570,-90026,4162
1688993718572,-90026,4162
1688993718573,-90026,4162
1688993718575,-90026,4162
1688993718577,-90026,4162
1688993718578,-90026,4162
1688993718580,-90026,4162
1688993718582,-90026,4162
1688993718584,-90026,4162
1688993718586,-90026,4162
1688993718587,-90026,4162
1688993718589,-90026,4162
1688993718592,-90026,4162
1688993718595,-90026,4162
1688993718596,-90026,4162
1688993718598,-90026,4162
1688993718599,-90026,4162
1688993718601,-90026,4162
1688993718603,-90026,4162
1688993718604,-90026,4162
1688993718606,-90026,4162
1688993718607,-90026,4162
1688993718609,-90026,4162
1688993718611,-90026,4162
1688993718612,-90026,4162
1688993718615,-90026,4162
1688993718616,-90026,4162
1688993718618,-90026,4162
1688993718620,-90026,4162
1688993718622,-90026,4162
1688993718624,-90026,4162
1688993718626,-90026,4162
1688993718628,-90026,4162
1688993718629,-90026,4162
1688993718631,-90026,4162
1688993718633,-90026,4162
1688993718634,-90026,4162
1688993718636,-90026,4162
1688993718637,-90026,4162
1688993718639,-90026,4162
1688993718641,-90026,4162
1688993718642,-90026,4162
1688993718644,-90026,4162
1688993718646,-90026,4162
1688993718648,-90026,4162
1688993718650,-90026,4162
1688993718651,-90026,4162
1688993718653,-90026,4162
1688993718655,-90026,4162
1688993718657,-90026,4162
1688993718659,-90026,4162
1688993718661,-90026,4162
1688993718664,-90026,4162
1688993718665,-90026,4162
1688993718667,-90026,4162
1688993718668,-90026,4162
1688993718669,-90026,4162
1688993718671,-90026,4162
1688993718672,-90026,4162
1688993718674,-90026,4162
1688993718675,-90026,4162
1688993718677,-90026,4162
1688993718679,-90026,4162
1688993718682,-90026,4162
1688993718684,-90026,4162
1688993718685,-90026,4162
1688993718687,-90026,4162
1688993718689,-90026,4162
1688993718691,-90026,4162
1688993718693,-90026,4162
1688993718694,-90026,4162
1688993718696,-90026,4162
1688993718698,-90026,4162
1688993718700,-90026,4162
1688993718701,-90026,4162
1688993718703,-90026,4162
1688993718704,-90026,4162
1688993718705,-90026,4162
1688993718707,-90026,4162
1688993718709,-90026,4162
1688993718711,-90026,4162
1688993718712,-90026,4162
1688993718714,-90026,4162
1688993718716,-90026,4162
1688993718717,-90026,4162
1688993718719,-90026,4162
1688993718721,-90026,4162
1688993718724,-90026,4162
1688993718726,-90026,4162
1688993718728,-90026,4162
1688993718730,-90026,4162
1688993718731,-90026,4162
1688993718732,-90026,4162
1688993718734,-90026,4162
1688993718736,-90026,4162
1688993718738,-90026,4162
1688993718740,-90026,4162
1688993718741,-90026,4162
1688993718743,-90026,4162
1688993718745,-90026,4162
1688993718746,-90026,4162
1688993718748,-90026,4162
1688993718750,-90026,4162
1688993718751,-90026,4162
1688993718753,-90026,4162
1688993718754,-90026,4162
1688993718756,-90026,4162
1688993718759,-90026,4162
1688993718761,-90026,4162
1688993718762,-90026,4162
1688993718764,-90026,4162
1688993718766,-90026,4162
1688993718767,-90026,4162
1688993718769,-90026,4162
1688993718770,-90026,4162
1688993718772,-90026,4162
1688993718774,-90026,4162
1688993718775,-90026,4162
1688993718777,-90026,4162
1688993718779,-90026,4162
1688993718781,-90026,4162
1688993718783,-90026,4162
1688993718785,-90026,4162
1688993718786,-90026,4162
1688993718788,-90026,4162
1688993718791,-90026,4162
1688993718794,-90026,4162
1688993718795,-90026,4162
1688993718797,-90026,4162
1688993718799,-90026,4162
1688993718801,-90026,4162
1688993718802,-90026,4162
1688993718804,-90026,4162
1688993718805,-90026,4162
1688993718807,-90026,4162
1688993718808,-90026,4162
1688993718810,-90026,4162
1688993718811,-90026,4162
1688993718813,-90026,4162
1688993718815,-90026,4162
1688993718816,-90026,4162
1688993718818,-90026,4162
1688993718820,-90026,4162
1688993718822,-90026,4162
1688993718824,-90026,4162
1688993718827,-90026,4162
1688993718828,-90026,4162
1688993718831,-90026,4162
1688993718832,-90026,4162
1688993718834,-90026,4162
1688993718836,-90026,4162
1688993718838,-90026,4162
1688993718839,-90026,4162
1688993718841,-90026,4162
1688993718842,-90026,4162
1688993718844,-90026,4162
1688993718846,-90026,4162
1688993718848,-90026,4162
1688993718850,-90026,4162
1688993718851,-90026,4162
1688993718853,-90026,4162
1688993718855,-90026,4162
1688993718860,-90026,4162
1688993718862,-90026,4162
1688993718864,-90026,4162
1688993718865,-90026,4162
1688993718867,-90026,4162
1688993718869,-90026,4162
1688993718870,-90026,4162
1688993718872,-90026,4162
1688993718874,-90026,4162
1688993718875,-90026,4162
1688993718878,-90026,4162
1688993718879,-90026,4162
1688993718881,-90026,4162
1688993718883,-90026,4162
1688993718885,-90026,4162
1688993718886,-90026,4162
1688993718888,-90026,4162
1688993718890,-90026,4162
1688993718892,-90026,4162
1688993718894,-90026,4162
1688993718896,-90026,4162
1688993718898,-90026,4162
1688993718900,-90026,4162
1688993718902,-90026,4162
1688993718903,-90026,4162
1688993718905,-90026,4162
1688993718907,-90026,4162
1688993718908,-90026,4162
1688993718910,-90026,4162
1688993718912,-90026,4162
1688993718915,-90026,4162
1688993718916,-90026,4162
1688993718918,-90026,4162
1688993718920,-90026,4162
1688993718922,-90026,4162
1688993718925,-90026,4162
1688993718928,-90026,4162
1688993718930,-90026,4162
1688993718931,-90026,4162
1688993718933,-90026,4162
1688993718935,-90026,4162
1688993718937,-90026,4162
1688993718939,-90026,4162
1688993718941,-90026,4162
1688993718942,-90026,4162
1688993718944,-90026,4162
1688993718946,-90026,4162
1688993718948,-90026,4162
1688993718950,-90026,4162
1688993718951,-90026,4162
1688993718953,-90026,4162
1688993718955,-90026,4162
1688993718959,-90026,4162
1688993718961,-90026,4162
1688993718963,-90026,4162
1688993718965,-90026,4162
1688993718966,-90026,4162
1688993718968,-90026,4162
1688993718970,-90026,4162
1688993718971,-90026,4162
1688993718973,-90026,4162
1688993718975,-90026,4162
1688993718977,-90026,4162
1688993718978,-90026,4162
1688993718980,-90026,4162
1688993718982,-90026,4162
1688993718984,-90026,4162
1688993718986,-90026,4162
1688993718988,-90026,4162
1688993718990,-90026,4162
1688993718992,-90026,4162
1688993718994,-90026,4162
1688993718996,-90026,4162
1688993718998,-90026,4162
1688993718999,-90026,4162
1688993719001,-90026,4162
1688993719003,-90026,4162
1688993719004,-90026,4162
1688993719006,-90026,4162
1688993719008,-90026,4162
1688993719009,-90026,4162
1688993719011,-90026,4162
1688993719012,-90026,4162
1688993719014,-90026,4162
1688993719016,-90026,4162
1688993719018,-90026,4162
1688993719019,-90026,4162
1688993719021,-90026,4162
1688993719023,-90026,4162
1688993719025,-90026,4162
1688993719027,-90026,4162
1688993719029,-90026,4162
1688993719030,-90026,4162
1688993719032,-90026,4162
1688993719033,-90026,4162
1688993719035,-90026,4162
1688993719036,-90026,4162
1688993719038,-90026,4162
1688993719040,-90026,4162
1688993719041,-90026,4162
1688993719043,-90026,4162
1688993719045,-90026,4162
1688993719046,-90026,4162
1688993719048,-90026,4162
1688993719050,-90026,4162
1688993719052,-90026,4162
1688993719054,-90026,4162
1688993719057,-90026,4162
1688993719059,-90026,4162
1688993719061,-90026,4162
1688993719063,-90026,4162
1688993719065,-90026,4162
1688993719067,-90026,4162
1688993719068,-90026,4162
1688993719070,-90026,4162
1688993719072,-90026,4162
1688993719075,-90026,4162
1688993719077,-90026,4162
1688993719078,-90026,4162
1688993719080,-90026,4162
1688993719082,-90026,4162
1688993719084,-90026,4162
1688993719085,-90026,4162
1688993719087,-90026,4162
1688993719088,-90026,4162
1688993719091,-90026,4162
1688993719093,-90026,4162
1688993719095,-90026,4162
1688993719096,-90026,4162
1688993719098,-90026,4162
1688993719099,-90026,4162
1688993719101,-90026,4162
1688993719102,-90026,4162
1688993719104,-90026,4162
1688993719106,-90026,4162
1688993719108,-90026,4162
1688993719109,-90026,4162
1688993719111,-90026,4162
1688993719113,-90026,4162
1688993719115,-90026,4162
1688993719117,-90026,4162
1688993719118,-90026,4162
1688993719120,-90026,4162
1688993719122,-90026,4162
1688993719124,-90026,4162
1688993719126,-90026,4162
1688993719128,-90026,4162
1688993719130,-90026,4162
1688993719132,-90026,4162
1688993719134,-90026,4162
1688993719136,-90026,4162
1688993719137,-90026,4162
1688993719139,-90026,4162
1688993719141,-90026,4162
1688993719142,-90026,4162
1688993719144,-90026,4162
1688993719146,-90026,4162
1688993719148,-90026,4162
1688993719149,-90026,4162
1688993719151,-90026,4162
1688993719153,-90026,4162
1688993719155,-90026,4162
1688993719157,-90026,4162
1688993719159,-90026,4162
1688993719161,-90026,4162
1688993719162,-90026,4162
1688993719164,-90026,4162
1688993719165,-90026,4162
1688993719167,-90026,4162
1688993719169,-90026,4162
1688993719170,-90026,4162
1688993719172,-90026,4162
1688993719174,-90026,4162
1688993719175,-90026,4162
1688993719177,-90026,4162
1688993719179,-90026,4162
1688993719181,-90026,4162
1688993719182,-90026,4162
1688993719184,-90026,4162
1688993719185,-90026,4162
1688993719187,-90026,4162
1688993719189,-90026,4162
1688993719191,-90026,4162
1688993719193,-90026,4162
1688993719195,-90026,4162
1688993719197,-90026,4162
1688993719199,-90026,4162
1688993719201,-90026,4162
1688993719202,-90026,4162
1688993719204,-90026,4162
1688993719205,-90026,4162
1688993719207,-90026,4162
1688993719209,-90026,4162
1688993719210,-90026,4162
1688993719212,-90026,4162
1688993719214,-90026,4162
1688993719216,-90026,4162
1688993719217,-90026,4162
1688993719219,-90026,4162
1688993719220,-90026,4162
1688993719222,-90026,4162
1688993719224,-90026,4162
1688993719226,-90026,4162
1688993719228,-90026,4162
1688993719230,-90026,4162
1688993719232,-90026,4162
1688993719233,-90026,4162
1688993719235,-90026,4162
1688993719237,-90026,4162
1688993719238,-90026,4162
1688993719239,-90026,4162
1688993719241,-90026,4162
1688993719242,-90026,4162
1688993719244,-90026,4162
1688993719246,-90026,4162
1688993719249,-90026,4162
1688993719251,-90026,4162
1688993719253,-90026,4162
1688993719254,-90026,4162
1688993719256,-90026,4162
1688993719258,-90026,4162
1688993719262,-90026,4162
1688993719264,-90026,4162
1688993719266,-90026,4162
1688993719267,-90026,4162
1688993719269,-90026,4162
1688993719271,-90026,4162
1688993719272,-90026,4162
1688993719274,-90026,4162
1688993719276,-90026,4162
1688993719277,-90026,4162
1688993719279,-90026,4162
1688993719281,-90026,4162
1688993719282,-90026,4162
1688993719284,-90026,4162
1688993719285,-90026,4162
1688993719286,-90026,4162
1688993719288,-90026,4162
1688993719290,-90026,4162
1688993719292,-90026,4162
1688993719294,-90026,4162
1688993719296,-90026,4162
1688993719297,-90026,4162
1688993719299,-90026,4162
1688993719301,-90026,4162
1688993719302,-90026,4162
1688993719304,-90026,4162
1688993719306,-90026,4162
1688993719307,-90026,4162
1688993719309,-90026,4162
1688993719311,-90026,4162
1688993719313,-90026,4162
1688993719315,-90026,4162
1688993719316,-90026,4162
1688993719318,-90026,4162
1688993719319,-90026,4162
1688993719321,-90026,4162
1688993719323,-90026,4162
1688993719325,-90026,4162
1688993719328,-90026,4162
1688993719330,-90026,4162
1688993719333,-90026,4162
1688993719335,-90026,4162
1688993719336,-90026,4162
1688993719338,-90026,4162
1688993719339,-90026,4162
1688993719341,-90026,4162
1688993719342,-90026,4162
1688993719344,-90026,4162
1688993719345,-90026,4162
1688993719347,-90026,4162
1688993719349,-90026,4162
1688993719351,-90026,4162
1688993719353,-90026,4162
1688993719354,-90026,4162
1688993719356,-90026,4162
1688993719358,-90026,4162
1688993719360,-90026,4162
1688993719361,-90026,4162
1688993719363,-90026,4162
1688993719365,-90026,4162
1688993719366,-90026,4162
1688993719368,-90026,4162
1688993719370,-90026,4162
1688993719371,-90026,4162
1688993719373,-90026,4162
1688993719375,-90026,4162
1688993719376,-90026,4162
1688993719378,-90026,4162
1688993719379,-90026,4162
1688993719381,-90026,4162
1688993719383,-90026,4162
1688993719385,-90026,4162
1688993719386,-90026,4162
1688993719388,-90026,4162
1688993719390,-90026,4162
1688993719392,-90026,4162
1688993719395,-90026,4162
1688993719397,-90026,4162
1688993719398,-90026,4162
1688993719400,-90026,4162
1688993719401,-90026,4162
1688993719402,-90026,4162
1688993719404,-90026,4162
1688993719405,-90026,4162
1688993719407,-90026,4162
1688993719410,-90026,4162
1688993719411,-90026,4162
1688993719413,-90026,4162
1688993719415,-90026,4162
1688993719416,-90026,4162
1688993719418,-90026,4162
1688993719419,-90026,4162
1688993719421,-90026,4162
1688993719423,-90026,4162
1688993719425,-90026,4162
1688993719427,-90026,4162
1688993719429,-90026,4162
1688993719431,-90026,4162
1688993719432,-90026,4162
1688993719434,-90026,4162
1688993719435,-90026,4162
1688993719437,-90026,4162
1688993719439,-90026,4162
1688993719440,-90026,4162
1688993719442,-90026,4162
1688993719443,-90026,4162
1688993719445,-90026,4162
1688993719447,-90026,4162
1688993719449,-90026,4162
1688993719450,-90026,4162
1688993719452,-90026,4162
1688993719454,-90026,4162
1688993719455,-90026,4162
1688993719458,-90026,4162
1688993719460,-90026,4162
1688993719462,-90026,4162
1688993719463,-90026,4162
1688993719465,-90026,4162
1688993719467,-90026,4162
1688993719469,-90026,4162
1688993719471,-90026,4162
1688993719472,-90026,4162
1688993719474,-90026,4162
1688993719475,-90026,4162
1688993719477,-90026,4162
1688993719479,-90026,4162
1688993719481,-90026,4162
1688993719483,-90026,4162
1688993719484,-90026,4162
1688993719485,-90026,4162
1688993719487,-90026,4162
1688993719490,-90026,4162
1688993719492,-90026,4162
1688993719494,-90026,4162
1688993719496,-90026,4162
1688993719497,-90026,4162
1688993719499,-90026,4162
1688993719501,-90026,4162
1688993719502,-90026,4162
1688993719503,-90026,4162
1688993719505,-90026,4162
1688993719506,-90026,4162
1688993719508,-90026,4162
1688993719509,-90026,4162
1688993719511,-90026,4162
1688993719513,-90026,4162
1688993719515,-90026,4162
1688993719517,-90026,4162
1688993719518,-90026,4162
1688993719520,-90026,4162
1688993719522,-90026,4162
1688993719526,-90026,4162
1688993719529,-90026,4162
1688993719530,-90026,4162
1688993719532,-90026,4162
1688993719534,-90026,4162
1688993719535,-90026,4162
1688993719537,-90026,4162
1688993719538,-90026,4162
1688993719540,-90026,4162
1688993719542,-90026,4162
1688993719543,-90026,4162
1688993719544,-90026,4162
1688993719546,-90026,4162
1688993719548,-90026,4162
1688993719550,-90026,4162
1688993719552,-90026,4162
1688993719553,-90026,4162
1688993719554,-90026,4162
1688993719556,-90026,4162
1688993719558,-90026,4162
1688993719561,-90026,4162
1688993719565,-90026,4162
1688993719567,-90026,4162
1688993719569,-90026,4162
1688993719571,-90026,4162
1688993719573,-90026,4162
1688993719574,-90026,4162
1688993719576,-90026,4162
1688993719577,-90026,4162
1688993719579,-90026,4162
1688993719581,-90026,4162
1688993719583,-90026,4162
1688993719584,-90026,4162
1688993719586,-90026,4162
1688993719588,-90026,4162
1688993719591,-90026,4162
1688993719593,-90026,4162
1688993719594,-90026,4162
1688993719596,-90026,4162
1688993719598,-90026,4162
1688993719599,-90026,4162
1688993719601,-90026,4162
1688993719602,-90026,4162
1688993719604,-90026,4162
1688993719606,-90026,4162
1688993719608,-90026,4162
1688993719609,-90026,4162
1688993719611,-90026,4162
1688993719612,-90026,4162
1688993719614,-90026,4162
1688993719616,-90026,4162
1688993719618,-90026,4162
1688993719619,-90026,4162
1688993719621,-90026,4162
1688993719623,-90026,4162
1688993719625,-90026,4162
1688993719627,-90026,4162
1688993719629,-90026,4162
1688993719631,-90026,4162
1688993719632,-90026,4162
1688993719634,-90026,4162
1688993719636,-90026,4162
1688993719637,-90026,4162
1688993719639,-90026,4162
1688993719641,-90026,4162
1688993719642,-90026,4162
1688993719644,-90026,4162
1688993719646,-90026,4162
1688993719648,-90026,4162
1688993719650,-90026,4162
1688993719652,-90026,4162
1688993719653,-90026,4162
1688993719655,-90026,4162
1688993719657,-90026,4162
1688993719660,-90026,4162
1688993719662,-90026,4162
1688993719664,-90026,4162
1688993719667,-90026,4162
1688993719669,-90026,4162
1688993719671,-90026,4162
1688993719672,-90026,4162
1688993719674,-90026,4162
1688993719676,-90026,4162
1688993719678,-90026,4162
1688993719680,-90026,4162
1688993719682,-90026,4162
1688993719684,-90026,4162
1688993719685,-90026,4162
1688993719687,-90026,4162
1688993719690,-90026,4162
1688993719692,-90026,4162
1688993719694,-90026,4162
1688993719697,-90026,4162
1688993719698,-90026,4162
1688993719700,-90026,4162
1688993719702,-90026,4162
1688993719703,-90026,4162
1688993719705,-90026,4162
1688993719707,-90026,4162
1688993719708,-90026,4162
1688993719710,-90026,4162
1688993719712,-90026,4162
1688993719713,-90026,4162
1688993719715,-90026,4162
1688993719717,-90026,4162
1688993719719,-90026,4162
1688993719721,-90026,4162
1688993719723,-90026,4162
1688993719725,-90026,4162
1688993719727,-90026,4162
1688993719729,-90026,4162
1688993719731,-90026,4162
1688993719733,-90026,4162
1688993719734,-90026,4162
1688993719735,-90026,4162
1688993719737,-90026,4162
1688993719738,-90026,4162
1688993719740,-90026,4162
1688993719741,-90026,4162
1688993719743,-90026,4162
1688993719745,-90026,4162
1688993719747,-90026,4162
1688993719748,-90026,4162
1688993719750,-90026,4162
1688993719752,-90026,4162
1688993719753,-90026,4162
1688993719755,-90026,4162
1688993719757,-90026,4162
1688993719759,-90026,4162
1688993719761,-90026,4162
1688993719763,-90026,4162
1688993719765,-90026,4162
1688993719766,-90026,4162
1688993719768,-90026,4162
1688993719769,-90026,4162
1688993719771,-90026,4162
1688993719772,-90026,4162
1688993719774,-90026,4162
1688993719775,-90026,4162
1688993719777,-90026,4162
1688993719778,-90026,4162
1688993719780,-90026,4162
1688993719782,-90026,4162
1688993719784,-90026,4162
1688993719785,-90026,4162
1688993719787,-90026,4162
1688993719789,-90026,4162
1688993719791,-90026,4162
1688993719793,-90026,4162
1688993719795,-90026,4162
1688993719797,-90026,4162
1688993719798,-90026,4162
1688993719799,-90026,4162
1688993719801,-90026,4162
1688993719802,-90026,4162
1688993719805,-90026,4162
1688993719811,-90026,4162
1688993719812,-90026,4162
1688993719814,-90026,4162
1688993719816,-90026,4162
1688993719818,-90026,4162
1688993719820,-90026,4162
1688993719821,-90026,4162
1688993719824,-90026,4162
1688993719826,-90026,4162
1688993719828,-90026,4162
1688993719833,-90026,4162
1688993719835,-90026,4162
1688993719837,-90026,4162
1688993719838,-90026,4162
1688993719840,-90026,4162
1688993719841,-90026,4162
1688993719844,-90026,4162
1688993719845,-90026,4162
1688993719848,-90026,4162
1688993719850,-90026,4162
1688993719851,-90026,4162
1688993719853,-90026,4162
1688993719855,-90026,4162
1688993719857,-90026,4162
1688993719860,-90026,4162
1688993719862,-90026,4162
1688993719864,-90026,4162
1688993719866,-90026,4162
1688993719867,-90026,4162
1688993719869,-90026,4162
1688993719870,-90026,4162
1688993719872,-90026,4162
1688993719873,-90026,4162
1688993719875,-90026,4162
1688993719877,-90026,4162
1688993719878,-90026,4162
1688993719880,-90026,4162
1688993719882,-90026,4162
1688993719884,-90026,4162
1688993719885,-90026,4162
1688993719887,-90026,4162
1688993719888,-90026,4162
1688993719891,-90026,4162
1688993719893,-90026,4162
1688993719895,-90026,4162
1688993719896,-90026,4162
1688993719898,-90026,4162
1688993719899,-90026,4162
1688993719901,-90026,4162
1688993719903,-90026,4162
1688993719904,-90026,4162
1688993719906,-90026,4162
1688993719907,-90026,4162
1688993719909,-90026,4162
1688993719910,-90026,4162
1688993719912,-90026,4162
1688993719914,-90026,4162
1688993719915,-90026,4162
1688993719917,-90026,4162
1688993719919,-90026,4162
1688993719920,-90026,4162
1688993719922,-90026,4162
1688993719925,-90026,4162
1688993719928,-90026,4162
1688993719930,-90026,4162
1688993719931,-90026,4162
1688993719932,-90026,4162
1688993719934,-90026,4162
1688993719935,-90026,4162
1688993719937,-90026,4162
1688993719939,-90026,4162
1688993719940,-90026,4162
1688993719942,-90026,4162
1688993719944,-90026,4162
1688993719945,-90026,4162
1688993719947,-90026,4162
1688993719949,-90026,4162
1688993719951,-90026,4162
1688993719952,-90026,4162
1688993719954,-90026,4162
1688993719955,-90026,4162
1688993719958,-90026,4162
1688993719959,-90026,4162
1688993719962,-90026,4162
1688993719963,-90026,4162
1688993719965,-90026,4162
1688993719967,-90026,4162
1688993719968,-90026,4162
1688993719970,-90026,4162
1688993719971,-90026,4162
1688993719972,-90026,4162
1688993719974,-90026,4162
1688993719976,-90026,4162
1688993719978,-90026,4162
1688993719979,-90026,4162
1688993719982,-90026,4162
1688993719983,-90026,4162
1688993719985,-90026,4162
1688993719987,-90026,4162
1688993719989,-90026,4162
1688993719991,-90026,4162
1688993719993,-90026,4162
1688993719995,-90026,4162
1688993719997,-90026,4162
1688993719999,-90026,4162
1688993720001,-90026,4162
1688993720003,-90026,4162
1688993720005,-90026,4162
1688993720006,-90026,4162
1688993720008,-90026,4162
1688993720010,-90026,4162
1688993720012,-90026,4162
1688993720014,-90026,4162
1688993720016,-90026,4162
1688993720018,-90026,4162
1688993720019,-90026,4162
1688993720021,-90026,4162
1688993720024,-90026,4162
1688993720026,-90026,4162
1688993720028,-90026,4162
1688993720029,-90026,4162
1688993720031,-90026,4162
1688993720032,-90026,4162
1688993720034,-90026,4162
1688993720036,-90026,4162
1688993720037,-90026,4162
1688993720039,-90026,4162
1688993720041,-90026,4162
1688993720043,-90026,4162
1688993720045,-90026,4162
1688993720046,-90026,4162
1688993720048,-90026,4162
1688993720050,-90026,4162
1688993720052,-90026,4162
1688993720054,-90026,4162
1688993720055,-90026,4162
1688993720061,-90026,4162
1688993720062,-90026,4162
1688993720064,-90026,4162
1688993720066,-90026,4162
1688993720068,-90026,4162
1688993720069,-90026,4162
1688993720071,-90026,4162
1688993720072,-90026,4162
1688993720074,-90026,4162
1688993720075,-90026,4162
1688993720077,-90026,4162
1688993720080,-90026,4162
1688993720082,-90026,4162
1688993720084,-90026,4162
1688993720085,-90026,4162
1688993720087,-90026,4162
1688993720088,-90026,4162
1688993720091,-90026,4162
1688993720093,-90026,4162
1688993720095,-90026,4162
1688993720096,-90026,4162
1688993720098,-90026,4162
1688993720100,-90026,4162
1688993720102,-90026,4162
1688993720103,-90026,4162
1688993720105,-90026,4162
1688993720107,-90026,4162
1688993720108,-90026,4162
1688993720110,-90026,4162
1688993720112,-90026,4162
1688993720114,-90026,4162
1688993720115,-90026,4162
1688993720117,-90026,4162
1688993720119,-90026,4162
1688993720123,-90026,4162
1688993720125,-90026,4162
1688993720128,-90026,4162
1688993720130,-90026,4162
1688993720132,-90026,4162
1688993720134,-90026,4162
1688993720135,-90026,4162
1688993720137,-90026,4162
1688993720139,-90026,4162
1688993720141,-90026,4162
1688993720142,-90026,4162
1688993720144,-90026,4162
1688993720146,-90026,4162
1688993720148,-90026,4162
1688993720150,-90026,4162
1688993720151,-90026,4162
1688993720152,-90026,4162
1688993720154,-90026,4162
1688993720155,-90026,4162
1688993720158,-90026,4162
1688993720160,-90026,4162
1688993720162,-90026,4162
1688993720164,-90026,4162
1688993720166,-90026,4162
1688993720167,-90026,4162
1688993720169,-90026,4162
1688993720170,-90026,4162
1688993720172,-90026,4162
1688993720173,-90026,4162
1688993720175,-90026,4162
1688993720176,-90026,4162
1688993720179,-90026,4162
1688993720181,-90026,4162
1688993720183,-90026,4162
1688993720184,-90026,4162
1688993720186,-90026,4162
1688993720188,-90026,4162
1688993720190,-90026,4162
1688993720194,-90026,4162
1688993720196,-90026,4162
1688993720198,-90026,4162
1688993720199,-90026,4162
1688993720201,-90026,4162
1688993720202,-90026,4162
1688993720204,-90026,4162
1688993720205,-90026,4162
1688993720207,-90026,4162
1688993720209,-90026,4162
1688993720211,-90026,4162
1688993720212,-90026,4162
1688993720214,-90026,4162
1688993720215,-90026,4162
1688993720218,-90026,4162
1688993720219,-90026,4162
1688993720221,-90026,4162
1688993720223,-90026,4162
1688993720226,-90026,4162
1688993720228,-90026,4162
1688993720230,-90026,4162
1688993720231,-90026,4162
1688993720233,-90026,4162
1688993720235,-90026,4162
1688993720237,-90026,4162
1688993720239,-90026,4162
1688993720240,-90026,4162
1688993720242,-90026,4162
1688993720243,-90026,4162
1688993720245,-90026,4162
1688993720247,-90026,4162
1688993720249,-90026,4162
1688993720251,-90026,4162
1688993720252,-90026,4162
1688993720254,-90026,4162
1688993720257,-90026,4162
1688993720260,-90026,4162
1688993720262,-90026,4162
1688993720264,-90026,4162
1688993720265,-90026,4162
1688993720267,-90026,4162
1688993720269,-90026,4162
1688993720270,-90026,4162
1688993720272,-90026,4162
1688993720274,-90026,4162
1688993720275,-90026,4162
1688993720277,-90026,4162
1688993720279,-90026,4162
1688993720281,-90026,4162
1688993720282,-90026,4162
1688993720284,-90026,4162
1688993720286,-90026,4162
1688993720287,-90026,4162
1688993720289,-90026,4162
1688993720292,-90026,4162
1688993720294,-90026,4162
1688993720297,-90026,4162
1688993720299,-90026,4162
1688993720300,-90026,4162
1688993720302,-90026,4162
1688993720303,-90026,4162
1688993720305,-90026,4162
1688993720307,-90026,4162
1688993720308,-90026,4162
1688993720310,-90026,4162
1688993720312,-90026,4162
1688993720314,-90026,4162
1688993720316,-90026,4162
1688993720318,-90026,4162
1688993720319,-90026,4162
1688993720321,-90026,4162
1688993720323,-90026,4162
1688993720326,-90026,4162
1688993720328,-90026,4162
1688993720330,-90026,4162
1688993720331,-90026,4162
1688993720333,-90026,4162
1688993720335,-90026,4162
1688993720337,-90026,4162
1688993720339,-90026,4162
1688993720341,-90026,4162
1688993720342,-90026,4162
1688993720344,-90026,4162
1688993720346,-90026,4162
1688993720348,-90026,4162
1688993720350,-90026,4162
1688993720351,-90026,4162
1688993720353,-90026,4162
1688993720355,-90026,4162
1688993720358,-90026,4162
1688993720360,-90026,4162
1688993720362,-90026,4162
1688993720364,-90026,4162
1688993720366,-90026,4162
1688993720367,-90026,4162
1688993720369,-90026,4162
1688993720371,-90026,4162
1688993720373,-90026,4162
1688993720375,-90026,4162
1688993720376,-90026,4162
1688993720378,-90026,4162
1688993720380,-90026,4162
1688993720382,-90026,4162
1688993720384,-90026,4162
1688993720386,-90026,4162
1688993720387,-90026,4162
1688993720389,-90026,4162
1688993720392,-90026,4162
1688993720394,-90026,4162
1688993720396,-90026,4162
1688993720398,-90026,4162
1688993720400,-90026,4162
1688993720401,-90026,4162
1688993720403,-90026,4162
1688993720404,-90026,4162
1688993720406,-90026,4162
1688993720408,-90026,4162
1688993720409,-90026,4162
1688993720411,-90026,4162
1688993720412,-90026,4162
1688993720414,-90026,4162
1688993720417,-90026,4162
1688993720419,-90026,4162
1688993720423,-90026,4162
1688993720427,-90026,4162
1688993720429,-90026,4162
1688993720431,-90026,4162
1688993720433,-90026,4162
1688993720435,-90026,4162
1688993720438,-90026,4162
1688993720440,-90026,4162
1688993720442,-90026,4162
1688993720444,-90026,4162
1688993720445,-90026,4162
1688993720447,-90026,4162
1688993720450,-90026,4162
1688993720452,-90026,4162
1688993720455,-90026,4162
1688993720457,-90026,4162
1688993720459,-90026,4162
1688993720461,-90026,4162
1688993720463,-90026,4162
1688993720465,-90026,4162
1688993720466,-90026,4162
1688993720468,-90026,4162
1688993720469,-90026,4162
1688993720471,-90026,4162
1688993720472,-90026,4162
1688993720475,-90026,4162
1688993720476,-90026,4162
1688993720478,-90026,4162
1688993720480,-90026,4162
1688993720481,-90026,4162
1688993720483,-90026,4162
1688993720484,-90026,4162
1688993720486,-90026,4162
1688993720487,-90026,4162
1688993720489,-90026,4162
1688993720491,-90026,4162
1688993720493,-90026,4162
1688993720495,-90026,4162
1688993720496,-90026,4162
1688993720498,-90026,4162
1688993720501,-90026,4162
1688993720502,-90026,4162
1688993720504,-90026,4162
1688993720505,-90026,4162
1688993720507,-90026,4162
1688993720509,-90026,4162
1688993720510,-90026,4162
1688993720512,-90026,4162
1688993720514,-90026,4162
1688993720516,-90026,4162
1688993720518,-90026,4162
1688993720520,-90026,4162
1688993720521,-90026,4162
1688993720523,-90026,4162
1688993720525,-90026,4162
1688993720528,-90026,4162
1688993720530,-90026,4162
1688993720532,-90026,4162
1688993720534,-90026,4162
1688993720536,-90026,4162
1688993720538,-90026,4162
1688993720539,-90026,4162
1688993720541,-90026,4162
1688993720543,-90026,4162
1688993720544,-90026,4162
1688993720545,-90026,4162
1688993720547,-90026,4162
1688993720549,-90026,4162
1688993720551,-90026,4162
1688993720553,-90026,4162
1688993720555,-90026,4162
1688993720557,-90026,4162
1688993720559,-90026,4162
1688993720561,-90026,4162
1688993720562,-90026,4162
1688993720564,-90026,4162
1688993720566,-90026,4162
1688993720567,-90026,4162
1688993720569,-90026,4162
1688993720571,-90026,4162
1688993720573,-90026,4162
1688993720574,-90026,4162
1688993720576,-90026,4162
1688993720578,-90026,4162
1688993720580,-90026,4162
1688993720581,-90026,4162
1688993720583,-90026,4162
1688993720585,-90026,4162
1688993720586,-90026,4162
1688993720588,-90026,4162
1688993720590,-90026,4162
1688993720592,-90026,4162
1688993720595,-90026,4162
1688993720597,-90026,4162
1688993720599,-90026,4162
1688993720601,-90026,4162
1688993720602,-90026,4162
1688993720603,-90026,4162
1688993720605,-90026,4162
1688993720606,-90026,4162
1688993720608,-90026,4162
1688993720609,-90026,4162
1688993720611,-90026,4162
1688993720613,-90026,4162
1688993720615,-90026,4162
1688993720617,-90026,4162
1688993720618,-90026,4162
1688993720621,-90026,4162
1688993720622,-90026,4162
1688993720625,-90026,4162
1688993720626,-90026,4162
1688993720628,-90026,4162
1688993720630,-90026,4162
1688993720632,-90026,4162
1688993720633,-90026,4162
1688993720635,-90026,4162
1688993720637,-90026,4162
1688993720638,-90026,4162
1688993720640,-90026,4162
1688993720642,-90026,4162
1688993720644,-90026,4162
1688993720645,-90026,4162
1688993720648,-90026,4162
1688993720650,-90026,4162
1688993720652,-90026,4162
1688993720654,-90026,4162
1688993720655,-90026,4162
1688993720658,-90026,4162
1688993720661,-90026,4162
1688993720662,-90026,4162
1688993720664,-90026,4162
1688993720666,-90026,4162
1688993720668,-90026,4162
1688993720670,-90026,4162
1688993720672,-90026,4162
1688993720673,-90026,4162
1688993720675,-90026,4162
1688993720677,-90026,4162
1688993720678,-90026,4162
1688993720680,-90026,4162
1688993720682,-90026,4162
1688993720684,-90026,4162
1688993720685,-90026,4162
1688993720687,-90026,4162
1688993720689,-90026,4162
1688993720691,-90026,4162
1688993720693,-90026,4162
1688993720695,-90026,4162
1688993720697,-90026,4162
1688993720699,-90026,4162
1688993720700,-90026,4162
1688993720702,-90026,4162
1688993720704,-90026,4162
1688993720705,-90026,4162
1688993720707,-90026,4162
1688993720709,-90026,4162
1688993720711,-90026,4162
1688993720713,-90026,4162
1688993720715,-90026,4162
1688993720717,-90026,4162
1688993720719,-90026,4162
1688993720721,-90026,4162
1688993720722,-90026,4162
1688993720725,-90026,4162
1688993720727,-90026,4162
1688993720729,-90026,4162
1688993720732,-90026,4162
1688993720734,-90026,4162
1688993720736,-90026,4162
1688993720738,-90026,4162
1688993720739,-90026,4162
1688993720741,-90026,4162
1688993720743,-90026,4162
1688993720745,-90026,4162
1688993720746,-90026,4162
1688993720749,-90026,4162
1688993720751,-90026,4162
1688993720752,-90026,4162
1688993720754,-90026,4162
1688993720756,-90026,4162
1688993720759,-90026,4162
1688993720761,-90026,4162
1688993720762,-90026,4162
1688993720764,-90026,4162
1688993720766,-90026,4162
1688993720768,-90026,4162
1688993720769,-90026,4162
1688993720771,-90026,4162
1688993720772,-90026,4162
1688993720774,-90026,4162
1688993720776,-90026,4162
1688993720778,-90026,4162
1688993720779,-90026,4162
1688993720781,-90026,4162
1688993720783,-90026,4162
1688993720784,-90026,4162
1688993720786,-90026,4162
1688993720787,-90026,4162
1688993720790,-90026,4162
1688993720794,-90026,4162
1688993720796,-90026,4162
1688993720797,-90026,4162
1688993720799,-90026,4162
1688993720801,-90026,4162
1688993720802,-90026,4162
1688993720804,-90026,4162
1688993720806,-90026,4162
1688993720808,-90026,4162
1688993720809,-90026,4162
1688993720811,-90026,4162
1688993720813,-90026,4162
1688993720815,-90026,4162
1688993720816,-90026,4162
1688993720818,-90026,4162
1688993720819,-90026,4162
1688993720821,-90026,4162
1688993720823,-90026,4162
1688993720827,-90026,4162
1688993720829,-90026,4162
1688993720831,-90026,4162
1688993720832,-90026,4162
1688993720834,-90026,4162
1688993720836,-90026,4162
1688993720837,-90026,4162
1688993720839,-90026,4162
1688993720840,-90026,4162
1688993720842,-90026,4162
1688993720843,-90026,4162
1688993720845,-90026,4162
1688993720848,-90026,4162
1688993720849,-90026,4162
1688993720851,-90026,4162
1688993720853,-90026,4162
1688993720854,-90026,4162
1688993720857,-90026,4162
1688993720860,-90026,4162
1688993720862,-90026,4162
1688993720864,-90026,4162
1688993720866,-90026,4162
1688993720868,-90026,4162
1688993720870,-90026,4162
1688993720872,-90026,4162
1688993720874,-90026,4162
1688993720875,-90026,4162
1688993720877,-90026,4162
1688993720879,-90026,4162
1688993720881,-90026,4162
1688993720882,-90026,4162
1688993720884,-90026,4162
1688993720885,-90026,4162
1688993720888,-90026,4162
1688993720890,-90026,4162
1688993720893,-90026,4162
1688993720895,-90026,4162
1688993720897,-90026,4162
1688993720899,-90026,4162
1688993720901,-90026,4162
1688993720902,-90026,4162
1688993720904,-90026,4162
1688993720906,-90026,4162
1688993720908,-90026,4162
1688993720910,-90026,4162
1688993720911,-90026,4162
1688993720913,-90026,4162
1688993720915,-90026,4162
1688993720917,-90026,4162
1688993720919,-90026,4162
1688993720920,-90026,4162
1688993720922,-90026,4162
1688993720924,-90026,4162
1688993720926,-90026,4162
1688993720929,-90026,4162
1688993720931,-90026,4162
1688993720932,-90026,4162
1688993720934,-90026,4162
1688993720935,-90026,4162
1688993720937,-90026,4162
1688993720939,-90026,4162
1688993720941,-90026,4162
1688993720943,-90026,4162
1688993720945,-90026,4162
1688993720947,-90026,4162
1688993720948,-90026,4162
1688993720950,-90026,4162
1688993720952,-90026,4162
1688993720954,-90026,4162
1688993720956,-90026,4162
1688993720958,-90026,4162
1688993720960,-90026,4162
1688993720962,-90026,4162
1688993720964,-90026,4162
1688993720966,-90026,4162
1688993720968,-90026,4162
1688993720969,-90026,4162
1688993720971,-90026,4162
1688993720972,-90026,4162
1688993720974,-90026,4162
1688993720976,-90026,4162
1688993720977,-90026,4162
1688993720979,-90026,4162
1688993720981,-90026,4162
1688993720982,-90026,4162
1688993720984,-90026,4162
1688993720986,-90026,4162
1688993720988,-90026,4162
1688993720990,-90026,4162
1688993720994,-90026,4162
1688993720996,-90026,4162
1688993720997,-90026,4162
1688993720999,-90026,4162
1688993721001,-90026,4162
1688993721002,-90026,4162
1688993721004,-90026,4162
1688993721006,-90026,4162
1688993721008,-90026,4162
1688993721010,-90026,4162
1688993721011,-90026,4162
1688993721012,-90026,4162
1688993721015,-90026,4162
1688993721016,-90026,4162
1688993721018,-90026,4162
1688993721019,-90026,4162
1688993721021,-90026,4162
1688993721022,-90026,4162
1688993721025,-90026,4162
1688993721027,-90026,4162
1688993721029,-90026,4162
1688993721031,-90026,4162
1688993721032,-90026,4162
1688993721035,-90026,4162
1688993721037,-90026,4162
1688993721038,-90026,4162
1688993721040,-90026,4162
1688993721042,-90026,4162
1688993721043,-90026,4162
1688993721045,-90026,4162
1688993721047,-90026,4162
1688993721049,-90026,4162
1688993721051,-90026,4162
1688993721053,-90026,4162
1688993721054,-90026,4162
1688993721056,-90026,4162
1688993721058,-90026,4162
1688993721060,-90026,4162
1688993721062,-90026,4162
1688993721064,-90026,4162
1688993721066,-90026,4162
1688993721068,-90026,4162
1688993721069,-90026,4162
1688993721071,-90026,4162
1688993721072,-90026,4162
1688993721074,-90026,4162
1688993721076,-90026,4162
1688993721077,-90026,4162
1688993721079,-90026,4162
1688993721081,-90026,4162
1688993721082,-90026,4162
1688993721085,-90026,4162
1688993721086,-90026,4162
1688993721088,-90026,4162
1688993721090,-90026,4162
1688993721092,-90026,4162
1688993721094,-90026,4162
1688993721096,-90026,4162
1688993721097,-90026,4162
1688993721099,-90026,4162
1688993721100,-90026,4162
1688993721102,-90026,4162
1688993721104,-90026,4162
1688993721105,-90026,4162
1688993721107,-90026,4162
1688993721109,-90026,4162
1688993721111,-90026,4162
1688993721112,-90026,4162
1688993721115,-90026,4162
1688993721117,-90026,4162
1688993721118,-90026,4162
1688993721120,-90026,4162
1688993721121,-90026,4162
1688993721124,-90026,4162
1688993721127,-90026,4162
1688993721129,-90026,4162
1688993721131,-90026,4162
1688993721132,-90026,4162
1688993721134,-90026,4162
1688993721135,-90026,4162
1688993721137,-90026,4162
1688993721139,-90026,4162
1688993721141,-90026,4162
1688993721143,-90026,4162
1688993721145,-90026,4162
1688993721147,-90026,4162
1688993721149,-90026,4162
1688993721150,-90026,4162
1688993721152,-90026,4162
1688993721153,-90026,4162
1688993721155,-90026,4162
1688993721158,-90026,4162
1688993721160,-90026,4162
1688993721161,-90026,4162
1688993721163,-90026,4162
1688993721164,-90026,4162
1688993721166,-90026,4162
1688993721168,-90026,4162
1688993721169,-90026,4162
1688993721171,-90026,4162
1688993721172,-90026,4162
1688993721174,-90026,4162
1688993721175,-90026,4162
1688993721177,-90026,4162
1688993721178,-90026,4162
1688993721181,-90026,4162
1688993721183,-90026,4162
1688993721185,-90026,4162
1688993721186,-90026,4162
1688993721188,-90026,4162
1688993721190,-90026,4162
1688993721193,-90026,4162
1688993721195,-90026,4162
1688993721198,-90026,4162
1688993721200,-514370,4162
1688993721202,-514370,4162
1688993721204,-514370,4162
1688993721205,-514370,4162
1688993721207,-514370,4162
1688993721209,-514370,4162
1688993721210,-514370,4162
1688993721211,-514370,4162
1688993721213,-514370,4162
1688993721215,-514370,4162
1688993721217,-514370,4162
1688993721218,-514370,4162
1688993721220,-514370,4162
1688993721221,-514370,4162
1688993721224,-514370,4162
1688993721225,-514370,4162
1688993721228,-514370,4162
1688993721229,-514370,4162
1688993721231,-514370,4162
1688993721232,-514370,4162
1688993721234,-514370,4162
1688993721235,-514370,4162
1688993721237,-514370,4162
1688993721238,-514370,4162
1688993721240,-514370,4162
1688993721242,-514370,4162
1688993721243,-514370,4162
1688993721245,-514370,4162
1688993721247,-514370,4162
1688993721249,-514370,4162
1688993721250,-514370,4162
1688993721252,-514370,4162
1688993721253,-514370,4162
1688993721255,-514370,4162
1688993721257,-514370,4162
1688993721259,-514370,4162
1688993721262,-514370,4162
1688993721264,-514370,4162
1688993721265,-514370,4162
1688993721267,-514370,4162
1688993721268,-514370,4162
1688993721270,-514370,4162
1688993721271,-514370,4162
1688993721273,-514370,4162
1688993721274,-514370,4162
1688993721276,-514370,4162
1688993721277,-514370,4162
1688993721279,-514370,4162
1688993721281,-514370,4162
1688993721283,-514370,4162
1688993721285,-514370,4162
1688993721287,-514370,4162
1688993721288,-514370,4162
1688993721290,-514370,4162
1688993721292,-514370,4162
1688993721294,-514370,4162
1688993721296,-514370,4162
1688993721297,-514370,4162
1688993721299,-514370,4162
1688993721301,-514370,4162
1688993721302,-514370,4162
1688993721304,-514370,4162
1688993721306,-514370,4162
1688993721307,-514370,4162
1688993721309,-514370,4162
1688993721311,-514370,4162
1688993721312,-514370,4162
1688993721314,-514370,4162
1688993721316,-514370,4162
1688993721318,-514370,4162
1688993721320,-514370,4162
1688993721323,-514370,4162
1688993721325,-514370,4162
1688993721327,-514370,4162
1688993721329,-514370,4162
1688993721330,-514370,4162
1688993721332,-514370,4162
1688993721334,-514370,4162
1688993721335,-514370,4162
1688993721337,-514370,4162
1688993721338,-514370,4162
1688993721340,-514370,4162
1688993721342,-514370,4162
1688993721344,-514370,4162
1688993721346,-514370,4162
1688993721348,-514370,4162
1688993721349,-514370,4162
1688993721351,-514370,4162
1688993721353,-514370,4162
1688993721354,-514370,4162
1688993721356,-514370,4162
1688993721358,-514370,4162
1688993721360,-514370,4162
1688993721362,-514370,4162
1688993721364,-514370,4162
1688993721365,-514370,4162
1688993721367,-514370,4162
1688993721368,-514370,4162
1688993721370,-514370,4162
1688993721372,-514370,4162
1688993721373,-514370,4162
1688993721375,-514370,4162
1688993721377,-514370,4162
1688993721378,-514370,4162
1688993721381,-514370,4162
1688993721382,-514370,4162
1688993721384,-514370,4162
1688993721386,-514370,4162
1688993721388,-514370,4162
1688993721390,-514370,4162
1688993721393,-514370,4162
1688993721395,-514370,4162
1688993721398,-514370,4162
1688993721400,-514370,4162
1688993721402,-514370,4162
1688993721404,-514370,4162
1688993721405,-514370,4162
1688993721407,-514370,4162
1688993721409,-514370,4162
1688993721410,-514370,4162
1688993721412,-514370,4162
1688993721413,-514370,4162
1688993721415,-514370,4162
1688993721417,-514370,4162
1688993721418,-514370,4162
1688993721420,-514370,4162
1688993721422,-514370,4162
1688993721425,-514370,4162
1688993721427,-514370,4162
1688993721428,-514370,4162
1688993721430,-514370,4162
1688993721432,-514370,4162
1688993721434,-514370,4162
1688993721436,-514370,4162
1688993721438,-514370,4162
1688993721439,-514370,4162
1688993721441,-514370,4162
1688993721443,-514370,4162
1688993721444,-514370,4162
1688993721446,-514370,4162
1688993721448,-514370,4162
1688993721449,-514370,4162
1688993721451,-514370,4162
1688993721452,-514370,4162
1688993721454,-514370,4162
1688993721456,-514370,4162
1688993721458,-514370,4162
1688993721461,-514370,4162
1688993721462,-514370,4162
1688993721464,-514370,4162
1688993721465,-514370,4162
1688993721467,-514370,4162
1688993721468,-514370,4162
1688993721470,-514370,4162
1688993721471,-514370,4162
1688993721473,-514370,4162
1688993721474,-514370,4162
1688993721476,-514370,4162
1688993721478,-514370,4162
1688993721480,-514370,4162
1688993721482,-514370,4162
1688993721483,-514370,4162
1688993721485,-514370,4162
1688993721486,-514370,4162
1688993721488,-514370,4162
1688993721490,-514370,4162
1688993721492,-514370,4162
1688993721494,-514370,4162
1688993721496,-514370,4162
1688993721497,-514370,4162
1688993721499,-514370,4162
1688993721501,-514370,4162
1688993721502,-514370,4162
1688993721504,-514370,4162
1688993721505,-514370,4162
1688993721508,-514370,4162
1688993721510,-514370,4162
1688993721512,-514370,4162
1688993721514,-514370,4162
1688993721515,-514370,4162
1688993721518,-514370,4162
1688993721520,-514370,4162
1688993721521,-514370,4162
1688993721524,-514370,4162
1688993721526,-514370,4162
1688993721528,-514370,4162
1688993721530,-514370,4162
1688993721531,-514370,4162
1688993721533,-514370,4162
1688993721534,-514370,4162
1688993721536,-514370,4162
1688993721538,-514370,4162
1688993721540,-514370,4162
1688993721542,-514370,4162
1688993721544,-514370,4162
1688993721545,-514370,4162
1688993721547,-514370,4162
1688993721549,-514370,4162
1688993721551,-514370,4162
1688993721552,-514370,4162
1688993721554,-514370,4162
1688993721556,-514370,4162
1688993721558,-514370,4162
1688993721560,-514370,4162
1688993721562,-514370,4162
1688993721564,-514370,4162
1688993721565,-514370,4162
1688993721567,-514370,4162
1688993721568,-514370,4162
1688993721570,-514370,4162
1688993721571,-514370,4162
1688993721573,-514370,4162
1688993721574,-514370,4162
1688993721576,-514370,4162
1688993721578,-514370,4162
1688993721579,-514370,4162
1688993721581,-514370,4162
1688993721583,-514370,4162
1688993721585,-514370,4162
1688993721586,-514370,4162
1688993721588,-514370,4162
1688993721590,-514370,4162
1688993721594,-514370,4162
1688993721596,-514370,4162
1688993721598,-514370,4162
1688993721600,-514370,4162
1688993721601,-514370,4162
1688993721603,-514370,4162
1688993721605,-514370,4162
1688993721607,-514370,4162
1688993721609,-514370,4162
1688993721610,-514370,4162
1688993721612,-514370,4162
1688993721614,-514370,4162
1688993721617,-514370,4162
1688993721618,-514370,4162
1688993721620,-514370,4162
1688993721621,-514370,4162
1688993721623,-514370,4162
1688993721625,-514370,4162
1688993721629,-514370,4162
1688993721631,-514370,4162
1688993721632,-514370,4162
1688993721634,-514370,4162
1688993721636,-514370,4162
1688993721638,-514370,4162
1688993721639,-514370,4162
1688993721641,-514370,4162
1688993721643,-514370,4162
1688993721645,-514370,4162
1688993721646,-514370,4162
1688993721648,-514370,4162
1688993721650,-514370,4162
1688993721652,-514370,4162
1688993721654,-514370,4162
1688993721656,-514370,4162
1688993721658,-514370,4162
1688993721660,-514370,4162
1688993721662,-514370,4162
1688993721664,-514370,4162
1688993721666,-514370,4162
1688993721667,-514370,4162
1688993721669,-514370,4162
1688993721671,-514370,4162
1688993721672,-514370,4162
1688993721674,-514370,4162
1688993721676,-514370,4162
1688993721678,-514370,4162
1688993721680,-514370,4162
1688993721681,-514370,4162
1688993721683,-514370,4162
1688993721684,-514370,4162
1688993721686,-514370,4162
1688993721688,-514370,4162
1688993721690,-514370,4162
1688993721692,-514370,4162
1688993721694,-514370,4162
1688993721696,-514370,4162
1688993721698,-514370,4162
1688993721699,-514370,4162
1688993721701,-514370,4162
1688993721702,-514370,4162
1688993721704,-514370,4162
1688993721705,-514370,4162
1688993721707,-514370,4162
1688993721708,-514370,4162
1688993721710,-514370,4162
1688993721711,-514370,4162
1688993721713,-514370,4162
1688993721716,-514370,4162
1688993721717,-514370,4162
1688993721719,-514370,4162
1688993721721,-514370,4162
1688993721723,-514370,4162
1688993721725,-514370,4162
1688993721727,-514370,4162
1688993721729,-514370,4162
1688993721731,-514370,4162
1688993721733,-514370,4162
1688993721735,-514370,4162
1688993721737,-514370,4162
1688993721738,-514370,4162
1688993721740,-514370,4162
1688993721741,-514370,4162
1688993721743,-514370,4162
1688993721744,-514370,4162
1688993721746,-514370,4162
1688993721747,-514370,4162
1688993721749,-514370,4162
1688993721751,-514370,4162
1688993721753,-514370,4162
1688993721755,-514370,4162
1688993721757,-514370,4162
1688993721759,-514370,4162
1688993721761,-514370,4162
1688993721763,-514370,4162
1688993721765,-514370,4162
1688993721766,-514370,4162
1688993721768,-514370,4162
1688993721770,-514370,4162
1688993721772,-514370,4162
1688993721773,-514370,4162
1688993721775,-514370,4162
1688993721777,-514370,4162
1688993721779,-514370,4162
1688993721781,-514370,4162
1688993721783,-514370,4162
1688993721785,-514370,4162
1688993721786,-514370,4162
1688993721788,-514370,4162
1688993721790,-514370,4162
1688993721792,-514370,4162
1688993721795,-514370,4162
1688993721796,-514370,4162
1688993721798,-514370,4162
1688993721799,-514370,4162
1688993721801,-514370,4162
1688993721802,-514370,4162
1688993721804,-514370,4162
1688993721805,-514370,4162
1688993721807,-514370,4162
1688993721809,-514370,4162
1688993721810,-514370,4162
1688993721812,-514370,4162
1688993721814,-514370,4162
1688993721816,-514370,4162
1688993721818,-514370,4162
1688993721819,-514370,4162
1688993721821,-514370,4162
1688993721823,-514370,4162
1688993721825,-514370,4162
1688993721827,-514370,4162
1688993721829,-514370,4162
1688993721831,-514370,4162
1688993721833,-514370,4162
1688993721834,-514370,4162
1688993721836,-514370,4162
1688993721837,-514370,4162
1688993721839,-514370,4162
1688993721840,-514370,4162
1688993721842,-514370,4162
1688993721843,-514370,4162
1688993721845,-514370,4162
1688993721847,-514370,4162
1688993721848,-514370,4162
1688993721850,-514370,4162
1688993721852,-514370,4162
1688993721854,-514370,4162
1688993721856,-514370,4162
1688993721858,-514370,4162
1688993721861,-514370,4162
1688993721862,-514370,4162
1688993721864,-514370,4162
1688993721866,-514370,4162
1688993721868,-514370,4162
1688993721869,-514370,4162
1688993721871,-514370,4162
1688993721873,-514370,4162
1688993721874,-514370,4162
1688993721876,-514370,4162
1688993721878,-514370,4162
1688993721879,-514370,4162
1688993721881,-514370,4162
1688993721883,-514370,4162
1688993721884,-514370,4162
1688993721886,-514370,4162
1688993721887,-514370,4162
1688993721889,-514370,4162
1688993721892,-514370,4162
1688993721894,-514370,4162
1688993721895,-514370,4162
1688993721897,-514370,4162
1688993721898,-514370,4162
1688993721900,-514370,4162
1688993721902,-514370,4162
1688993721903,-514370,4162
1688993721905,-514370,4162
1688993721906,-514370,4162
1688993721908,-514370,4162
1688993721909,-514370,4162
1688993721911,-514370,4162
1688993721913,-514370,4162
1688993721915,-514370,4162
1688993721917,-514370,4162
1688993721918,-514370,4162
1688993721920,-514370,4162
1688993721921,-514370,4162
1688993721923,-514370,4162
1688993721925,-514370,4162
1688993721928,-514370,4162
1688993721929,-514370,4162
1688993721931,-514370,4162
1688993721933,-514370,4162
1688993721935,-514370,4162
1688993721936,-514370,4162
1688993721938,-514370,4162
1688993721939,-514370,4162
1688993721941,-514370,4162
1688993721943,-514370,4162
1688993721945,-514370,4162
1688993721946,-514370,4162
1688993721948,-514370,4162
1688993721950,-514370,4162
1688993721951,-514370,4162
1688993721953,-514370,4162
1688993721955,-514370,4162
1688993721958,-514370,4162
1688993721959,-514370,4162
1688993721961,-514370,4162
1688993721963,-514370,4162
1688993721964,-514370,4162
1688993721966,-514370,4162
1688993721967,-514370,4162
1688993721969,-514370,4162
1688993721971,-514370,4162
1688993721973,-514370,4162
1688993721974,-514370,4162
1688993721976,-514370,4162
1688993721978,-514370,4162
1688993721980,-514370,4162
1688993721982,-514370,4162
1688993721983,-514370,4162
1688993721985,-514370,4162
1688993721987,-514370,4162
1688993721989,-514370,4162
1688993721992,-514370,4162
1688993721994,-514370,4162
1688993721996,-514370,4162
1688993721998,-514370,4162
1688993721999,-514370,4162
1688993722001,-514370,4162
1688993722002,-514370,4162
1688993722004,-514370,4162
1688993722006,-514370,4162
1688993722008,-514370,4162
1688993722010,-514370,4162
1688993722012,-514370,4162
1688993722014,-514370,4162
1688993722015,-514370,4162
1688993722017,-514370,4162
1688993722019,-514370,4162
1688993722020,-514370,4162
1688993722022,-514370,4162
1688993722024,-514370,4162
1688993722026,-514370,4162
1688993722028,-514370,4162
1688993722030,-514370,4162
1688993722031,-514370,4162
1688993722033,-514370,4162
1688993722034,-514370,4162
1688993722036,-514370,4162
1688993722037,-514370,4162
1688993722039,-514370,4162
1688993722041,-514370,4162
1688993722042,-514370,4162
1688993722044,-514370,4162
1688993722046,-514370,4162
1688993722048,-514370,4162
1688993722049,-514370,4162
1688993722051,-514370,4162
1688993722053,-514370,4162
1688993722054,-514370,4162
1688993722056,-514370,4162
1688993722059,-514370,4162
1688993722061,-514370,4162
1688993722062,-514370,4162
1688993722064,-514370,4162
1688993722066,-514370,4162
1688993722068,-514370,4162
1688993722069,-514370,4162
1688993722071,-514370,4162
1688993722072,-514370,4162
1688993722074,-514370,4162
1688993722075,-514370,4162
1688993722077,-514370,4162
1688993722079,-514370,4162
1688993722081,-514370,4162
1688993722082,-514370,4162
1688993722084,-514370,4162
1688993722086,-514370,4162
1688993722088,-514370,4162
1688993722093,-514370,4162
1688993722095,-514370,4162
1688993722097,-514370,4162
1688993722098,-514370,4162
1688993722100,-514370,4162
1688993722102,-514370,4162
1688993722104,-514370,4162
1688993722105,-514370,4162
1688993722107,-514370,4162
1688993722109,-514370,4162
1688993722111,-514370,4162
1688993722113,-514370,4162
1688993722115,-514370,4162
1688993722116,-514370,4162
1688993722118,-514370,4162
1688993722119,-514370,4162
1688993722123,-514370,4162
1688993722125,-514370,4162
1688993722128,-514370,4162
1688993722130,-514370,4162
1688993722132,-514370,4162
1688993722134,-514370,4162
1688993722136,-514370,4162
1688993722137,-514370,4162
1688993722139,-514370,4162
1688993722141,-514370,4162
1688993722142,-514370,4162
1688993722144,-514370,4162
1688993722145,-514370,4162
1688993722148,-514370,4162
1688993722150,-514370,4162
1688993722151,-514370,4162
1688993722153,-514370,4162
1688993722154,-514370,4162
1688993722156,-514370,4162
1688993722159,-514370,4162
1688993722161,-514370,4162
1688993722162,-514370,4162
1688993722164,-514370,4162
1688993722166,-514370,4162
1688993722168,-514370,4162
1688993722169,-514370,4162
1688993722171,-514370,4162
1688993722172,-514370,4162
1688993722174,-514370,4162
1688993722176,-514370,4162
1688993722177,-514370,4162
1688993722179,-514370,4162
1688993722181,-514370,4162
1688993722183,-514370,4162
1688993722184,-514370,4162
1688993722186,-514370,4162
1688993722188,-514370,4162
1688993722190,-514370,4162
1688993722192,-514370,4162
1688993722195,-514370,4162
1688993722196,-514370,4162
1688993722198,-514370,4162
1688993722199,-514370,4162
1688993722201,-514370,4162
1688993722202,-514370,4162
1688993722204,-514370,4162
1688993722206,-514370,4162
1688993722208,-514370,4162
1688993722210,-514370,4162
1688993722211,-514370,4162
1688993722213,-514370,4162
1688993722215,-514370,4162
1688993722216,-514370,4162
1688993722218,-514370,4162
1688993722219,-514370,4162
1688993722221,-514370,4162
1688993722223,-514370,4162
1688993722225,-514370,4162
1688993722228,-514370,4162
1688993722229,-514370,4162
1688993722231,-514370,4162
1688993722233,-514370,4162
1688993722234,-514370,4162
1688993722236,-514370,4162
1688993722238,-514370,4162
1688993722239,-514370,4162
1688993722241,-514370,4162
1688993722243,-514370,4162
1688993722245,-514370,4162
1688993722248,-514370,4162
1688993722249,-514370,4162
1688993722251,-514370,4162
1688993722253,-514370,4162
1688993722254,-514370,4162
1688993722257,-514370,4162
1688993722259,-514370,4162
1688993722261,-514370,4162
1688993722263,-514370,4162
1688993722265,-514370,4162
1688993722267,-514370,4162
1688993722269,-514370,4162
1688993722270,-514370,4162
1688993722272,-514370,4162
1688993722273,-514370,4162
1688993722275,-514370,4162
1688993722277,-514370,4162
1688993722278,-514370,4162
1688993722281,-514370,4162
1688993722282,-514370,4162
1688993722284,-514370,4162
1688993722286,-514370,4162
1688993722288,-514370,4162
1688993722290,-514370,4162
1688993722292,-514370,4162
1688993722294,-514370,4162
1688993722296,-514370,4162
1688993722297,-514370,4162
1688993722299,-514370,4162
1688993722301,-514370,4162
1688993722302,-514370,4162
1688993722304,-514370,4162
1688993722305,-514370,4162
1688993722307,-514370,4162
1688993722309,-514370,4162
1688993722311,-514370,4162
1688993722312,-514370,4162
1688993722315,-514370,4162
1688993722316,-514370,4162
1688993722318,-514370,4162
1688993722319,-514370,4162
1688993722321,-514370,4162
1688993722323,-514370,4162
1688993722326,-514370,4162
1688993722328,-514370,4162
1688993722330,-514370,4162
1688993722332,-514370,4162
1688993722333,-514370,4162
1688993722335,-514370,4162
1688993722336,-514370,4162
1688993722338,-514370,4162
1688993722340,-514370,4162
1688993722341,-514370,4162
1688993722343,-514370,4162
1688993722345,-514370,4162
1688993722347,-514370,4162
1688993722348,-514370,4162
1688993722350,-514370,4162
1688993722351,-514370,4162
1688993722352,-514370,4162
1688993722354,-514370,4162
1688993722356,-514370,4162
1688993722358,-514370,4162
1688993722360,-514370,4162
1688993722362,-514370,4162
1688993722364,-514370,4162
1688993722366,-514370,4162
1688993722368,-514370,4162
1688993722369,-514370,4162
1688993722371,-514370,4162
1688993722372,-514370,4162
1688993722374,-514370,4162
1688993722375,-514370,4162
1688993722377,-514370,4162
1688993722380,-514370,4162
1688993722382,-514370,4162
1688993722384,-514370,4162
1688993722386,-514370,4162
1688993722388,-514370,4162
1688993722390,-514370,4162
1688993722392,-514370,4162
1688993722395,-514370,4162
1688993722396,-514370,4162
1688993722398,-514370,4162
1688993722400,-514370,4162
1688993722401,-514370,4162
1688993722403,-514370,4162
1688993722405,-514370,4162
1688993722407,-514370,4162
1688993722409,-514370,4162
1688993722410,-514370,4162
1688993722412,-514370,4162
1688993722414,-514370,4162
1688993722416,-514370,4162
1688993722417,-514370,4162
1688993722419,-514370,4162
1688993722421,-514370,4162
1688993722423,-514370,4162
1688993722425,-514370,4162
1688993722427,-514370,4162
1688993722429,-514370,4162
1688993722431,-514370,4162
1688993722432,-514370,4162
1688993722434,-514370,4162
1688993722436,-514370,4162
1688993722437,-514370,4162
1688993722439,-514370,4162
1688993722441,-514370,4162
1688993722442,-514370,4162
1688993722444,-514370,4162
1688993722446,-514370,4162
1688993722448,-514370,4162
1688993722449,-514370,4162
1688993722451,-514370,4162
1688993722452,-514370,4162
1688993722455,-514370,4162
1688993722457,-514370,4162
1688993722459,-514370,4162
1688993722461,-514370,4162
1688993722463,-514370,4162
1688993722465,-514370,4162
1688993722467,-514370,4162
1688993722469,-514370,4162
1688993722470,-514370,4162
1688993722472,-514370,4162
1688993722474,-514370,4162
1688993722475,-514370,4162
1688993722477,-514370,4162
1688993722479,-514370,4162
1688993722481,-514370,4162
1688993722483,-514370,4162
1688993722485,-514370,4162
1688993722489,-514370,4162
1688993722491,-514370,4162
1688993722494,-514370,4162
1688993722495,-514370,4162
1688993722497,-514370,4162
1688993722499,-514370,4162
1688993722501,-514370,4162
1688993722503,-514370,4162
1688993722505,-514370,4162
1688993722506,-514370,4162
1688993722508,-514370,4162
1688993722509,-514370,4162
1688993722511,-514370,4162
1688993722512,-514370,4162
1688993722515,-514370,4162
1688993722516,-514370,4162
1688993722518,-514370,4162
1688993722520,-514370,4162
1688993722521,-514370,4162
1688993722524,-514370,4162
1688993722526,-514370,4162
1688993722528,-514370,4162
1688993722530,-514370,4162
1688993722532,-514370,4162
1688993722533,-514370,4162
1688993722535,-514370,4162
1688993722536,-514370,4162
1688993722538,-514370,4162
1688993722539,-514370,4162
1688993722542,-514370,4162
1688993722543,-514370,4162
1688993722545,-514370,4162
1688993722547,-514370,4162
1688993722549,-514370,4162
1688993722551,-514370,4162
1688993722552,-514370,4162
1688993722554,-514370,4162
1688993722556,-514370,4162
1688993722559,-514370,4162
1688993722561,-514370,4162
1688993722563,-514370,4162
1688993722565,-514370,4162
1688993722566,-514370,4162
1688993722568,-514370,4162
1688993722569,-514370,4162
1688993722571,-514370,4162
1688993722572,-514370,4162
1688993722574,-514370,4162
1688993722575,-514370,4162
1688993722577,-514370,4162
1688993722579,-514370,4162
1688993722581,-514370,4162
1688993722583,-514370,4162
1688993722585,-514370,4162
1688993722587,-514370,4162
1688993722589,-514370,4162
1688993722591,-514370,4162
1688993722593,-514370,4162
1688993722595,-514370,4162
1688993722597,-514370,4162
1688993722599,-514370,4162
1688993722601,-514370,4162
1688993722604,-514370,4162
1688993722605,-514370,4162
1688993722607,-514370,4162
1688993722608,-514370,4162
1688993722610,-514370,4162
1688993722611,-514370,4162
1688993722612,-514370,4162
1688993722615,-514370,4162
1688993722616,-514370,4162
1688993722618,-514370,4162
1688993722620,-514370,4162
1688993722622,-514370,4162
1688993722624,-514370,4162
1688993722627,-514370,4162
1688993722628,-514370,4162
1688993722630,-514370,4162
1688993722632,-514370,4162
1688993722634,-514370,4162
1688993722636,-514370,4162
1688993722637,-514370,4162
1688993722639,-514370,4162
1688993722641,-514370,4162
1688993722643,-514370,4162
1688993722645,-514370,4162
1688993722646,-514370,4162
1688993722648,-514370,4162
1688993722650,-514370,4162
1688993722652,-514370,4162
1688993722653,-514370,4162
1688993722655,-514370,4162
1688993722657,-514370,4162
1688993722659,-514370,4162
1688993722661,-514370,4162
1688993722663,-514370,4162
1688993722665,-514370,4162
1688993722666,-514370,4162
1688993722667,-514370,4162
1688993722669,-514370,4162
1688993722671,-514370,4162
1688993722673,-514370,4162
1688993722675,-514370,4162
1688993722676,-514370,4162
1688993722678,-514370,4162
1688993722679,-514370,4162
1688993722682,-514370,4162
1688993722683,-514370,4162
1688993722685,-514370,4162
1688993722690,-514370,4162
1688993722693,-514370,4162
1688993722695,-514370,4162
1688993722697,-514370,4162
1688993722699,-514370,4162
1688993722701,-514370,4162
1688993722703,-514370,4162
1688993722705,-514370,4162
1688993722706,-514370,4162
1688993722709,-514370,4162
1688993722710,-514370,4162
1688993722712,-514370,4162
1688993722715,-514370,4162
1688993722716,-514370,4162
1688993722718,-514370,4162
1688993722720,-514370,4162
1688993722721,-514370,4162
1688993722723,-514370,4162
1688993722725,-514370,4162
1688993722728,-514370,4162
1688993722730,-514370,4162
1688993722731,-514370,4162
1688993722732,-514370,4162
1688993722734,-514370,4162
1688993722735,-514370,4162
1688993722737,-514370,4162
1688993722739,-514370,4162
1688993722740,-514370,4162
1688993722742,-514370,4162
1688993722743,-514370,4162
1688993722744,-514370,4162
1688993722746,-514370,4162
1688993722747,-514370,4162
1688993722749,-514370,4162
1688993722750,-514370,4162
1688993722752,-514370,4162
1688993722754,-514370,4162
1688993722755,-514370,4162
1688993722758,-514370,4162
1688993722760,-514370,4162
1688993722762,-514370,4162
1688993722764,-514370,4162
1688993722765,-514370,4162
1688993722767,-514370,4162
1688993722768,-514370,4162
1688993722770,-514370,4162
1688993722771,-514370,4162
1688993722773,-514370,4162
1688993722775,-514370,4162
1688993722776,-514370,4162
1688993722778,-514370,4162
1688993722781,-514370,4162
1688993722782,-514370,4162
1688993722784,-514370,4162
1688993722785,-514370,4162
1688993722787,-514370,4162
1688993722788,-514370,4162
1688993722790,-514370,4162
1688993722792,-514370,4162
1688993722794,-514370,4162
1688993722796,-514370,4162
1688993722798,-514370,4162
1688993722800,-514370,4162
1688993722801,-514370,4162
1688993722802,-514370,4162
1688993722804,-514370,4162
1688993722806,-514370,4162
1688993722807,-514370,4162
1688993722809,-514370,4162
1688993722810,-514370,4162
1688993722812,-514370,4162
1688993722815,-514370,4162
1688993722816,-514370,4162
1688993722818,-514370,4162
1688993722820,-514370,4162
1688993722821,-514370,4162
1688993722824,-514370,4162
1688993722826,-514370,4162
1688993722828,-514370,4162
1688993722830,-514370,4162
1688993722832,-514370,4162
1688993722833,-514370,4162
1688993722835,-514370,4162
1688993722837,-514370,4162
1688993722839,-514370,4162
1688993722840,-514370,4162
1688993722842,-514370,4162
1688993722843,-514370,4162
1688993722845,-514370,4162
1688993722847,-514370,4162
1688993722848,-514370,4162
1688993722850,-514370,4162
1688993722851,-514370,4162
1688993722853,-514370,4162
1688993722854,-514370,4162
1688993722857,-514370,4162
1688993722859,-514370,4162
1688993722861,-514370,4162
1688993722863,-514370,4162
1688993722864,-514370,4162
1688993722866,-514370,4162
1688993722867,-514370,4162
1688993722869,-514370,4162
1688993722871,-514370,4162
1688993722872,-514370,4162
1688993722874,-514370,4162
1688993722876,-514370,4162
1688993722877,-514370,4162
1688993722879,-514370,4162
1688993722881,-514370,4162
1688993722882,-514370,4162
1688993722884,-514370,4162
1688993722885,-514370,4162
1688993722887,-514370,4162
1688993722889,-514370,4162
1688993722891,-514370,4162
1688993722892,-514370,4162
1688993722895,-514370,4162
1688993722897,-514370,4162
1688993722898,-514370,4162
1688993722900,-514370,4162
1688993722902,-514370,4162
1688993722903,-514370,4162
1688993722905,-514370,4162
1688993722906,-514370,4162
1688993722908,-514370,4162
1688993722909,-514370,4162
1688993722911,-514370,4162
1688993722913,-514370,4162
1688993722915,-514370,4162
1688993722917,-514370,4162
1688993722919,-514370,4162
1688993722921,-514370,4162
1688993722923,-514370,4162
1688993722925,-514370,4162
1688993722928,-514370,4162
1688993722930,-514370,4162
1688993722931,-514370,4162
1688993722933,-514370,4162
1688993722935,-514370,4162
1688993722937,-514370,4162
1688993722939,-514370,4162
1688993722941,-514370,4162
1688993722943,-514370,4162
1688993722945,-514370,4162
1688993722946,-514370,4162
1688993722948,-514370,4162
1688993722950,-514370,4162
1688993722951,-514370,4162
1688993722953,-514370,4162
1688993722955,-514370,4162
1688993722957,-514370,4162
1688993722959,-514370,4162
1688993722961,-514370,4162
1688993722962,-514370,4162
1688993722964,-514370,4162
1688993722966,-514370,4162
1688993722967,-514370,4162
1688993722969,-514370,4162
1688993722970,-514370,4162
1688993722972,-514370,4162
1688993722974,-514370,4162
1688993722976,-514370,4162
1688993722977,-514370,4162
1688993722979,-514370,4162
1688993722981,-514370,4162
1688993722982,-514370,4162
1688993722984,-514370,4162
1688993722986,-514370,4162
1688993722987,-514370,4162
1688993722990,-514370,4162
1688993722992,-514370,4162
1688993722994,-514370,4162
1688993722999,-514370,4162
1688993723001,-514370,4162
1688993723002,-514370,4162
1688993723004,-514370,4162
1688993723005,-514370,4162
1688993723007,-514370,4162
1688993723009,-514370,4162
1688993723011,-514370,4162
1688993723013,-514370,4162
1688993723016,-514370,4162
1688993723017,-514370,4162
1688993723019,-514370,4162
1688993723022,-514370,4162
1688993723025,-514370,4162
1688993723027,-514370,4162
1688993723028,-514370,4162
1688993723030,-514370,4162
1688993723032,-514370,4162
1688993723033,-514370,4162
1688993723035,-514370,4162
1688993723037,-514370,4162
1688993723039,-514370,4162
1688993723040,-514370,4162
1688993723042,-514370,4162
1688993723044,-514370,4162
1688993723045,-514370,4162
1688993723047,-514370,4162
1688993723049,-514370,4162
1688993723051,-514370,4162
1688993723053,-514370,4162
1688993723055,-514370,4162
1688993723057,-514370,4162
1688993723059,-514370,4162
1688993723061,-514370,4162
1688993723063,-514370,4162
1688993723065,-514370,4162
1688993723066,-514370,4162
1688993723068,-514370,4162
1688993723069,-514370,4162
1688993723071,-514370,4162
1688993723073,-514370,4162
1688993723075,-514370,4162
1688993723076,-514370,4162
1688993723078,-514370,4162
1688993723080,-514370,4162
1688993723082,-514370,4162
1688993723083,-514370,4162
1688993723085,-514370,4162
1688993723086,-514370,4162
1688993723087,-514370,4162
1688993723089,-514370,4162
1688993723092,-514370,4162
1688993723094,-514370,4162
1688993723096,-514370,4162
1688993723098,-514370,4162
1688993723099,-514370,4162
1688993723101,-514370,4162
1688993723102,-514370,4162
1688993723104,-514370,4162
1688993723105,-514370,4162
1688993723107,-514370,4162
1688993723108,-514370,4162
1688993723110,-514370,4162
1688993723112,-514370,4162
1688993723114,-514370,4162
1688993723115,-514370,4162
1688993723117,-514370,4162
1688993723119,-514370,4162
1688993723121,-514370,4162
1688993723123,-514370,4162
1688993723126,-514370,4162
1688993723128,-514370,4162
1688993723130,-514370,4162
1688993723132,-514370,4162
1688993723134,-514370,4162
1688993723135,-514370,4162
1688993723137,-514370,4162
1688993723138,-514370,4162
1688993723140,-514370,4162
1688993723141,-514370,4162
1688993723143,-514370,4162
1688993723144,-514370,4162
1688993723146,-514370,4162
1688993723148,-514370,4162
1688993723149,-514370,4162
1688993723151,-514370,4162
1688993723153,-514370,4162
1688993723155,-514370,4162
1688993723157,-514370,4162
1688993723159,-514370,4162
1688993723161,-514370,4162
1688993723163,-514370,4162
1688993723164,-514370,4162
1688993723166,-514370,4162
1688993723168,-514370,4162
1688993723169,-514370,4162
1688993723171,-514370,4162
1688993723173,-514370,4162
1688993723175,-514370,4162
1688993723176,-514370,4162
1688993723178,-514370,4162
1688993723179,-514370,4162
1688993723181,-514370,4162
1688993723183,-514370,4162
1688993723185,-514370,4162
1688993723186,-514370,4162
1688993723188,-514370,4162
1688993723190,-514370,4162
1688993723193,-514370,4162
1688993723195,-514370,4162
1688993723197,-514370,4162
1688993723198,-514370,4162
1688993723199,-514370,4162
1688993723201,-514370,4162
1688993723202,-514370,4162
1688993723204,-514370,4162
1688993723205,-514370,4162
1688993723207,-514370,4162
1688993723209,-514370,4162
1688993723211,-514370,4162
1688993723212,-514370,4162
1688993723215,-514370,4162
1688993723216,-514370,4162
1688993723218,-514370,4162
1688993723219,-514370,4162
1688993723221,-514370,4162
1688993723223,-514370,4162
1688993723225,-514370,4162
1688993723227,-514370,4162
1688993723229,-514370,4162
1688993723231,-514370,4162
1688993723233,-514370,4162
1688993723235,-514370,4162
1688993723236,-514370,4162
1688993723238,-514370,4162
1688993723239,-514370,4162
1688993723241,-514370,4162
1688993723242,-514370,4162
1688993723244,-514370,4162
1688993723245,-514370,4162
1688993723247,-514370,4162
1688993723249,-514370,4162
1688993723251,-514370,4162
1688993723253,-514370,4162
1688993723254,-514370,4162
1688993723256,-514370,4162
1688993723258,-514370,4162
1688993723260,-514370,4162
1688993723262,-514370,4162
1688993723264,-514370,4162
1688993723265,-514370,4162
1688993723267,-514370,4162
1688993723269,-514370,4162
1688993723271,-514370,4162
1688993723273,-514370,4162
1688993723275,-514370,4162
1688993723276,-514370,4162
1688993723278,-514370,4162
1688993723279,-514370,4162
1688993723281,-514370,4162
1688993723283,-514370,4162
1688993723284,-514370,4162
1688993723286,-514370,4162
1688993723287,-514370,4162
1688993723290,-514370,4162
1688993723292,-514370,4162
1688993723294,-514370,4162
1688993723295,-514370,4162
1688993723297,-514370,4162
1688993723299,-514370,4162
1688993723300,-514370,4162
1688993723302,-514370,4162
1688993723305,-514370,4162
1688993723306,-514370,4162
1688993723308,-514370,4162
1688993723310,-514370,4162
1688993723311,-514370,4162
1688993723313,-514370,4162
1688993723315,-514370,4162
1688993723317,-514370,4162
1688993723318,-514370,4162
1688993723319,-514370,4162
1688993723321,-514370,4162
1688993723326,-514370,4162
1688993723329,-514370,4162
1688993723331,-514370,4162
1688993723332,-514370,4162
1688993723334,-514370,4162
1688993723336,-514370,4162
1688993723338,-514370,4162
1688993723339,-514370,4162
1688993723341,-514370,4162
1688993723342,-514370,4162
1688993723344,-514370,4162
1688993723346,-514370,4162
1688993723348,-514370,4162
1688993723350,-514370,4162
1688993723352,-514370,4162
1688993723354,-514370,4162
1688993723355,-514370,4162
1688993723358,-514370,4162
1688993723360,-514370,4162
1688993723361,-514370,4162
1688993723363,-514370,4162
1688993723364,-514370,4162
1688993723366,-514370,4162
1688993723367,-514370,4162
1688993723369,-514370,4162
1688993723371,-514370,4162
1688993723373,-514370,4162
1688993723374,-514370,4162
1688993723376,-514370,4162
1688993723377,-514370,4162
1688993723379,-514370,4162
1688993723381,-514370,4162
1688993723382,-514370,4162
1688993723384,-514370,4162
1688993723385,-514370,4162
1688993723387,-514370,4162
1688993723389,-514370,4162
1688993723392,-514370,4162
1688993723394,-514370,4162
1688993723396,-514370,4162
1688993723398,-514370,4162
1688993723399,-514370,4162
1688993723401,-514370,4162
1688993723402,-514370,4162
1688993723404,-514370,4162
1688993723406,-514370,4162
1688993723408,-514370,4162
1688993723410,-514370,4162
1688993723412,-514370,4162
1688993723413,-514370,4162
1688993723415,-514370,4162
1688993723417,-514370,4162
1688993723419,-514370,4162
1688993723421,-514370,4162
1688993723423,-514370,4162
1688993723425,-514370,4162
1688993723428,-514370,4162
1688993723429,-514370,4162
1688993723431,-514370,4162
1688993723432,-514370,4162
1688993723434,-514370,4162
1688993723436,-514370,4162
1688993723437,-514370,4162
1688993723439,-514370,4162
1688993723441,-514370,4162
1688993723442,-514370,4162
1688993723444,-514370,4162
1688993723445,-514370,4162
1688993723447,-514370,4162
1688993723449,-514370,4162
1688993723451,-514370,4162
1688993723453,-514370,4162
1688993723455,-514370,4162
1688993723457,-514370,4162
1688993723459,-514370,4162
1688993723461,-514370,4162
1688993723463,-514370,4162
1688993723465,-514370,4162
1688993723472,-514370,4162
1688993723474,-514370,4162
1688993723475,-514370,4162
1688993723477,-514370,4162
1688993723479,-514370,4162
1688993723484,-514370,4162
1688993723486,-514370,4162
1688993723489,-514370,4162
1688993723491,-514370,4162
1688993723493,-514370,4162
1688993723495,-514370,4162
1688993723497,-514370,4162
1688993723499,-514370,4162
1688993723501,-514370,4162
1688993723502,-514370,4162
1688993723504,-514370,4162
1688993723506,-514370,4162
1688993723508,-514370,4162
1688993723509,-514370,4162
1688993723511,-514370,4162
1688993723512,-514370,4162
1688993723514,-514370,4162
1688993723516,-514370,4162
1688993723518,-514370,4162
1688993723520,-514370,4162
1688993723521,-514370,4162
1688993723524,-514370,4162
1688993723528,-514370,4162
1688993723530,-514370,4162
1688993723532,-514370,4162
1688993723533,-514370,4162
1688993723535,-514370,4162
1688993723536,-514370,4162
1688993723538,-514370,4162
1688993723539,-514370,4162
1688993723541,-514370,4162
1688993723542,-514370,4162
1688993723544,-514370,4162
1688993723545,-514370,4162
1688993723547,-514370,4162
1688993723549,-514370,4162
1688993723550,-514370,4162
1688993723552,-514370,4162
1688993723553,-514370,4162
1688993723555,-514370,4162
1688993723558,-514370,4162
1688993723560,-514370,4162
1688993723562,-514370,4162
1688993723563,-514370,4162
1688993723565,-514370,4162
1688993723566,-514370,4162
1688993723568,-514370,4162
1688993723570,-514370,4162
1688993723571,-514370,4162
1688993723573,-514370,4162
1688993723574,-514370,4162
1688993723576,-514370,4162
1688993723578,-514370,4162
1688993723580,-514370,4162
1688993723581,-514370,4162
1688993723583,-514370,4162
1688993723585,-514370,4162
1688993723586,-514370,4162
1688993723588,-514370,4162
1688993723591,-514370,4162
1688993723592,-514370,4162
1688993723594,-514370,4162
1688993723596,-514370,4162
1688993723598,-514370,4162
1688993723599,-514370,4162
1688993723601,-514370,4162
1688993723602,-514370,4162
1688993723604,-514370,4162
1688993723606,-514370,4162
1688993723608,-514370,4162
1688993723609,-514370,4162
1688993723611,-514370,4162
1688993723613,-514370,4162
1688993723614,-514370,4162
1688993723616,-514370,4162
1688993723618,-514370,4162
1688993723619,-514370,4162
1688993723621,-514370,4162
1688993723623,-514370,4162
1688993723627,-514370,4162
1688993723629,-514370,4162
1688993723631,-514370,4162
1688993723632,-514370,4162
1688993723634,-514370,4162
1688993723635,-514370,4162
1688993723637,-514370,4162
1688993723638,-514370,4162
1688993723640,-514370,4162
1688993723641,-514370,4162
1688993723643,-514370,4162
1688993723645,-514370,4162
1688993723647,-514370,4162
1688993723648,-514370,4162
1688993723650,-514370,4162
1688993723651,-514370,4162
1688993723652,-514370,4162
1688993723654,-514370,4162
1688993723656,-514370,4162
1688993723658,-514370,4162
1688993723660,-514370,4162
1688993723661,-514370,4162
1688993723663,-514370,4162
1688993723664,-514370,4162
1688993723666,-514370,4162
1688993723667,-514370,4162
1688993723669,-514370,4162
1688993723670,-514370,4162
1688993723671,-514370,4162
1688993723673,-514370,4162
1688993723674,-514370,4162
1688993723675,-514370,4162
1688993723677,-514370,4162
1688993723678,-514370,4162
1688993723680,-514370,4162
1688993723682,-514370,4162
1688993723684,-514370,4162
1688993723685,-514370,4162
1688993723687,-514370,4162
1688993723689,-514370,4162
1688993723691,-514370,4162
1688993723692,-514370,4162
1688993723694,-514370,4162
1688993723696,-514370,4162
1688993723697,-514370,4162
1688993723699,-514370,4162
1688993723700,-514370,4162
1688993723702,-514370,4162
1688993723703,-514370,4162
1688993723705,-514370,4162
1688993723708,-514370,4162
1688993723709,-514370,4162
1688993723711,-514370,4162
1688993723713,-514370,4162
1688993723715,-514370,4162
1688993723716,-514370,4162
1688993723718,-514370,4162
1688993723719,-514370,4162
1688993723721,-514370,4162
1688993723723,-514370,4162
1688993723728,-514370,4162
1688993723729,-514370,4162
1688993723731,-514370,4162
1688993723733,-514370,4162
1688993723734,-514370,4162
1688993723735,-514370,4162
1688993723737,-514370,4162
1688993723739,-514370,4162
1688993723740,-514370,4162
1688993723741,-514370,4162
1688993723743,-514370,4162
1688993723745,-514370,4162
1688993723746,-514370,4162
1688993723748,-514370,4162
1688993723749,-514370,4162
1688993723751,-514370,4162
1688993723752,-514370,4162
1688993723754,-514370,4162
1688993723755,-514370,4162
1688993723757,-514370,4162
1688993723759,-514370,4162
1688993723761,-514370,4162
1688993723762,-514370,4162
1688993723764,-514370,4162
1688993723766,-514370,4162
1688993723767,-514370,4162
1688993723769,-514370,4162
1688993723770,-514370,4162
1688993723772,-514370,4162
1688993723774,-514370,4162
1688993723775,-514370,4162
1688993723777,-514370,4162
1688993723779,-514370,4162
1688993723780,-514370,4162
1688993723782,-514370,4162
1688993723784,-514370,4162
1688993723786,-514370,4162
1688993723788,-514370,4162
1688993723789,-514370,4162
1688993723791,-514370,4162
1688993723793,-514370,4162
1688993723795,-514370,4162
1688993723796,-514370,4162
1688993723798,-514370,4162
1688993723799,-514370,4162
1688993723801,-514370,4162
1688993723804,-514370,4162
1688993723805,-514370,4162
1688993723807,-514370,4162
1688993723808,-514370,4162
1688993723810,-514370,4162
1688993723811,-514370,4162
1688993723812,-514370,4162
1688993723815,-514370,4162
1688993723816,-514370,4162
1688993723818,-514370,4162
1688993723819,-514370,4162
1688993723821,-514370,4162
1688993723823,-514370,4162
1688993723825,-514370,4162
1688993723827,-514370,4162
1688993723828,-514370,4162
1688993723830,-514370,4162
1688993723831,-514370,4162
1688993723833,-514370,4162
1688993723834,-514370,4162
1688993723835,-514370,4162
1688993723837,-514370,4162
1688993723838,-514370,4162
1688993723840,-514370,4162
1688993723841,-514370,4162
1688993723843,-514370,4162
1688993723844,-514370,4162
1688993723846,-514370,4162
1688993723848,-514370,4162
1688993723849,-514370,4162
1688993723851,-514370,4162
1688993723852,-514370,4162
1688993723853,-514370,4162
1688993723854,-514370,4162
1688993723856,-514370,4162
1688993723858,-514370,4162
1688993723860,-514370,4162
1688993723862,-514370,4162
1688993723865,-514370,4162
1688993723867,-514370,4162
1688993723869,-514370,4162
1688993723870,-514370,4162
1688993723872,-514370,4162
1688993723874,-514370,4162
1688993723875,-514370,4162
1688993723877,-514370,4162
1688993723878,-514370,4162
1688993723879,-514370,4162
1688993723881,-514370,4162
1688993723883,-514370,4162
1688993723884,-514370,4162
1688993723886,-514370,4162
1688993723887,-514370,4162
1688993723889,-514370,4162
1688993723891,-514370,4162
1688993723893,-514370,4162
1688993723895,-514370,4162
1688993723896,-514370,4162
1688993723897,-514370,4162
1688993723899,-514370,4162
1688993723900,-514370,4162
1688993723902,-514370,4162
1688993723904,-514370,4162
1688993723905,-514370,4162
1688993723907,-514370,4162
1688993723909,-514370,4162
1688993723910,-514370,4162
1688993723912,-514370,4162
1688993723913,-514370,4162
1688993723916,-514370,4162
1688993723917,-514370,4162
1688993723919,-514370,4162
1688993723921,-514370,4162
1688993723925,-514370,4162
1688993723927,-514370,4162
1688993723928,-514370,4162
1688993723929,-514370,4162
1688993723932,-514370,4162
1688993723933,-514370,4162
1688993723935,-514370,4162
1688993723937,-514370,4162
1688993723938,-514370,4162
1688993723940,-514370,4162
1688993723942,-514370,4162
1688993723944,-514370,4162
1688993723946,-514370,4162
1688993723948,-514370,4162
1688993723949,-514370,4162
1688993723951,-514370,4162
1688993723952,-514370,4162
1688993723954,-514370,4162
1688993723955,-514370,4162
1688993723958,-514370,4162
1688993723960,-514370,4162
1688993723962,-514370,4162
1688993723963,-514370,4162
1688993723965,-514370,4162
1688993723966,-514370,4162
1688993723968,-514370,4162
1688993723969,-514370,4162
1688993723971,-514370,4162
1688993723972,-514370,4162
1688993723973,-514370,4162
1688993723975,-514370,4162
1688993723976,-514370,4162
1688993723978,-514370,4162
1688993723979,-514370,4162
1688993723981,-514370,4162
1688993723983,-514370,4162
1688993723984,-514370,4162
1688993723986,-514370,4162
1688993723987,-514370,4162
1688993723989,-514370,4162
1688993723992,-514370,4162
1688993723993,-514370,4162
1688993723995,-514370,4162
1688993723996,-514370,4162
1688993723998,-514370,4162
1688993723999,-514370,4162
1688993724001,-514370,4162
1688993724003,-514370,4162
1688993724004,-514370,4162
1688993724006,-514370,4162
1688993724007,-514370,4162
1688993724009,-514370,4162
1688993724010,-514370,4162
1688993724012,-514370,4162
1688993724013,-514370,4162
1688993724015,-514370,4162
1688993724017,-514370,4162
1688993724019,-514370,4162
1688993724021,-514370,4162
1688993724024,-514370,4162
1688993724027,-514370,4162
1688993724029,-514370,4162
1688993724030,-514370,4162
1688993724032,-514370,4162
1688993724033,-514370,4162
1688993724035,-514370,4162
1688993724036,-514370,4162
1688993724038,-514370,4162
1688993724040,-514370,4162
1688993724041,-514370,4162
1688993724043,-514370,4162
1688993724045,-514370,4162
1688993724046,-514370,4162
1688993724048,-514370,4162
1688993724049,-514370,4162
1688993724051,-514370,4162
1688993724052,-514370,4162
1688993724054,-514370,4162
1688993724056,-514370,4162
1688993724059,-514370,4162
1688993724062,-514370,4162
1688993724064,-514370,4162
1688993724065,-514370,4162
1688993724068,-514370,4162
1688993724069,-514370,4162
1688993724071,-514370,4162
1688993724072,-514370,4162
1688993724074,-514370,4162
1688993724076,-514370,4162
1688993724078,-514370,4162
1688993724080,-514370,4162
1688993724082,-514370,4162
1688993724083,-514370,4162
1688993724085,-514370,4162
1688993724086,-514370,4162
1688993724088,-514370,4162
1688993724090,-514370,4162
1688993724092,-514370,4162
1688993724094,-514370,4162
1688993724095,-514370,4162
1688993724097,-514370,4162
1688993724099,-514370,4162
1688993724100,-514370,4162
1688993724102,-514370,4162
1688993724103,-514370,4162
1688993724105,-514370,4162
1688993724107,-514370,4162
1688993724108,-514370,4162
1688993724110,-514370,4162
1688993724112,-514370,4162
1688993724114,-514370,4162
1688993724115,-514370,4162
1688993724117,-514370,4162
1688993724119,-514370,4162
1688993724122,-514370,4162
1688993724125,-514370,4162
1688993724128,-514370,4162
1688993724130,-514370,4162
1688993724131,-514370,4162
1688993724133,-514370,4162
1688993724135,-514370,4162
1688993724136,-514370,4162
1688993724138,-514370,4162
1688993724140,-514370,4162
1688993724142,-514370,4162
1688993724143,-514370,4162
1688993724145,-514370,4162
1688993724146,-514370,4162
1688993724148,-514370,4162
1688993724150,-514370,4162
1688993724151,-514370,4162
1688993724153,-514370,4162
1688993724155,-514370,4162
1688993724158,-514370,4162
1688993724160,-514370,4162
1688993724162,-514370,4162
1688993724164,-514370,4162
1688993724165,-514370,4162
1688993724166,-514370,4162
1688993724168,-514370,4162
1688993724170,-514370,4162
1688993724171,-514370,4162
1688993724172,-514370,4162
1688993724174,-514370,4162
1688993724175,-514370,4162
1688993724177,-514370,4162
1688993724179,-514370,4162
1688993724181,-514370,4162
1688993724182,-514370,4162
1688993724184,-514370,4162
1688993724185,-514370,4162
1688993724187,-514370,4162
1688993724189,-514370,4162
1688993724191,-514370,4162
1688993724193,-514370,4162
1688993724195,-514370,4162
1688993724197,-514370,4162
1688993724199,-514370,4162
1688993724201,-514370,4162
1688993724202,-514370,4162
1688993724204,-514370,4162
1688993724205,-514370,4162
1688993724207,-514370,4162
1688993724208,-514370,4162
1688993724210,-514370,4162
1688993724212,-514370,4162
1688993724214,-514370,4162
1688993724216,-514370,4162
1688993724218,-514370,4162
1688993724219,-514370,4162
1688993724221,-514370,4162
1688993724223,-514370,4162
1688993724226,-514370,4162
1688993724229,-514370,4162
1688993724230,-514370,4162
1688993724232,-514370,4162
1688993724234,-514370,4162
1688993724235,-514370,4162
1688993724238,-514370,4162
1688993724239,-514370,4162
1688993724241,-514370,4162
1688993724242,-514370,4162
1688993724244,-514370,4162
1688993724246,-514370,4162
1688993724248,-514370,4162
1688993724250,-514370,4162
1688993724251,-514370,4162
1688993724253,-514370,4162
1688993724254,-514370,4162
1688993724257,-514370,4162
1688993724259,-514370,4162
1688993724261,-514370,4162
1688993724263,-514370,4162
1688993724265,-514370,4162
1688993724266,-514370,4162
1688993724268,-514370,4162
1688993724269,-514370,4162
1688993724271,-514370,4162
1688993724272,-514370,4162
1688993724274,-514370,4162
1688993724275,-514370,4162
1688993724278,-514370,4162
1688993724280,-514370,4162
1688993724281,-514370,4162
1688993724283,-514370,4162
1688993724284,-514370,4162
1688993724286,-514370,4162
1688993724287,-514370,4162
1688993724290,-514370,4162
1688993724292,-514370,4162
1688993724294,-514370,4162
1688993724296,-514370,4162
1688993724298,-514370,4162
1688993724299,-514370,4162
1688993724301,-514370,4162
1688993724302,-514370,4162
1688993724303,-514370,4162
1688993724305,-514370,4162
1688993724307,-514370,4162
1688993724308,-514370,4162
1688993724310,-514370,4162
1688993724311,-514370,4162
1688993724313,-514370,4162
1688993724316,-514370,4162
1688993724317,-514370,4162
1688993724319,-514370,4162
1688993724321,-514370,4162
1688993724323,-514370,4162
1688993724326,-514370,4162
1688993724328,-514370,4162
1688993724330,-514370,4162
1688993724332,-514370,4162
1688993724334,-514370,4162
1688993724336,-514370,4162
1688993724338,-514370,4162
1688993724340,-514370,4162
1688993724341,-514370,4162
1688993724343,-514370,4162
1688993724345,-514370,4162
1688993724346,-514370,4162
1688993724348,-514370,4162
1688993724350,-514370,4162
1688993724352,-514370,4162
1688993724354,-514370,4162
1688993724357,-514370,4162
1688993724359,-514370,4162
1688993724361,-514370,4162
1688993724362,-514370,4162
1688993724364,-514370,4162
1688993724366,-514370,4162
1688993724367,-514370,4162
1688993724369,-514370,4162
1688993724370,-514370,4162
1688993724372,-514370,4162
1688993724374,-514370,4162
1688993724375,-514370,4162
1688993724377,-514370,4162
1688993724379,-514370,4162
1688993724381,-514370,4162
1688993724383,-514370,4162
1688993724385,-514370,4162
1688993724386,-514370,4162
1688993724388,-514370,4162
1688993724391,-514370,4162
1688993724393,-514370,4162
1688993724395,-514370,4162
1688993724397,-514370,4162
1688993724399,-514370,4162
1688993724400,-514370,4162
1688993724402,-514370,4162
1688993724403,-514370,4162
1688993724405,-514370,4162
1688993724406,-514370,4162
1688993724407,-514370,4162
1688993724409,-514370,4162
1688993724411,-514370,4162
1688993724413,-514370,4162
1688993724415,-514370,4162
1688993724417,-514370,4162
1688993724419,-514370,4162
1688993724420,-514370,4162
1688993724422,-514370,4162
1688993724425,-514370,4162
1688993724427,-514370,4162
1688993724429,-514370,4162
1688993724431,-514370,4162
1688993724432,-514370,4162
1688993724434,-514370,4162
1688993724436,-514370,4162
1688993724437,-514370,4162
1688993724439,-514370,4162
1688993724441,-514370,4162
1688993724442,-514370,4162
1688993724444,-514370,4162
1688993724446,-514370,4162
1688993724448,-514370,4162
1688993724449,-514370,4162
1688993724451,-514370,4162
1688993724453,-514370,4162
1688993724455,-514370,4162
1688993724458,-514370,4162
1688993724460,-514370,4162
1688993724462,-514370,4162
1688993724464,-514370,4162
1688993724465,-514370,4162
1688993724467,-514370,4162
1688993724469,-514370,4162
1688993724471,-514370,4162
1688993724473,-514370,4162
1688993724475,-514370,4162
1688993724477,-514370,4162
1688993724479,-514370,4162
1688993724481,-514370,4162
1688993724482,-514370,4162
1688993724484,-514370,4162
1688993724486,-514370,4162
1688993724487,-514370,4162
1688993724489,-514370,4162
1688993724492,-514370,4162
1688993724494,-514370,4162
1688993724496,-514370,4162
1688993724497,-514370,4162
1688993724499,-514370,4162
1688993724500,-514370,4162
1688993724502,-514370,4162
1688993724504,-514370,4162
1688993724505,-514370,4162
1688993724507,-514370,4162
1688993724508,-514370,4162
1688993724510,-514370,4162
1688993724512,-514370,4162
1688993724514,-514370,4162
1688993724516,-514370,4162
1688993724518,-514370,4162
1688993724520,-514370,4162
1688993724521,-514370,4162
1688993724524,-514370,4162
1688993724526,-514370,4162
1688993724528,-514370,4162
1688993724530,-514370,4162
1688993724532,-514370,4162
1688993724534,-514370,4162
1688993724536,-514370,4162
1688993724538,-514370,4162
1688993724539,-514370,4162
1688993724541,-514370,4162
1688993724542,-514370,4162
1688993724544,-514370,4162
1688993724546,-514370,4162
1688993724548,-514370,4162
1688993724549,-514370,4162
1688993724551,-514370,4162
1688993724553,-514370,4162
1688993724555,-514370,4162
1688993724557,-514370,4162
1688993724559,-514370,4162
1688993724561,-514370,4162
1688993724564,-514370,4162
1688993724565,-514370,4162
1688993724567,-514370,4162
1688993724569,-514370,4162
1688993724570,-514370,4162
1688993724572,-514370,4162
1688993724574,-514370,4162
1688993724575,-514370,4162
1688993724577,-514370,4162
1688993724579,-514370,4162
1688993724581,-514370,4162
1688993724583,-514370,4162
1688993724585,-514370,4162
1688993724586,-514370,4162
1688993724588,-514370,4162
1688993724590,-514370,4162
1688993724593,-514370,4162
1688993724595,-514370,4162
1688993724596,-514370,4162
1688993724598,-514370,4162
1688993724600,-514370,4162
1688993724601,-514370,4162
1688993724603,-514370,4162
1688993724605,-514370,4162
1688993724606,-514370,4162
1688993724608,-514370,4162
1688993724609,-514370,4162
1688993724611,-514370,4162
1688993724613,-514370,4162
1688993724615,-514370,4162
1688993724617,-514370,4162
1688993724618,-514370,4162
1688993724620,-514370,4162
1688993724622,-514370,4162
1688993724624,-514370,4162
1688993724626,-514370,4162
1688993724628,-514370,4162
1688993724630,-514370,4162
1688993724632,-514370,4162
1688993724633,-514370,4162
1688993724635,-514370,4162
1688993724636,-514370,4162
1688993724638,-514370,4162
1688993724640,-514370,4162
1688993724641,-514370,4162
1688993724643,-514370,4162
1688993724644,-514370,4162
1688993724646,-514370,4162
1688993724648,-514370,4162
1688993724649,-514370,4162
1688993724651,-514370,4162
1688993724653,-514370,4162
1688993724655,-514370,4162
1688993724657,-514370,4162
1688993724659,-514370,4162
1688993724661,-514370,4162
1688993724663,-514370,4162
1688993724665,-514370,4162
1688993724666,-514370,4162
1688993724668,-514370,4162
1688993724669,-514370,4162
1688993724671,-514370,4162
1688993724673,-514370,4162
1688993724675,-514370,4162
1688993724676,-514370,4162
1688993724678,-514370,4162
1688993724679,-514370,4162
1688993724681,-514370,4162
1688993724683,-514370,4162
1688993724684,-514370,4162
1688993724685,-514370,4162
1688993724687,-514370,4162
1688993724689,-514370,4162
1688993724692,-514370,4162
1688993724694,-514370,4162
1688993724696,-514370,4162
1688993724697,-514370,4162
1688993724699,-514370,4162
1688993724701,-514370,4162
1688993724702,-514370,4162
1688993724704,-514370,4162
1688993724705,-514370,4162
1688993724707,-514370,4162
1688993724708,-514370,4162
1688993724711,-514370,4162
1688993724712,-514370,4162
1688993724714,-514370,4162
1688993724716,-514370,4162
1688993724718,-514370,4162
1688993724719,-514370,4162
1688993724721,-514370,4162
1688993724723,-514370,4162
1688993724727,-514370,4162
1688993724729,-514370,4162
1688993724731,-514370,4162
1688993724733,-514370,4162
1688993724735,-514370,4162
1688993724737,-514370,4162
1688993724738,-514370,4162
1688993724740,-514370,4162
1688993724742,-514370,4162
1688993724744,-514370,4162
1688993724746,-514370,4162
1688993724748,-514370,4162
1688993724750,-514370,4162
1688993724752,-514370,4162
1688993724753,-514370,4162
1688993724755,-514370,4162
1688993724759,-514370,4162
1688993724761,-514370,4162
1688993724763,-514370,4162
1688993724765,-514370,4162
1688993724766,-514370,4162
1688993724768,-514370,4162
1688993724769,-514370,4162
1688993724771,-514370,4162
1688993724772,-514370,4162
1688993724774,-514370,4162
1688993724776,-514370,4162
1688993724778,-514370,4162
1688993724779,-514370,4162
1688993724781,-514370,4162
1688993724783,-514370,4162
1688993724784,-514370,4162
1688993724786,-514370,4162
1688993724788,-514370,4162
1688993724790,-514370,4162
1688993724792,-514370,4162
1688993724794,-514370,4162
1688993724796,-514370,4162
1688993724797,-514370,4162
1688993724799,-514370,4162
1688993724801,-514370,4162
1688993724802,-514370,4162
1688993724804,-514370,4162
1688993724805,-514370,4162
1688993724807,-514370,4162
1688993724809,-514370,4162
1688993724811,-514370,4162
1688993724812,-514370,4162
1688993724815,-514370,4162
1688993724816,-514370,4162
1688993724818,-514370,4162
1688993724819,-514370,4162
1688993724821,-514370,4162
1688993724823,-514370,4162
1688993724826,-514370,4162
1688993724828,-514370,4162
1688993724830,-514370,4162
1688993724831,-514370,4162
1688993724833,-514370,4162
1688993724835,-514370,4162
1688993724836,-514370,4162
1688993724838,-514370,4162
1688993724840,-514370,4162
1688993724841,-514370,4162
1688993724843,-514370,4162
1688993724845,-514370,4162
1688993724847,-514370,4162
1688993724849,-514370,4162
1688993724850,-514370,4162
1688993724852,-514370,4162
1688993724856,-514370,4162
1688993724858,-514370,4162
1688993724860,-514370,4162
1688993724862,-514370,4162
1688993724864,-514370,4162
1688993724866,-514370,4162
1688993724868,-514370,4162
1688993724870,-514370,4162
1688993724871,-514370,4162
1688993724873,-514370,4162
1688993724875,-514370,4162
1688993724877,-514370,4162
1688993724878,-514370,4162
1688993724880,-514370,4162
1688993724882,-514370,4162
1688993724884,-514370,4162
1688993724885,-514370,4162
1688993724887,-514370,4162
1688993724892,-514370,4162
1688993724894,-514370,4162
1688993724895,-514370,4162
1688993724897,-514370,4162
1688993724899,-514370,4162
1688993724901,-514370,4162
1688993724902,-514370,4162
1688993724904,-514370,4162
1688993724905,-514370,4162
1688993724907,-514370,4162
1688993724909,-514370,4162
1688993724911,-514370,4162
1688993724913,-514370,4162
1688993724915,-514370,4162
1688993724916,-514370,4162
1688993724918,-514370,4162
1688993724919,-514370,4162
1688993724921,-514370,4162
1688993724923,-514370,4162
1688993724926,-514370,4162
1688993724928,-514370,4162
1688993724929,-514370,4162
1688993724931,-514370,4162
1688993724932,-514370,4162
1688993724934,-514370,4162
1688993724936,-514370,4162
1688993724937,-514370,4162
1688993724940,-514370,4162
1688993724945,-514370,4162
1688993724947,-514370,4162
1688993724949,-514370,4162
1688993724951,-514370,4162
1688993724953,-514370,4162
1688993724955,-514370,4162
1688993724960,-514370,4162
1688993724962,-514370,4162
1688993724965,-514370,4162
1688993724967,-514370,4162
1688993724968,-514370,4162
1688993724970,-514370,4162
1688993724971,-514370,4162
1688993724972,-514370,4162
1688993724974,-514370,4162
1688993724975,-514370,4162
1688993724977,-514370,4162
1688993724978,-514370,4162
1688993724980,-514370,4162
1688993724982,-514370,4162
1688993724984,-514370,4162
1688993724986,-514370,4162
1688993724987,-514370,4162
1688993724990,-514370,4162
1688993724991,-514370,4162
1688993724993,-514370,4162
1688993724995,-514370,4162
1688993724996,-514370,4162
1688993724998,-514370,4162
1688993725000,-514370,4162
1688993725001,-514370,4162
1688993725003,-514370,4162
1688993725004,-514370,4162
1688993725006,-514370,4162
1688993725008,-514370,4162
1688993725009,-514370,4162
1688993725011,-514370,4162
1688993725012,-514370,4162
1688993725015,-514370,4162
1688993725016,-514370,4162
1688993725018,-514370,4162
1688993725019,-514370,4162
1688993725021,-514370,4162
1688993725023,-514370,4162
1688993725026,-514370,4162
1688993725028,-514370,4162
1688993725029,-514370,4162
1688993725031,-514370,4162
1688993725032,-514370,4162
1688993725033,-514370,4162
1688993725035,-514370,4162
1688993725036,-514370,4162
1688993725038,-514370,4162
1688993725039,-514370,4162
1688993725041,-514370,4162
1688993725042,-514370,4162
1688993725045,-514370,4162
1688993725047,-514370,4162
1688993725048,-514370,4162
1688993725050,-514370,4162
1688993725052,-514370,4162
1688993725053,-514370,4162
1688993725055,-514370,4162
1688993725058,-514370,4162
1688993725060,-514370,4162
1688993725062,-514370,4162
1688993725064,-514370,4162
1688993725066,-514370,4162
1688993725068,-514370,4162
1688993725070,-514370,4162
1688993725071,-514370,4162
1688993725073,-514370,4162
1688993725074,-514370,4162
1688993725076,-514370,4162
1688993725078,-514370,4162
1688993725079,-514370,4162
1688993725081,-514370,4162
1688993725083,-514370,4162
1688993725085,-514370,4162
1688993725087,-514370,4162
1688993725089,-514370,4162
1688993725092,-514370,4162
1688993725094,-514370,4162
1688993725095,-514370,4162
1688993725097,-514370,4162
1688993725099,-514370,4162
1688993725101,-514370,4162
1688993725103,-514370,4162
1688993725104,-514370,4162
1688993725106,-514370,4162
1688993725108,-514370,4162
1688993725109,-514370,4162
1688993725111,-514370,4162
1688993725113,-514370,4162
1688993725115,-514370,4162
1688993725119,-514370,4162
1688993725120,-514370,4162
1688993725123,-514370,4162
1688993725125,-514370,4162
1688993725127,-514370,4162
1688993725128,-514370,4162
1688993725130,-514370,4162
1688993725132,-514370,4162
1688993725134,-514370,4162
1688993725135,-514370,4162
1688993725137,-514370,4162
1688993725138,-514370,4162
1688993725140,-514370,4162
1688993725142,-514370,4162
1688993725144,-514370,4162
1688993725145,-514370,4162
1688993725147,-514370,4162
1688993725149,-514370,4162
1688993725151,-514370,4162
1688993725152,-514370,4162
1688993725154,-514370,4162
1688993725155,-514370,4162
1688993725158,-514370,4162
1688993725160,-514370,4162
1688993725162,-514370,4162
1688993725164,-514370,4162
1688993725166,-514370,4162
1688993725167,-514370,4162
1688993725169,-514370,4162
1688993725170,-514370,4162
1688993725172,-514370,4162
1688993725173,-514370,4162
1688993725175,-514370,4162
1688993725176,-514370,4162
1688993725178,-514370,4162
1688993725180,-514370,4162
1688993725182,-514370,4162
1688993725184,-514370,4162
1688993725185,-514370,4162
1688993725187,-514370,4162
1688993725189,-514370,4162
1688993725191,-514370,4162
1688993725193,-514370,4162
1688993725195,-514370,4162
1688993725196,-514370,4162
1688993725198,-514370,4162
1688993725199,-514370,4162
1688993725201,-514370,4162
1688993725203,-514370,4162
1688993725205,-514370,4162
1688993725207,-514370,4162
1688993725208,-514370,4162
1688993725210,-514370,4162
1688993725211,-514370,4162
1688993725213,-514370,4162
1688993725215,-514370,4162
1688993725217,-514370,4162
1688993725218,-514370,4162
1688993725220,-514370,4162
1688993725222,-514370,4162
1688993725224,-514370,4162
1688993725226,-514370,4162
1688993725228,-514370,4162
1688993725230,-514370,4162
1688993725231,-514370,4162
1688993725233,-514370,4162
1688993725235,-514370,4162
1688993725236,-514370,4162
1688993725238,-514370,4162
1688993725239,-514370,4162
1688993725241,-514370,4162
1688993725243,-514370,4162
1688993725244,-514370,4162
1688993725246,-514370,4162
1688993725248,-514370,4162
1688993725249,-514370,4162
1688993725251,-514370,4162
1688993725253,-514370,4162
1688993725254,-514370,4162
1688993725257,-514370,4162
1688993725259,-514370,4162
1688993725261,-514370,4162
1688993725263,-514370,4162
1688993725264,-514370,4162
1688993725266,-514370,4162
1688993725267,-514370,4162
1688993725269,-514370,4162
1688993725270,-514370,4162
1688993725272,-514370,4162
1688993725274,-514370,4162
1688993725275,-514370,4162
1688993725276,-514370,4162
1688993725278,-514370,4162
1688993725280,-514370,4162
1688993725282,-514370,4162
1688993725284,-514370,4162
1688993725285,-514370,4162
1688993725287,-514370,4162
1688993725289,-514370,4162
1688993725291,-514370,4162
1688993725292,-514370,4162
1688993725294,-514370,4162
1688993725297,-514370,4162
1688993725298,-514370,4162
1688993725300,-514370,4162
1688993725302,-514370,4162
1688993725303,-514370,4162
1688993725305,-514370,4162
1688993725306,-514370,4162
1688993725308,-514370,4162
1688993725309,-514370,4162
1688993725311,-514370,4162
1688993725313,-514370,4162
1688993725315,-514370,4162
1688993725316,-514370,4162
1688993725318,-514370,4162
1688993725319,-514370,4162
1688993725322,-514370,4162
1688993725324,-514370,4162
1688993725326,-514370,4162
1688993725328,-514370,4162
1688993725330,-514370,4162
1688993725331,-514370,4162
1688993725332,-514370,4162
1688993725334,-514370,4162
1688993725336,-514370,4162
1688993725337,-514370,4162
1688993725339,-514370,4162
1688993725342,-514370,4162
1688993725347,-514370,4162
1688993725350,-514370,4162
1688993725351,-514370,4162
1688993725353,-514370,4162
1688993725355,-514370,4162
1688993725357,-514370,4162
1688993725359,-514370,4162
1688993725363,-514370,4162
1688993725365,-514370,4162
1688993725366,-514370,4162
1688993725368,-514370,4162
1688993725369,-514370,4162
1688993725371,-514370,4162
1688993725373,-514370,4162
1688993725374,-514370,4162
1688993725376,-514370,4162
1688993725377,-514370,4162
1688993725379,-514370,4162
1688993725381,-514370,4162
1688993725382,-514370,4162
1688993725384,-514370,4162
1688993725385,-514370,4162
1688993725387,-514370,4162
1688993725389,-514370,4162
1688993725392,-514370,4162
1688993725393,-514370,4162
1688993725395,-514370,4162
1688993725397,-514370,4162
1688993725399,-514370,4162
1688993725401,-514370,4162
1688993725402,-514370,4162
1688993725404,-514370,4162
1688993725406,-514370,4162
1688993725407,-514370,4162
1688993725409,-514370,4162
1688993725410,-514370,4162
1688993725412,-514370,4162
1688993725414,-514370,4162
1688993725416,-514370,4162
1688993725417,-514370,4162
1688993725419,-514370,4162
1688993725421,-514370,4162
1688993725423,-514370,4162
1688993725425,-514370,4162
1688993725427,-514370,4162
1688993725428,-514370,4162
1688993725430,-514370,4162
1688993725432,-514370,4162
1688993725433,-514370,4162
1688993725435,-514370,4162
1688993725436,-514370,4162
1688993725438,-514370,4162
1688993725439,-514370,4162
1688993725441,-514370,4162
1688993725443,-514370,4162
1688993725444,-514370,4162
1688993725446,-514370,4162
1688993725447,-514370,4162
1688993725449,-514370,4162
1688993725451,-514370,4162
1688993725452,-514370,4162
1688993725454,-514370,4162
1688993725456,-514370,4162
1688993725458,-514370,4162
1688993725461,-514370,4162
1688993725463,-514370,4162
1688993725465,-514370,4162
1688993725466,-514370,4162
1688993725468,-514370,4162
1688993725469,-514370,4162
1688993725471,-514370,4162
1688993725472,-514370,4162
1688993725474,-514370,4162
1688993725475,-514370,4162
1688993725477,-514370,4162
1688993725479,-514370,4162
1688993725481,-514370,4162
1688993725482,-514370,4162
1688993725484,-514370,4162
1688993725485,-514370,4162
1688993725487,-514370,4162
1688993725488,-514370,4162
1688993725490,-514370,4162
1688993725492,-514370,4162
1688993725494,-514370,4162
1688993725495,-514370,4162
1688993725497,-514370,4162
1688993725498,-514370,4162
1688993725499,-514370,4162
1688993725501,-514370,4162
1688993725502,-514370,4162
1688993725504,-514370,4162
1688993725505,-514370,4162
1688993725507,-514370,4162
1688993725508,-514370,4162
1688993725509,-514370,4162
1688993725511,-514370,4162
1688993725513,-514370,4162
1688993725514,-514370,4162
1688993725516,-514370,4162
1688993725518,-514370,4162
1688993725519,-514370,4162
1688993725521,-514370,4162
1688993725525,-514370,4162
1688993725527,-514370,4162
1688993725528,-514370,4162
1688993725530,-514370,4162
1688993725531,-514370,4162
1688993725532,-514370,4162
1688993725534,-514370,4162
1688993725536,-514370,4162
1688993725537,-514370,4162
1688993725539,-514370,4162
1688993725540,-514370,4162
1688993725542,-514370,4162
1688993725544,-514370,4162
1688993725545,-514370,4162
1688993725546,-514370,4162
1688993725548,-514370,4162
1688993725549,-514370,4162
1688993725551,-514370,4162
1688993725552,-514370,4162
1688993725554,-514370,4162
1688993725556,-514370,4162
1688993725558,-514370,4162
1688993725560,-514370,4162
1688993725561,-514370,4162
1688993725563,-514370,4162
1688993725564,-514370,4162
1688993725566,-514370,4162
1688993725568,-514370,4162
1688993725569,-514370,4162
1688993725571,-514370,4162
1688993725572,-514370,4162
1688993725574,-514370,4162
1688993725575,-514370,4162
1688993725577,-514370,4162
1688993725578,-514370,4162
1688993725580,-514370,4162
1688993725581,-514370,4162
1688993725583,-514370,4162
1688993725584,-514370,4162
1688993725586,-514370,4162
1688993725587,-514370,4162
1688993725589,-514370,4162
1688993725591,-514370,4162
1688993725593,-514370,4162
1688993725595,-514370,4162
1688993725597,-514370,4162
1688993725598,-514370,4162
1688993725600,-514370,4162
1688993725601,-514370,4162
1688993725602,-514370,4162
1688993725604,-514370,4162
1688993725606,-514370,4162
1688993725607,-514370,4162
1688993725608,-514370,4162
1688993725610,-514370,4162
1688993725611,-514370,4162
1688993725616,-514370,4162
1688993725618,-514370,4162
1688993725620,-514370,4162
1688993725621,-514370,4162
1688993725622,-514370,4162
1688993725624,-514370,4162
1688993725626,-514370,4162
1688993725628,-514370,4162
1688993725629,-514370,4162
1688993725631,-514370,4162
1688993725634,-514370,4162
1688993725636,-514370,4162
1688993725637,-514370,4162
1688993725639,-514370,4162
1688993725640,-514370,4162
1688993725642,-514370,4162
1688993725643,-514370,4162
1688993725645,-514370,4162
1688993725646,-514370,4162
1688993725648,-514370,4162
1688993725649,-514370,4162
1688993725651,-514370,4162
1688993725652,-514370,4162
1688993725654,-514370,4162
1688993725655,-514370,4162
1688993725658,-514370,4162
1688993725660,-514370,4162
1688993725662,-514370,4162
1688993725664,-514370,4162
1688993725665,-514370,4162
1688993725667,-514370,4162
1688993725668,-514370,4162
1688993725670,-514370,4162
1688993725671,-514370,4162
1688993725672,-514370,4162
1688993725674,-514370,4162
1688993725676,-514370,4162
1688993725678,-514370,4162
1688993725679,-514370,4162
1688993725681,-514370,4162
1688993725682,-514370,4162
1688993725684,-514370,4162
1688993725685,-514370,4162
1688993725686,-514370,4162
1688993725688,-514370,4162
1688993725690,-514370,4162
1688993725692,-514370,4162
1688993725694,-514370,4162
1688993725696,-514370,4162
1688993725697,-514370,4162
1688993725698,-514370,4162
1688993725700,-514370,4162
1688993725702,-514370,4162
1688993725703,-514370,4162
1688993725704,-514370,4162
1688993725706,-514370,4162
1688993725707,-514370,4162
1688993725708,-514370,4162
1688993725710,-514370,4162
1688993725712,-514370,4162
1688993725714,-514370,4162
1688993725715,-514370,4162
1688993725717,-514370,4162
1688993725719,-514370,4162
1688993725721,-514370,4162
1688993725722,-514370,4162
1688993725724,-514370,4162
1688993725726,-514370,4162
1688993725728,-514370,4162
1688993725729,-514370,4162
1688993725731,-514370,4162
1688993725732,-514370,4162
1688993725734,-514370,4162
1688993725736,-514370,4162
1688993725737,-514370,4162
1688993725739,-514370,4162
1688993725740,-514370,4162
1688993725742,-514370,4162
1688993725743,-514370,4162
1688993725745,-514370,4162
1688993725746,-514370,4162
1688993725748,-514370,4162
1688993725749,-514370,4162
1688993725751,-514370,4162
1688993725752,-514370,4162
1688993725754,-514370,4162
1688993725756,-514370,4162
1688993725758,-514370,4162
1688993725760,-514370,4162
1688993725762,-514370,4162
1688993725763,-514370,4162
1688993725765,-514370,4162
1688993725767,-514370,4162
1688993725768,-514370,4162
1688993725770,-514370,4162
1688993725771,-514370,4162
1688993725773,-514370,4162
1688993725775,-514370,4162
1688993725777,-514370,4162
1688993725778,-514370,4162
1688993725780,-514370,4162
1688993725782,-514370,4162
1688993725783,-514370,4162
1688993725785,-514370,4162
1688993725786,-514370,4162
1688993725788,-514370,4162
1688993725790,-514370,4162
1688993725792,-514370,4162
1688993725794,-514370,4162
1688993725796,-514370,4162
1688993725798,-514370,4162
1688993725799,-514370,4162
1688993725801,-514370,4162
1688993725802,-514370,4162
1688993725804,-514370,4162
1688993725805,-514370,4162
1688993725807,-514370,4162
1688993725808,-514370,4162
1688993725810,-514370,4162
1688993725811,-514370,4162
1688993725812,-514370,4162
1688993725815,-514370,4162
1688993725816,-514370,4162
1688993725818,-514370,4162
1688993725819,-514370,4162
1688993725821,-514370,4162
1688993725823,-514370,4162
1688993725826,-514370,4162
1688993725827,-514370,4162
1688993725829,-514370,4162
1688993725831,-514370,4162
1688993725832,-514370,4162
1688993725834,-514370,4162
1688993725835,-514370,4162
1688993725837,-514370,4162
1688993725838,-514370,4162
1688993725839,-514370,4162
1688993725841,-514370,4162
1688993725842,-514370,4162
1688993725844,-514370,4162
1688993725845,-514370,4162
1688993725847,-514370,4162
1688993725849,-514370,4162
1688993725850,-514370,4162
1688993725852,-514370,4162
1688993725854,-514370,4162
1688993725855,-514370,4162
1688993725858,-514370,4162
1688993725860,-514370,4162
1688993725861,-514370,4162
1688993725863,-514370,4162
1688993725864,-514370,4162
1688993725866,-514370,4162
1688993725867,-514370,4162
1688993725869,-514370,4162
1688993725870,-514370,4162
1688993725871,-514370,4162
1688993725873,-514370,4162
1688993725875,-514370,4162
1688993725876,-514370,4162
1688993725877,-514370,4162
1688993725879,-514370,4162
1688993725881,-514370,4162
1688993725882,-514370,4162
1688993725884,-514370,4162
1688993725885,-514370,4162
1688993725886,-514370,4162
1688993725888,-514370,4162
1688993725889,-514370,4162
1688993725891,-514370,4162
1688993725893,-514370,4162
1688993725895,-514370,4162
1688993725896,-514370,4162
1688993725898,-514370,4162
1688993725899,-514370,4162
1688993725901,-514370,4162
1688993725902,-514370,4162
1688993725904,-514370,4162
1688993725905,-514370,4162
1688993725907,-514370,4162
1688993725908,-514370,4162
1688993725909,-514370,4162
1688993725911,-514370,4162
1688993725913,-514370,4162
1688993725915,-514370,4162
1688993725917,-514370,4162
1688993725918,-514370,4162
1688993725920,-514370,4162
1688993725923,-514370,4162
1688993725926,-514370,4162
1688993725928,-514370,4162
1688993725930,-514370,4162
1688993725932,-514370,4162
1688993725934,-514370,4162
1688993725936,-514370,4162
1688993725937,-514370,4162
1688993725939,-514370,4162
1688993725940,-514370,4162
1688993725942,-514370,4162
1688993725943,-514370,4162
1688993725945,-514370,4162
1688993725946,-514370,4162
1688993725948,-514370,4162
1688993725950,-514370,4162
1688993725952,-514370,4162
1688993725953,-514370,4162
1688993725955,-514370,4162
1688993725957,-514370,4162
1688993725959,-514370,4162
1688993725961,-514370,4162
1688993725962,-514370,4162
1688993725964,-514370,4162
1688993725965,-514370,4162
1688993725967,-514370,4162
1688993725969,-514370,4162
1688993725971,-514370,4162
1688993725972,-514370,4162
1688993725974,-514370,4162
1688993725975,-514370,4162
1688993725977,-514370,4162
1688993725979,-514370,4162
1688993725981,-514370,4162
1688993725982,-514370,4162
1688993725984,-514370,4162
1688993725985,-514370,4162
1688993725987,-514370,4162
1688993725989,-514370,4162
1688993725991,-514370,4162
1688993725993,-514370,4162
1688993725995,-514370,4162
1688993725997,-514370,4162
1688993725999,-514370,4162
1688993726000,-514370,4162
1688993726002,-514370,4162
1688993726004,-514370,4162
1688993726005,-514370,4162
1688993726007,-514370,4162
1688993726009,-514370,4162
1688993726011,-514370,4162
1688993726012,-514370,4162
1688993726014,-514370,4162
1688993726016,-514370,4162
1688993726017,-514370,4162
1688993726019,-514370,4162
1688993726021,-514370,4162
1688993726024,-514370,4162
1688993726026,-514370,4162
1688993726028,-514370,4162
1688993726030,-514370,4162
1688993726031,-514370,4162
1688993726033,-514370,4162
1688993726035,-514370,4162
1688993726036,-514370,4162
1688993726038,-514370,4162
1688993726039,-514370,4162
1688993726041,-514370,4162
1688993726043,-514370,4162
1688993726045,-514370,4162
1688993726047,-514370,4162
1688993726048,-514370,4162
1688993726051,-514370,4162
1688993726052,-514370,4162
1688993726054,-514370,4162
1688993726057,-514370,4162
1688993726059,-514370,4162
1688993726062,-514370,4162
1688993726063,-514370,4162
1688993726065,-514370,4162
1688993726066,-514370,4162
1688993726068,-514370,4162
1688993726070,-514370,4162
1688993726072,-514370,4162
1688993726073,-514370,4162
1688993726075,-514370,4162
1688993726076,-514370,4162
1688993726078,-514370,4162
1688993726080,-514370,4162
1688993726081,-514370,4162
1688993726083,-514370,4162
1688993726084,-514370,4162
1688993726086,-514370,4162
1688993726088,-514370,4162
1688993726090,-514370,4162
1688993726092,-514370,4162
1688993726094,-514370,4162
1688993726096,-514370,4162
1688993726097,-514370,4162
1688993726099,-514370,4162
1688993726101,-514370,4162
1688993726102,-514370,4162
1688993726104,-514370,4162
1688993726105,-514370,4162
1688993726107,-514370,4162
1688993726109,-514370,4162
1688993726111,-514370,4162
1688993726112,-514370,4162
1688993726114,-514370,4162
1688993726116,-514370,4162
1688993726118,-514370,4162
1688993726119,-514370,4162
1688993726121,-514370,4162
1688993726123,-514370,4162
1688993726125,-514370,4162
1688993726127,-514370,4162
1688993726129,-514370,4162
1688993726133,-514370,4162
1688993726135,-514370,4162
1688993726137,-514370,4162
1688993726138,-514370,4162
1688993726140,-514370,4162
1688993726141,-514370,4162
1688993726143,-514370,4162
1688993726144,-514370,4162
1688993726146,-514370,4162
1688993726148,-514370,4162
1688993726150,-514370,4162
1688993726152,-514370,4162
1688993726153,-514370,4162
1688993726155,-514370,4162
1688993726159,-514370,4162
1688993726161,-514370,4162
1688993726162,-514370,4162
1688993726164,-514370,4162
1688993726166,-514370,4162
1688993726168,-514370,4162
1688993726169,-514370,4162
1688993726171,-514370,4162
1688993726173,-514370,4162
1688993726174,-514370,4162
1688993726176,-514370,4162
1688993726177,-514370,4162
1688993726179,-514370,4162
1688993726181,-514370,4162
1688993726182,-514370,4162
1688993726184,-514370,4162
1688993726186,-514370,4162
1688993726188,-514370,4162
1688993726190,-514370,4162
1688993726192,-514370,4162
1688993726194,-514370,4162
1688993726196,-514370,4162
1688993726198,-514370,4162
1688993726199,-514370,4162
1688993726201,-514370,4162
1688993726202,-514370,4162
1688993726204,-514370,4162
1688993726206,-514370,4162
1688993726208,-514370,4162
1688993726210,-514370,4162
1688993726212,-514370,4162
1688993726214,-514370,4162
1688993726215,-514370,4162
1688993726217,-514370,4162
1688993726218,-514370,4162
1688993726220,-514370,4162
1688993726222,-514370,4162
1688993726225,-514370,4162
1688993726227,-514370,4162
1688993726229,-514370,4162
1688993726231,-514370,4162
1688993726233,-514370,4162
1688993726234,-514370,4162
1688993726236,-514370,4162
1688993726238,-514370,4162
1688993726240,-514370,4162
1688993726241,-514370,4162
1688993726242,-514370,4162
1688993726244,-514370,4162
1688993726246,-514370,4162
1688993726248,-514370,4162
1688993726250,-514370,4162
1688993726251,-514370,4162
1688993726253,-514370,4162
1688993726255,-514370,4162
1688993726257,-514370,4162
1688993726260,-514370,4162
1688993726262,-514370,4162
1688993726264,-514370,4162
1688993726266,-514370,4162
1688993726268,-514370,4162
1688993726270,-514370,4162
1688993726271,-514370,4162
1688993726273,-514370,4162
1688993726275,-514370,4162
1688993726276,-514370,4162
1688993726278,-514370,4162
1688993726279,-514370,4162
1688993726281,-514370,4162
1688993726283,-514370,4162
1688993726284,-514370,4162
1688993726286,-514370,4162
1688993726288,-514370,4162
1688993726290,-514370,4162
1688993726292,-514370,4162
1688993726294,-514370,4162
1688993726296,-514370,4162
1688993726297,-514370,4162
1688993726299,-514370,4162
1688993726300,-514370,4162
1688993726302,-514370,4162
1688993726304,-514370,4162
1688993726305,-514370,4162
1688993726307,-514370,4162
1688993726308,-514370,4162
1688993726310,-514370,4162
1688993726311,-514370,4162
1688993726313,-514370,4162
1688993726315,-514370,4162
1688993726316,-514370,4162
1688993726318,-514370,4162
1688993726319,-514370,4162
1688993726321,-514370,4162
1688993726323,-514370,4162
1688993726325,-514370,4162
1688993726327,-514370,4162
1688993726329,-514370,4162
1688993726331,-514370,4162
1688993726332,-514370,4162
1688993726334,-514370,4162
1688993726336,-514370,4162
1688993726337,-514370,4162
1688993726339,-514370,4162
1688993726340,-514370,4162
1688993726342,-514370,4162
1688993726344,-514370,4162
1688993726345,-514370,4162
1688993726348,-514370,4162
1688993726349,-514370,4162
1688993726351,-514370,4162
1688993726352,-514370,4162
1688993726354,-514370,4162
1688993726356,-514370,4162
1688993726358,-514370,4162
1688993726360,-514370,4162
1688993726361,-514370,4162
1688993726363,-514370,4162
1688993726365,-514370,4162
1688993726366,-514370,4162
1688993726368,-514370,4162
1688993726370,-514370,4162
1688993726371,-514370,4162
1688993726373,-514370,4162
1688993726374,-514370,4162
1688993726375,-514370,4162
1688993726377,-514370,4162
1688993726379,-514370,4162
1688993726381,-514370,4162
1688993726383,-514370,4162
1688993726384,-514370,4162
1688993726386,-514370,4162
1688993726388,-514370,4162
1688993726390,-514370,4162
1688993726393,-514370,4162
1688993726395,-514370,4162
1688993726396,-514370,4162
1688993726398,-514370,4162
1688993726399,-514370,4162
1688993726401,-514370,4162
1688993726403,-514370,4162
1688993726405,-514370,4162
1688993726407,-514370,4162
1688993726408,-514370,4162
1688993726410,-514370,4162
1688993726412,-514370,4162
1688993726413,-514370,4162
1688993726415,-514370,4162
1688993726416,-514370,4162
1688993726418,-514370,4162
1688993726419,-514370,4162
1688993726421,-514370,4162
1688993726423,-514370,4162
1688993726425,-514370,4162
1688993726427,-514370,4162
1688993726429,-514370,4162
1688993726431,-514370,4162
1688993726432,-514370,4162
1688993726434,-514370,4162
1688993726435,-514370,4162
1688993726437,-514370,4162
1688993726439,-514370,4162
1688993726440,-514370,4162
1688993726442,-514370,4162
1688993726444,-514370,4162
1688993726446,-514370,4162
1688993726448,-514370,4162
1688993726450,-514370,4162
1688993726451,-514370,4162
1688993726453,-514370,4162
1688993726454,-514370,4162
1688993726456,-514370,4162
1688993726458,-514370,4162
1688993726461,-514370,4162
1688993726463,-514370,4162
1688993726464,-514370,4162
1688993726466,-514370,4162
1688993726468,-514370,4162
1688993726469,-514370,4162
1688993726471,-514370,4162
1688993726472,-514370,4162
1688993726474,-514370,4162
1688993726476,-514370,4162
1688993726477,-514370,4162
1688993726479,-514370,4162
1688993726481,-514370,4162
1688993726483,-514370,4162
1688993726485,-514370,4162
1688993726486,-514370,4162
1688993726488,-514370,4162
1688993726490,-514370,4162
1688993726492,-514370,4162
1688993726495,-514370,4162
1688993726496,-514370,4162
1688993726498,-514370,4162
1688993726500,-514370,4162
1688993726501,-514370,4162
1688993726503,-514370,4162
1688993726505,-514370,4162
1688993726507,-514370,4162
1688993726508,-514370,4162
1688993726511,-514370,4162
1688993726514,-514370,4162
1688993726515,-514370,4162
1688993726517,-514370,4162
1688993726519,-514370,4162
1688993726521,-514370,4162
1688993726523,-514370,4162
1688993726526,-514370,4162
1688993726528,-514370,4162
1688993726530,-514370,4162
1688993726532,-514370,4162
1688993726533,-514370,4162
1688993726535,-514370,4162
1688993726537,-514370,4162
1688993726538,-514370,4162
1688993726540,-514370,4162
1688993726542,-514370,4162
1688993726544,-514370,4162
1688993726545,-514370,4162
1688993726547,-514370,4162
1688993726549,-514370,4162
1688993726551,-514370,4162
1688993726552,-514370,4162
1688993726554,-514370,4162
1688993726556,-514370,4162
1688993726558,-514370,4162
1688993726560,-514370,4162
1688993726562,-514370,4162
1688993726564,-514370,4162
1688993726565,-514370,4162
1688993726567,-514370,4162
1688993726569,-514370,4162
1688993726571,-514370,4162
1688993726572,-514370,4162
1688993726574,-514370,4162
1688993726575,-514370,4162
1688993726578,-514370,4162
1688993726581,-514370,4162
1688993726584,-514370,4162
1688993726585,-514370,4162
1688993726587,-514370,4162
1688993726589,-514370,4162
1688993726593,-514370,4162
1688993726595,-514370,4162
1688993726596,-514370,4162
1688993726598,-514370,4162
1688993726600,-514370,4162
1688993726601,-514370,4162
1688993726603,-514370,4162
1688993726605,-514370,4162
1688993726606,-514370,4162
1688993726608,-514370,4162
1688993726609,-514370,4162
1688993726611,-514370,4162
1688993726613,-514370,4162
1688993726615,-514370,4162
1688993726616,-514370,4162
1688993726618,-514370,4162
1688993726619,-514370,4162
1688993726621,-514370,4162
1688993726623,-514370,4162
1688993726625,-514370,4162
1688993726627,-514370,4162
1688993726629,-514370,4162
1688993726631,-514370,4162
1688993726632,-514370,4162
1688993726634,-514370,4162
1688993726635,-514370,4162
1688993726637,-514370,4162
1688993726639,-514370,4162
1688993726643,-514370,4162
1688993726645,-514370,4162
1688993726646,-514370,4162
1688993726648,-514370,4162
1688993726650,-514370,4162
1688993726651,-514370,4162
1688993726653,-514370,4162
1688993726654,-514370,4162
1688993726657,-514370,4162
1688993726659,-514370,4162
1688993726661,-514370,4162
1688993726662,-514370,4162
1688993726664,-514370,4162
1688993726666,-514370,4162
1688993726667,-514370,4162
1688993726669,-514370,4162
1688993726671,-514370,4162
1688993726672,-514370,4162
1688993726674,-514370,4162
1688993726675,-514370,4162
1688993726677,-514370,4162
1688993726679,-514370,4162
1688993726681,-514370,4162
1688993726683,-514370,4162
1688993726685,-514370,4162
1688993726686,-514370,4162
1688993726688,-514370,4162
1688993726690,-514370,4162
1688993726692,-514370,4162
1688993726694,-514370,4162
1688993726696,-514370,4162
1688993726697,-514370,4162
1688993726699,-514370,4162
1688993726701,-514370,4162
1688993726702,-514370,4162
1688993726704,-514370,4162
1688993726706,-514370,4162
1688993726708,-514370,4162
1688993726709,-514370,4162
1688993726711,-514370,4162
1688993726713,-514370,4162
1688993726714,-514370,4162
1688993726716,-514370,4162
1688993726718,-514370,4162
1688993726719,-514370,4162
1688993726721,-514370,4162
1688993726723,-514370,4162
1688993726725,-514370,4162
1688993726727,-514370,4162
1688993726729,-514370,4162
1688993726730,-514370,4162
1688993726732,-514370,4162
1688993726734,-514370,4162
1688993726735,-514370,4162
1688993726736,-514370,4162
1688993726738,-514370,4162
1688993726740,-514370,4162
1688993726742,-514370,4162
1688993726744,-514370,4162
1688993726745,-514370,4162
1688993726747,-514370,4162
1688993726749,-514370,4162
1688993726750,-514370,4162
1688993726752,-514370,4162
1688993726754,-514370,4162
1688993726756,-514370,4162
1688993726758,-514370,4162
1688993726760,-514370,4162
1688993726762,-514370,4162
1688993726764,-514370,4162
1688993726766,-514370,4162
1688993726767,-514370,4162
1688993726769,-514370,4162
1688993726771,-514370,4162
1688993726772,-514370,4162
1688993726774,-514370,4162
1688993726775,-514370,4162
1688993726777,-514370,4162
1688993726779,-514370,4162
1688993726781,-514370,4162
1688993726783,-514370,4162
1688993726784,-514370,4162
1688993726786,-514370,4162
1688993726787,-514370,4162
1688993726789,-514370,4162
1688993726792,-514370,4162
1688993726794,-514370,4162
1688993726796,-514370,4162
1688993726798,-514370,4162
1688993726800,-514370,4162
1688993726801,-514370,4162
1688993726803,-514370,4162
1688993726805,-514370,4162
1688993726806,-514370,4162
1688993726808,-514370,4162
1688993726810,-514370,4162
1688993726811,-514370,4162
1688993726812,-514370,4162
1688993726814,-514370,4162
1688993726816,-514370,4162
1688993726818,-514370,4162
1688993726819,-514370,4162
1688993726821,-514370,4162
1688993726824,-514370,4162
1688993726826,-514370,4162
1688993726828,-514370,4162
1688993726830,-514370,4162
1688993726832,-514370,4162
1688993726833,-514370,4162
1688993726835,-514370,4162
1688993726836,-514370,4162
1688993726838,-514370,4162
1688993726840,-514370,4162
1688993726842,-514370,4162
1688993726843,-514370,4162
1688993726845,-514370,4162
1688993726847,-514370,4162
1688993726849,-514370,4162
1688993726851,-514370,4162
1688993726853,-514370,4162
1688993726854,-514370,4162
1688993726857,-514370,4162
1688993726860,-514370,4162
1688993726862,-514370,4162
1688993726864,-514370,4162
1688993726865,-514370,4162
1688993726867,-514370,4162
1688993726869,-514370,4162
1688993726871,-514370,4162
1688993726872,-514370,4162
1688993726874,-514370,4162
1688993726876,-514370,4162
1688993726878,-514370,4162
1688993726880,-514370,4162
1688993726882,-514370,4162
1688993726884,-514370,4162
1688993726885,-514370,4162
1688993726886,-514370,4162
1688993726888,-514370,4162
1688993726890,-514370,4162
1688993726892,-514370,4162
1688993726894,-514370,4162
1688993726896,-514370,4162
1688993726898,-514370,4162
1688993726899,-514370,4162
1688993726901,-514370,4162
1688993726902,-514370,4162
1688993726904,-514370,4162
1688993726905,-514370,4162
1688993726907,-514370,4162
1688993726909,-514370,4162
1688993726910,-514370,4162
1688993726912,-514370,4162
1688993726914,-514370,4162
1688993726916,-514370,4162
1688993726918,-514370,4162
1688993726919,-514370,4162
1688993726921,-514370,4162
1688993726923,-514370,4162
1688993726925,-514370,4162
1688993726927,-514370,4162
1688993726929,-514370,4162
1688993726931,-514370,4162
1688993726932,-514370,4162
1688993726934,-514370,4162
1688993726935,-514370,4162
1688993726938,-514370,4162
1688993726939,-514370,4162
1688993726941,-514370,4162
1688993726942,-514370,4162
1688993726944,-514370,4162
1688993726946,-514370,4162
1688993726948,-514370,4162
1688993726949,-514370,4162
1688993726951,-514370,4162
1688993726952,-514370,4162
1688993726954,-514370,4162
1688993726957,-514370,4162
1688993726959,-514370,4162
1688993726961,-514370,4162
1688993726963,-514370,4162
1688993726964,-514370,4162
1688993726966,-514370,4162
1688993726967,-514370,4162
1688993726969,-514370,4162
1688993726971,-514370,4162
1688993726972,-514370,4162
1688993726974,-514370,4162
1688993726976,-514370,4162
1688993726978,-514370,4162
1688993726979,-514370,4162
1688993726981,-514370,4162
1688993726983,-514370,4162
1688993726985,-514370,4162
1688993726987,-514370,4162
1688993726989,-514370,4162
1688993726992,-514370,4162
1688993726993,-514370,4162
1688993726996,-514370,4162
1688993726998,-514370,4162
1688993727000,-514370,4162
1688993727001,-514370,4162
1688993727003,-514370,4162
1688993727005,-514370,4162
1688993727006,-514370,4162
1688993727007,-514370,4162
1688993727009,-514370,4162
1688993727010,-514370,4162
1688993727012,-514370,4162
1688993727014,-514370,4162
1688993727016,-514370,4162
1688993727017,-514370,4162
1688993727019,-514370,4162
1688993727021,-514370,4162
1688993727023,-514370,4162
1688993727025,-514370,4162
1688993727027,-514370,4162
1688993727029,-514370,4162
1688993727031,-514370,4162
1688993727033,-514370,4162
1688993727034,-514370,4162
1688993727036,-514370,4162
1688993727038,-514370,4162
1688993727039,-514370,4162
1688993727041,-514370,4162
1688993727042,-514370,4162
1688993727044,-514370,4162
1688993727046,-514370,4162
1688993727048,-514370,4162
1688993727050,-514370,4162
1688993727051,-514370,4162
1688993727053,-514370,4162
1688993727055,-514370,4162
1688993727057,-514370,4162
1688993727059,-514370,4162
1688993727061,-514370,4162
1688993727063,-514370,4162
1688993727064,-514370,4162
1688993727066,-514370,4162
1688993727068,-514370,4162
1688993727070,-514370,4162
1688993727071,-514370,4162
1688993727073,-514370,4162
1688993727075,-514370,4162
1688993727077,-514370,4162
1688993727078,-514370,4162
1688993727080,-514370,4162
1688993727082,-514370,4162
1688993727083,-514370,4162
1688993727085,-514370,4162
1688993727086,-514370,4162
1688993727088,-514370,4162
1688993727090,-514370,4162
1688993727092,-514370,4162
1688993727094,-514370,4162
1688993727095,-514370,4162
1688993727097,-514370,4162
1688993727098,-514370,4162
1688993727100,-514370,4162
1688993727101,-514370,4162
1688993727103,-514370,4162
1688993727105,-514370,4162
1688993727106,-514370,4162
1688993727108,-514370,4162
1688993727109,-514370,4162
1688993727111,-514370,4162
1688993727113,-514370,4162
1688993727115,-514370,4162
1688993727117,-514370,4162
1688993727118,-514370,4162
1688993727120,-514370,4162
1688993727122,-514370,4162
1688993727124,-514370,4162
1688993727126,-514370,4162
1688993727128,-514370,4162
1688993727130,-514370,4162
1688993727131,-514370,4162
1688993727133,-514370,4162
1688993727135,-514370,4162
1688993727137,-514370,4162
1688993727138,-514370,4162
1688993727140,-514370,4162
1688993727142,-514370,4162
1688993727143,-514370,4162
1688993727145,-514370,4162
1688993727147,-514370,4162
1688993727148,-514370,4162
1688993727150,-514370,4162
1688993727152,-514370,4162
1688993727154,-514370,4162
1688993727155,-514370,4162
1688993727158,-514370,4162
1688993727160,-514370,4162
1688993727161,-514370,4162
1688993727163,-514370,4162
1688993727165,-514370,4162
1688993727166,-514370,4162
1688993727168,-514370,4162
1688993727169,-514370,4162
1688993727171,-514370,4162
1688993727172,-514370,4162
1688993727174,-514370,4162
1688993727175,-514370,4162
1688993727177,-514370,4162
1688993727179,-514370,4162
1688993727181,-514370,4162
1688993727182,-514370,4162
1688993727184,-514370,4162
1688993727185,-514370,4162
1688993727187,-514370,4162
1688993727189,-514370,4162
1688993727191,-514370,4162
1688993727193,-514370,4162
1688993727195,-514370,4162
1688993727196,-514370,4162
1688993727198,-514370,4162
1688993727199,-514370,4162
1688993727201,-514370,4162
1688993727202,-514370,4162
1688993727204,-514370,4162
1688993727205,-514370,4162
1688993727207,-514370,4162
1688993727208,-514370,4162
1688993727210,-514370,4162
1688993727212,-514370,4162
1688993727214,-514370,4162
1688993727215,-514370,4162
1688993727217,-514370,4162
1688993727219,-514370,4162
1688993727220,-514370,4162
1688993727222,-514370,4162
1688993727224,-514370,4162
1688993727226,-514370,4162
1688993727228,-514370,4162
1688993727229,-514370,4162
1688993727231,-514370,4162
1688993727233,-514370,4162
1688993727234,-514370,4162
1688993727236,-514370,4162
1688993727238,-514370,4162
1688993727239,-514370,4162
1688993727241,-514370,4162
1688993727242,-514370,4162
1688993727245,-514370,4162
1688993727249,-514370,4162
1688993727252,-514370,4162
1688993727254,-514370,4162
1688993727256,-514370,4162
1688993727260,-514370,4162
1688993727262,-514370,4162
1688993727264,-514370,4162
1688993727266,-514370,4162
1688993727268,-514370,4162
1688993727270,-514370,4162
1688993727272,-514370,4162
1688993727274,-514370,4162
1688993727276,-514370,4162
1688993727278,-514370,4162
1688993727280,-514370,4162
1688993727281,-514370,4162
1688993727283,-514370,4162
1688993727285,-514370,4162
1688993727286,-514370,4162
1688993727288,-514370,4162
1688993727291,-514370,4162
1688993727293,-514370,4162
1688993727295,-514370,4162
1688993727296,-514370,4162
1688993727298,-514370,4162
1688993727300,-514370,4162
1688993727301,-514370,4162
1688993727303,-514370,4162
1688993727304,-514370,4162
1688993727306,-514370,4162
1688993727308,-514370,4162
1688993727309,-514370,4162
1688993727311,-514370,4162
1688993727313,-514370,4162
1688993727314,-514370,4162
1688993727316,-514370,4162
1688993727318,-514370,4162
1688993727320,-514370,4162
1688993727321,-514370,4162
1688993727324,-514370,4162
1688993727326,-514370,4162
1688993727328,-514370,4162
1688993727329,-514370,4162
1688993727331,-514370,4162
1688993727333,-514370,4162
1688993727335,-514370,4162
1688993727336,-514370,4162
1688993727337,-514370,4162
1688993727339,-514370,4162
1688993727341,-514370,4162
1688993727342,-514370,4162
1688993727344,-514370,4162
1688993727345,-514370,4162
1688993727347,-514370,4162
1688993727348,-514370,4162
1688993727350,-514370,4162
1688993727352,-514370,4162
1688993727353,-514370,4162
1688993727355,-514370,4162
1688993727358,-514370,4162
1688993727360,-514370,4162
1688993727361,-514370,4162
1688993727363,-514370,4162
1688993727364,-514370,4162
1688993727365,-514370,4162
1688993727368,-514370,4162
1688993727369,-514370,4162
1688993727371,-514370,4162
1688993727372,-514370,4162
1688993727374,-514370,4162
1688993727376,-514370,4162
1688993727377,-514370,4162
1688993727379,-514370,4162
1688993727381,-514370,4162
1688993727382,-514370,4162
1688993727384,-514370,4162
1688993727386,-514370,4162
1688993727388,-514370,4162
1688993727390,-514370,4162
1688993727392,-514370,4162
1688993727394,-514370,4162
1688993727396,-514370,4162
1688993727398,-514370,4162
1688993727400,-514370,4162
1688993727401,-514370,4162
1688993727403,-514370,4162
1688993727404,-514370,4162
1688993727406,-514370,4162
1688993727407,-514370,4162
1688993727409,-514370,4162
1688993727412,-514370,4162
1688993727414,-514370,4162
1688993727416,-514370,4162
1688993727418,-514370,4162
1688993727419,-514370,4162
1688993727421,-514370,4162
1688993727424,-514370,4162
1688993727426,-514370,4162
1688993727428,-514370,4162
1688993727430,-514370,4162
1688993727431,-514370,4162
1688993727433,-514370,4162
1688993727434,-514370,4162
1688993727436,-514370,4162
1688993727437,-514370,4162
1688993727439,-514370,4162
1688993727441,-514370,4162
1688993727442,-514370,4162
1688993727444,-514370,4162
1688993727445,-514370,4162
1688993727448,-514370,4162
1688993727449,-514370,4162
1688993727451,-514370,4162
1688993727453,-514370,4162
1688993727455,-514370,4162
1688993727457,-514370,4162
1688993727459,-514370,4162
1688993727461,-514370,4162
1688993727464,-514370,4162
1688993727465,-514370,4162
1688993727468,-514370,4162
1688993727469,-514370,4162
1688993727471,-514370,4162
1688993727473,-514370,4162
1688993727474,-514370,4162
1688993727476,-514370,4162
1688993727478,-514370,4162
1688993727479,-514370,4162
1688993727481,-514370,4162
1688993727483,-514370,4162
1688993727484,-514370,4162
1688993727486,-514370,4162
1688993727488,-514370,4162
1688993727490,-514370,4162
1688993727492,-514370,4162
1688993727494,-514370,4162
1688993727496,-514370,4162
1688993727497,-514370,4162
1688993727499,-514370,4162
1688993727501,-514370,4162
1688993727502,-514370,4162
1688993727504,-514370,4162
1688993727505,-514370,4162
1688993727507,-514370,4162
1688993727509,-514370,4162
1688993727511,-514370,4162
1688993727512,-514370,4162
1688993727514,-514370,4162
1688993727516,-514370,4162
1688993727518,-514370,4162
1688993727520,-514370,4162
1688993727521,-514370,4162
1688993727524,-514370,4162
1688993727526,-514370,4162
1688993727528,-514370,4162
1688993727530,-514370,4162
1688993727531,-514370,4162
1688993727533,-514370,4162
1688993727535,-514370,4162
1688993727537,-514370,4162
1688993727539,-514370,4162
1688993727540,-514370,4162
1688993727542,-514370,4162
1688993727544,-514370,4162
1688993727545,-514370,4162
1688993727548,-514370,4162
1688993727549,-514370,4162
1688993727551,-514370,4162
1688993727553,-514370,4162
1688993727554,-514370,4162
1688993727557,-514370,4162
1688993727560,-514370,4162
1688993727562,-514370,4162
1688993727564,-514370,4162
1688993727565,-514370,4162
1688993727567,-514370,4162
1688993727569,-514370,4162
1688993727570,-514370,4162
1688993727572,-514370,4162
1688993727574,-514370,4162
1688993727576,-514370,4162
1688993727577,-514370,4162
1688993727579,-514370,4162
1688993727581,-514370,4162
1688993727583,-514370,4162
1688993727585,-514370,4162
1688993727587,-514370,4162
1688993727589,-514370,4162
1688993727593,-514370,4162
1688993727595,-514370,4162
1688993727597,-514370,4162
1688993727598,-514370,4162
1688993727600,-514370,4162
1688993727601,-514370,4162
1688993727603,-514370,4162
1688993727604,-514370,4162
1688993727606,-514370,4162
1688993727608,-514370,4162
1688993727610,-514370,4162
1688993727611,-514370,4162
1688993727613,-514370,4162
1688993727615,-514370,4162
1688993727616,-514370,4162
1688993727618,-514370,4162
1688993727620,-514370,4162
1688993727621,-514370,4162
1688993727623,-514370,4162
1688993727625,-514370,4162
1688993727627,-514370,4162
1688993727629,-514370,4162
1688993727631,-514370,4162
1688993727632,-514370,4162
1688993727634,-514370,4162
1688993727635,-514370,4162
1688993727637,-514370,4162
1688993727639,-514370,4162
1688993727641,-514370,4162
1688993727642,-514370,4162
1688993727644,-514370,4162
1688993727646,-514370,4162
1688993727648,-514370,4162
1688993727649,-514370,4162
1688993727651,-514370,4162
1688993727652,-514370,4162
1688993727654,-514370,4162
1688993727657,-514370,4162
1688993727659,-514370,4162
1688993727662,-514370,4162
1688993727664,-514370,4162
1688993727666,-514370,4162
1688993727668,-514370,4162
1688993727670,-514370,4162
1688993727671,-514370,4162
1688993727673,-514370,4162
1688993727674,-514370,4162
1688993727676,-514370,4162
1688993727678,-514370,4162
1688993727680,-514370,4162
1688993727681,-514370,4162
1688993727683,-514370,4162
1688993727685,-514370,4162
1688993727687,-514370,4162
1688993727689,-514370,4162
1688993727691,-514370,4162
1688993727693,-514370,4162
1688993727695,-514370,4162
1688993727696,-514370,4162
1688993727698,-514370,4162
1688993727699,-514370,4162
1688993727701,-514370,4162
1688993727702,-514370,4162
1688993727704,-514370,4162
1688993727706,-514370,4162
1688993727707,-514370,4162
1688993727709,-514370,4162
1688993727711,-514370,4162
1688993727713,-514370,4162
1688993727715,-514370,4162
1688993727716,-514370,4162
1688993727718,-514370,4162
1688993727720,-514370,4162
1688993727721,-514370,4162
1688993727724,-514370,4162
1688993727726,-514370,4162
1688993727728,-514370,4162
1688993727730,-514370,4162
1688993727732,-514370,4162
1688993727733,-514370,4162
1688993727735,-514370,4162
1688993727736,-514370,4162
1688993727738,-514370,4162
1688993727740,-514370,4162
1688993727741,-514370,4162
1688993727743,-514370,4162
1688993727745,-514370,4162
1688993727747,-514370,4162
1688993727749,-514370,4162
1688993727750,-514370,4162
1688993727752,-514370,4162
1688993727754,-514370,4162
1688993727756,-514370,4162
1688993727759,-514370,4162
1688993727760,-514370,4162
1688993727762,-514370,4162
1688993727764,-514370,4162
1688993727766,-514370,4162
1688993727768,-514370,4162
1688993727769,-514370,4162
1688993727771,-514370,4162
1688993727773,-514370,4162
1688993727774,-514370,4162
1688993727776,-514370,4162
1688993727777,-514370,4162
1688993727779,-514370,4162
1688993727781,-514370,4162
1688993727783,-514370,4162
1688993727785,-514370,4162
1688993727787,-514370,4162
1688993727788,-514370,4162
1688993727791,-514370,4162
1688993727793,-514370,4162
1688993727795,-514370,4162
1688993727796,-514370,4162
1688993727798,-514370,4162
1688993727799,-514370,4162
1688993727801,-514370,4162
1688993727803,-514370,4162
1688993727805,-514370,4162
1688993727806,-514370,4162
1688993727808,-514370,4162
1688993727810,-514370,4162
1688993727811,-514370,4162
1688993727813,-514370,4162
1688993727815,-514370,4162
1688993727816,-514370,4162
1688993727818,-514370,4162
1688993727819,-514370,4162
1688993727821,-514370,4162
1688993727823,-514370,4162
1688993727825,-514370,4162
1688993727827,-514370,4162
1688993727829,-514370,4162
1688993727831,-514370,4162
1688993727832,-514370,4162
1688993727834,-514370,4162
1688993727835,-514370,4162
1688993727837,-514370,4162
1688993727839,-514370,4162
1688993727840,-514370,4162
1688993727842,-514370,4162
1688993727844,-514370,4162
1688993727845,-514370,4162
1688993727847,-514370,4162
1688993727849,-514370,4162
1688993727851,-514370,4162
1688993727852,-514370,4162
1688993727854,-514370,4162
1688993727856,-514370,4162
1688993727858,-514370,4162
1688993727860,-514370,4162
1688993727862,-514370,4162
1688993727864,-514370,4162
1688993727866,-514370,4162
1688993727867,-514370,4162
1688993727869,-514370,4162
1688993727871,-514370,4162
1688993727873,-514370,4162
1688993727874,-514370,4162
1688993727876,-514370,4162
1688993727878,-514370,4162
1688993727879,-514370,4162
1688993727882,-514370,4162
1688993727884,-514370,4162
1688993727885,-514370,4162
1688993727887,-514370,4162
1688993727889,-514370,4162
1688993727891,-514370,4162
1688993727893,-514370,4162
1688993727895,-514370,4162
1688993727896,-514370,4162
1688993727898,-514370,4162
1688993727899,-514370,4162
1688993727901,-514370,4162
1688993727902,-514370,4162
1688993727904,-514370,4162
1688993727906,-514370,4162
1688993727907,-514370,4162
1688993727909,-514370,4162
1688993727911,-514370,4162
1688993727912,-514370,4162
1688993727914,-514370,4162
1688993727916,-514370,4162
1688993727917,-514370,4162
1688993727919,-514370,4162
1688993727922,-514370,4162
1688993727924,-514370,4162
1688993727926,-514370,4162
1688993727928,-514370,4162
1688993727930,-514370,4162
1688993727931,-514370,4162
1688993727932,-514370,4162
1688993727934,-514370,4162
1688993727935,-514370,4162
1688993727937,-514370,4162
1688993727939,-514370,4162
1688993727941,-514370,4162
1688993727943,-514370,4162
1688993727944,-514370,4162
1688993727946,-514370,4162
1688993727948,-514370,4162
1688993727949,-514370,4162
1688993727951,-514370,4162
1688993727953,-514370,4162
1688993727954,-514370,4162
1688993727957,-514370,4162
1688993727959,-514370,4162
1688993727961,-514370,4162
1688993727963,-514370,4162
1688993727964,-514370,4162
1688993727966,-514370,4162
1688993727968,-514370,4162
1688993727969,-514370,4162
1688993727971,-514370,4162
1688993727972,-514370,4162
1688993727974,-514370,4162
1688993727976,-514370,4162
1688993727978,-514370,4162
1688993727980,-514370,4162
1688993727982,-514370,4162
1688993727984,-514370,4162
1688993727985,-514370,4162
1688993727987,-514370,4162
1688993727989,-514370,4162
1688993727993,-514370,4162
1688993727995,-514370,4162
1688993727996,-514370,4162
1688993727998,-514370,4162
1688993728000,-514370,4162
1688993728001,-514370,4162
1688993728003,-514370,4162
1688993728005,-514370,4162
1688993728007,-514370,4162
1688993728009,-514370,4162
1688993728010,-514370,4162
1688993728012,-514370,4162
1688993728014,-514370,4162
1688993728016,-514370,4162
1688993728017,-514370,4162
1688993728019,-514370,4162
1688993728022,-514370,4162
1688993728024,-514370,4162
1688993728026,-514370,4162
1688993728028,-514370,4162
1688993728030,-514370,4162
1688993728032,-514370,4162
1688993728033,-514370,4162
1688993728035,-514370,4162
1688993728037,-514370,4162
1688993728038,-514370,4162
1688993728040,-514370,4162
1688993728042,-514370,4162
1688993728044,-514370,4162
1688993728045,-514370,4162
1688993728047,-514370,4162
1688993728049,-514370,4162
1688993728051,-514370,4162
1688993728052,-514370,4162
1688993728054,-514370,4162
1688993728057,-514370,4162
1688993728059,-514370,4162
1688993728061,-514370,4162
1688993728063,-514370,4162
1688993728065,-514370,4162
1688993728066,-514370,4162
1688993728068,-514370,4162
1688993728070,-514370,4162
1688993728071,-514370,4162
1688993728073,-514370,4162
1688993728075,-514370,4162
1688993728076,-514370,4162
1688993728078,-514370,4162
1688993728081,-514370,4162
1688993728083,-514370,4162
1688993728084,-514370,4162
1688993728086,-514370,4162
1688993728088,-514370,4162
1688993728092,-514370,4162
1688993728094,-514370,4162
1688993728095,-514370,4162
1688993728097,-514370,4162
1688993728098,-514370,4162
1688993728100,-514370,4162
1688993728102,-514370,4162
1688993728103,-514370,4162
1688993728105,-514370,4162
1688993728106,-514370,4162
1688993728108,-514370,4162
1688993728109,-514370,4162
1688993728111,-514370,4162
1688993728113,-514370,4162
1688993728115,-514370,4162
1688993728117,-514370,4162
1688993728119,-514370,4162
1688993728121,-514370,4162
1688993728123,-514370,4162
1688993728125,-514370,4162
1688993728127,-514370,4162
1688993728129,-514370,4162
1688993728131,-514370,4162
1688993728132,-514370,4162
1688993728134,-514370,4162
1688993728135,-514370,4162
1688993728138,-514370,4162
1688993728140,-514370,4162
1688993728141,-514370,4162
1688993728142,-514370,4162
1688993728144,-514370,4162
1688993728146,-514370,4162
1688993728148,-514370,4162
1688993728149,-514370,4162
1688993728151,-514370,4162
1688993728152,-514370,4162
1688993728154,-514370,4162
1688993728156,-514370,4162
1688993728158,-514370,4162
1688993728160,-514370,4162
1688993728162,-514370,4162
1688993728163,-514370,4162
1688993728165,-514370,4162
1688993728166,-514370,4162
1688993728168,-514370,4162
1688993728169,-514370,4162
1688993728171,-514370,4162
1688993728172,-514370,4162
1688993728174,-514370,4162
1688993728175,-514370,4162
1688993728177,-514370,4162
1688993728179,-514370,4162
1688993728181,-514370,4162
1688993728182,-514370,4162
1688993728184,-514370,4162
1688993728185,-514370,4162
1688993728187,-514370,4162
1688993728189,-514370,4162
1688993728193,-514370,4162
1688993728195,-514370,4162
1688993728197,-514370,4162
1688993728199,-514370,4162
1688993728201,-514370,4162
1688993728203,-514370,4162
1688993728204,-514370,4162
1688993728206,-514370,4162
1688993728208,-514370,4162
1688993728209,-514370,4162
1688993728211,-514370,4162
1688993728212,-514370,4162
1688993728214,-514370,4162
1688993728216,-514370,4162
1688993728218,-514370,4162
1688993728220,-514370,4162
1688993728221,-514370,4162
1688993728223,-514370,4162
1688993728225,-514370,4162
1688993728227,-514370,4162
1688993728229,-514370,4162
1688993728230,-514370,4162
1688993728232,-514370,4162
1688993728234,-514370,4162
1688993728235,-514370,4162
1688993728237,-514370,4162
1688993728239,-514370,4162
1688993728240,-514370,4162
1688993728242,-514370,4162
1688993728244,-514370,4162
1688993728245,-514370,4162
1688993728247,-514370,4162
1688993728249,-514370,4162
1688993728251,-514370,4162
1688993728253,-514370,4162
1688993728254,-514370,4162
1688993728257,-514370,4162
1688993728259,-514370,4162
1688993728261,-514370,4162
1688993728263,-514370,4162
1688993728265,-514370,4162
1688993728267,-514370,4162
1688993728268,-514370,4162
1688993728270,-514370,4162
1688993728272,-514370,4162
1688993728274,-514370,4162
1688993728276,-514370,4162
1688993728279,-514370,4162
1688993728281,-514370,4162
1688993728283,-514370,4162
1688993728285,-514370,4162
1688993728286,-514370,4162
1688993728288,-514370,4162
1688993728291,-514370,4162
1688993728292,-514370,4162
1688993728294,-514370,4162
1688993728296,-514370,4162
1688993728298,-514370,4162
1688993728299,-514370,4162
1688993728301,-514370,4162
1688993728303,-514370,4162
1688993728304,-514370,4162
1688993728306,-514370,4162
1688993728307,-514370,4162
1688993728309,-514370,4162
1688993728311,-514370,4162
1688993728312,-514370,4162
1688993728314,-514370,4162
1688993728317,-514370,4162
1688993728319,-514370,4162
1688993728321,-514370,4162
1688993728323,-514370,4162
1688993728325,-514370,4162
1688993728327,-514370,4162
1688993728329,-514370,4162
1688993728331,-514370,4162
1688993728333,-514370,4162
1688993728334,-514370,4162
1688993728336,-514370,4162
1688993728338,-514370,4162
1688993728340,-514370,4162
1688993728341,-514370,4162
1688993728343,-514370,4162
1688993728345,-514370,4162
1688993728346,-514370,4162
1688993728348,-514370,4162
1688993728350,-514370,4162
1688993728351,-514370,4162
1688993728353,-514370,4162
1688993728355,-514370,4162
1688993728357,-514370,4162
1688993728359,-514370,4162
1688993728361,-514370,4162
1688993728363,-514370,4162
1688993728364,-514370,4162
1688993728366,-514370,4162
1688993728367,-514370,4162
1688993728369,-514370,4162
1688993728370,-514370,4162
1688993728372,-514370,4162
1688993728374,-514370,4162
1688993728376,-514370,4162
1688993728378,-514370,4162
1688993728379,-514370,4162
1688993728381,-514370,4162
1688993728382,-514370,4162
1688993728384,-514370,4162
1688993728386,-514370,4162
1688993728388,-514370,4162
1688993728390,-514370,4162
1688993728392,-514370,4162
1688993728395,-514370,4162
1688993728397,-514370,4162
1688993728398,-514370,4162
1688993728400,-514370,4162
1688993728402,-514370,4162
1688993728404,-514370,4162
1688993728405,-514370,4162
1688993728407,-514370,4162
1688993728408,-514370,4162
1688993728410,-514370,4162
1688993728411,-514370,4162
1688993728413,-514370,4162
1688993728415,-514370,4162
1688993728417,-514370,4162
1688993728418,-514370,4162
1688993728421,-514370,4162
1688993728423,-514370,4162
1688993728425,-514370,4162
1688993728427,-514370,4162
1688993728429,-514370,4162
1688993728431,-514370,4162
1688993728432,-514370,4162
1688993728434,-514370,4162
1688993728436,-514370,4162
1688993728437,-514370,4162
1688993728439,-514370,4162
1688993728441,-514370,4162
1688993728442,-514370,4162
1688993728444,-514370,4162
1688993728446,-514370,4162
1688993728448,-514370,4162
1688993728450,-514370,4162
1688993728451,-514370,4162
1688993728453,-514370,4162
1688993728455,-514370,4162
1688993728458,-514370,4162
1688993728460,-514370,4162
1688993728461,-514370,4162
1688993728464,-514370,4162
1688993728465,-514370,4162
1688993728468,-514370,4162
1688993728470,-514370,4162
1688993728472,-514370,4162
1688993728475,-514370,4162
1688993728476,-514370,4162
1688993728478,-514370,4162
1688993728479,-514370,4162
1688993728482,-514370,4162
1688993728483,-514370,4162
1688993728485,-514370,4162
1688993728487,-514370,4162
1688993728488,-514370,4162
1688993728490,-514370,4162
1688993728493,-514370,4162
1688993728495,-514370,4162
1688993728496,-514370,4162
1688993728498,-514370,4162
1688993728499,-514370,4162
1688993728501,-514370,4162
1688993728502,-514370,4162
1688993728504,-514370,4162
1688993728505,-514370,4162
1688993728507,-514370,4162
1688993728508,-514370,4162
1688993728510,-514370,4162
1688993728512,-514370,4162
1688993728514,-514370,4162
1688993728516,-514370,4162
1688993728517,-514370,4162
1688993728519,-514370,4162
1688993728521,-514370,4162
1688993728523,-514370,4162
1688993728526,-514370,4162
1688993728528,-514370,4162
1688993728529,-514370,4162
1688993728531,-514370,4162
1688993728533,-514370,4162
1688993728535,-514370,4162
1688993728537,-514370,4162
1688993728539,-514370,4162
1688993728540,-514370,4162
1688993728542,-514370,4162
1688993728544,-514370,4162
1688993728545,-514370,4162
1688993728547,-514370,4162
1688993728549,-514370,4162
1688993728552,-514370,4162
1688993728553,-514370,4162
1688993728556,-514370,4162
1688993728558,-514370,4162
1688993728560,-514370,4162
1688993728562,-514370,4162
1688993728564,-514370,4162
1688993728565,-514370,4162
1688993728567,-514370,4162
1688993728569,-514370,4162
1688993728571,-514370,4162
1688993728572,-514370,4162
1688993728574,-514370,4162
1688993728575,-514370,4162
1688993728577,-514370,4162
1688993728579,-514370,4162
1688993728581,-514370,4162
1688993728582,-514370,4162
1688993728583,-514370,4162
1688993728585,-514370,4162
1688993728587,-514370,4162
1688993728589,-514370,4162
1688993728593,-514370,4162
1688993728595,-514370,4162
1688993728596,-514370,4162
1688993728598,-514370,4162
1688993728600,-514370,4162
1688993728602,-514370,4162
1688993728604,-514370,4162
1688993728605,-514370,4162
1688993728607,-514370,4162
1688993728608,-514370,4162
1688993728610,-514370,4162
1688993728612,-514370,4162
1688993728614,-514370,4162
1688993728616,-514370,4162
1688993728618,-514370,4162
1688993728619,-514370,4162
1688993728621,-514370,4162
1688993728623,-514370,4162
1688993728625,-514370,4162
1688993728627,-514370,4162
1688993728629,-514370,4162
1688993728631,-514370,4162
1688993728632,-514370,4162
1688993728634,-514370,4162
1688993728636,-514370,4162
1688993728637,-514370,4162
1688993728639,-514370,4162
1688993728641,-514370,4162
1688993728642,-514370,4162
1688993728644,-514370,4162
1688993728646,-514370,4162
1688993728648,-514370,4162
1688993728649,-514370,4162
1688993728651,-514370,4162
1688993728653,-514370,4162
1688993728654,-514370,4162
1688993728657,-514370,4162
1688993728659,-514370,4162
1688993728661,-514370,4162
1688993728663,-514370,4162
1688993728665,-514370,4162
1688993728666,-514370,4162
1688993728668,-514370,4162
1688993728669,-514370,4162
1688993728671,-514370,4162
1688993728673,-514370,4162
1688993728674,-514370,4162
1688993728676,-514370,4162
1688993728678,-514370,4162
1688993728679,-514370,4162
1688993728681,-514370,4162
1688993728683,-514370,4162
1688993728684,-514370,4162
1688993728685,-514370,4162
1688993728687,-514370,4162
1688993728691,-514370,4162
1688993728693,-514370,4162
1688993728694,-514370,4162
1688993728696,-514370,4162
1688993728697,-514370,4162
1688993728699,-514370,4162
1688993728701,-514370,4162
1688993728702,-514370,4162
1688993728704,-514370,4162
1688993728705,-514370,4162
1688993728707,-514370,4162
1688993728708,-514370,4162
1688993728711,-514370,4162
1688993728712,-514370,4162
1688993728714,-514370,4162
1688993728716,-514370,4162
1688993728717,-514370,4162
1688993728719,-514370,4162
1688993728721,-514370,4162
1688993728723,-514370,4162
1688993728725,-514370,4162
1688993728728,-514370,4162
1688993728729,-514370,4162
1688993728731,-514370,4162
1688993728733,-514370,4162
1688993728735,-514370,4162
1688993728736,-514370,4162
1688993728738,-514370,4162
1688993728740,-514370,4162
1688993728741,-514370,4162
1688993728743,-514370,4162
1688993728744,-514370,4162
1688993728746,-514370,4162
1688993728749,-514370,4162
1688993728750,-514370,4162
1688993728752,-514370,4162
1688993728754,-514370,4162
1688993728756,-514370,4162
1688993728758,-514370,4162
1688993728760,-514370,4162
1688993728761,-514370,4162
1688993728763,-514370,4162
1688993728764,-514370,4162
1688993728766,-514370,4162
1688993728768,-514370,4162
1688993728769,-514370,4162
1688993728771,-514370,4162
1688993728772,-514370,4162
1688993728774,-514370,4162
1688993728775,-514370,4162
1688993728777,-514370,4162
1688993728779,-514370,4162
1688993728780,-514370,4162
1688993728782,-514370,4162
1688993728784,-514370,4162
1688993728785,-514370,4162
1688993728787,-514370,4162
1688993728790,-514370,4162
1688993728792,-514370,4162
1688993728794,-514370,4162
1688993728796,-514370,4162
1688993728798,-514370,4162
1688993728799,-514370,4162
1688993728801,-514370,4162
1688993728803,-514370,4162
1688993728804,-514370,4162
1688993728805,-514370,4162
1688993728807,-514370,4162
1688993728809,-514370,4162
1688993728811,-514370,4162
1688993728812,-514370,4162
1688993728815,-514370,4162
1688993728816,-514370,4162
1688993728818,-514370,4162
1688993728820,-514370,4162
1688993728821,-514370,4162
1688993728825,-514370,4162
1688993728827,-514370,4162
1688993728829,-514370,4162
1688993728831,-514370,4162
1688993728832,-514370,4162
1688993728834,-514370,4162
1688993728836,-514370,4162
1688993728838,-514370,4162
1688993728840,-514370,4162
1688993728841,-514370,4162
1688993728843,-514370,4162
1688993728845,-514370,4162
1688993728847,-514370,4162
1688993728849,-514370,4162
1688993728851,-514370,4162
1688993728852,-514370,4162
1688993728854,-514370,4162
1688993728856,-514370,4162
1688993728859,-514370,4162
1688993728861,-514370,4162
1688993728863,-514370,4162
1688993728865,-514370,4162
1688993728867,-514370,4162
1688993728868,-514370,4162
1688993728870,-514370,4162
1688993728872,-514370,4162
1688993728873,-514370,4162
1688993728875,-514370,4162
1688993728876,-514370,4162
1688993728878,-514370,4162
1688993728879,-514370,4162
1688993728881,-514370,4162
1688993728882,-514370,4162
1688993728884,-514370,4162
1688993728886,-514370,4162
1688993728888,-514370,4162
1688993728890,-514370,4162
1688993728892,-514370,4162
1688993728894,-514370,4162
1688993728896,-514370,4162
1688993728898,-514370,4162
1688993728899,-514370,4162
1688993728901,-514370,4162
1688993728903,-514370,4162
1688993728904,-514370,4162
1688993728906,-514370,4162
1688993728908,-514370,4162
1688993728909,-514370,4162
1688993728911,-514370,4162
1688993728913,-514370,4162
1688993728915,-514370,4162
1688993728917,-514370,4162
1688993728919,-514370,4162
1688993728920,-514370,4162
1688993728922,-514370,4162
1688993728924,-514370,4162
1688993728927,-514370,4162
1688993728928,-514370,4162
1688993728930,-514370,4162
1688993728932,-514370,4162
1688993728934,-514370,4162
1688993728936,-514370,4162
1688993728937,-514370,4162
1688993728939,-514370,4162
1688993728941,-514370,4162
1688993728943,-514370,4162
1688993728944,-514370,4162
1688993728946,-514370,4162
1688993728948,-514370,4162
1688993728950,-514370,4162
1688993728952,-514370,4162
1688993728953,-514370,4162
1688993728955,-514370,4162
1688993728957,-514370,4162
1688993728959,-514370,4162
1688993728961,-514370,4162
1688993728962,-514370,4162
1688993728964,-514370,4162
1688993728966,-514370,4162
1688993728967,-514370,4162
1688993728969,-514370,4162
1688993728970,-514370,4162
1688993728972,-514370,4162
1688993728973,-514370,4162
1688993728975,-514370,4162
1688993728976,-514370,4162
1688993728978,-514370,4162
1688993728980,-514370,4162
1688993728982,-514370,4162
1688993728983,-514370,4162
1688993728985,-514370,4162
1688993728987,-514370,4162
1688993728988,-514370,4162
1688993728991,-514370,4162
1688993728993,-514370,4162
1688993728995,-514370,4162
1688993728997,-514370,4162
1688993728999,-514370,4162
1688993729000,-514370,4162
1688993729002,-514370,4162
1688993729003,-514370,4162
1688993729005,-514370,4162
1688993729007,-514370,4162
1688993729008,-514370,4162
1688993729010,-514370,4162
1688993729011,-514370,4162
1688993729013,-514370,4162
1688993729015,-514370,4162
1688993729016,-514370,4162
1688993729018,-514370,4162
1688993729019,-514370,4162
1688993729021,-514370,4162
1688993729023,-514370,4162
1688993729025,-514370,4162
1688993729027,-514370,4162
1688993729029,-514370,4162
1688993729031,-514370,4162
1688993729032,-514370,4162
1688993729034,-514370,4162
1688993729036,-514370,4162
1688993729037,-514370,4162
1688993729039,-514370,4162
1688993729041,-514370,4162
1688993729043,-514370,4162
1688993729044,-514370,4162
1688993729046,-514370,4162
1688993729048,-514370,4162
1688993729050,-514370,4162
1688993729052,-514370,4162
1688993729053,-514370,4162
1688993729055,-514370,4162
1688993729057,-514370,4162
1688993729059,-514370,4162
1688993729061,-514370,4162
1688993729064,-514370,4162
1688993729066,-514370,4162
1688993729067,-514370,4162
1688993729069,-514370,4162
1688993729070,-514370,4162
1688993729072,-514370,4162
1688993729074,-514370,4162
1688993729075,-514370,4162
1688993729076,-514370,4162
1688993729078,-514370,4162
1688993729080,-514370,4162
1688993729082,-514370,4162
1688993729083,-514370,4162
1688993729085,-514370,4162
1688993729087,-514370,4162
1688993729089,-514370,4162
1688993729091,-514370,4162
1688993729093,-514370,4162
1688993729095,-514370,4162
1688993729096,-514370,4162
1688993729098,-514370,4162
1688993729099,-514370,4162
1688993729101,-514370,4162
1688993729103,-514370,4162
1688993729104,-514370,4162
1688993729106,-514370,4162
1688993729108,-514370,4162
1688993729109,-514370,4162
1688993729111,-514370,4162
1688993729113,-514370,4162
1688993729114,-514370,4162
1688993729116,-514370,4162
1688993729118,-514370,4162
1688993729119,-514370,4162
1688993729121,-514370,4162
1688993729124,-514370,4162
1688993729126,-514370,4162
1688993729128,-514370,4162
1688993729130,-514370,4162
1688993729132,-514370,4162
1688993729133,-514370,4162
1688993729135,-514370,4162
1688993729136,-514370,4162
1688993729138,-514370,4162
1688993729140,-514370,4162
1688993729142,-514370,4162
1688993729144,-514370,4162
1688993729146,-514370,4162
1688993729147,-514370,4162
1688993729149,-514370,4162
1688993729151,-514370,4162
1688993729152,-514370,4162
1688993729156,-514370,4162
1688993729158,-514370,4162
1688993729160,-514370,4162
1688993729162,-514370,4162
1688993729164,-514370,4162
1688993729166,-514370,4162
1688993729167,-514370,4162
1688993729169,-514370,4162
1688993729171,-514370,4162
1688993729172,-514370,4162
1688993729174,-514370,4162
1688993729176,-514370,4162
1688993729177,-514370,4162
1688993729179,-514370,4162
1688993729181,-514370,4162
1688993729183,-514370,4162
1688993729185,-514370,4162
1688993729187,-514370,4162
1688993729193,-514370,4162
1688993729195,-514370,4162
1688993729196,-514370,4162
1688993729198,-514370,4162
1688993729199,-514370,4162
1688993729201,-514370,4162
1688993729203,-514370,4162
1688993729205,-514370,4162
1688993729206,-514370,4162
1688993729208,-514370,4162
1688993729209,-514370,4162
1688993729211,-514370,4162
1688993729213,-514370,4162
1688993729215,-514370,4162
1688993729216,-514370,4162
1688993729218,-514370,4162
1688993729219,-514370,4162
1688993729221,-514370,4162
1688993729227,-514370,4162
1688993729229,-514370,4162
1688993729230,-514370,4162
1688993729232,-514370,4162
1688993729234,-514370,4162
1688993729235,-514370,4162
1688993729237,-514370,4162
1688993729238,-514370,4162
1688993729240,-514370,4162
1688993729242,-514370,4162
1688993729244,-514370,4162
1688993729246,-514370,4162
1688993729248,-514370,4162
1688993729249,-514370,4162
1688993729251,-514370,4162
1688993729252,-514370,4162
1688993729254,-514370,4162
1688993729256,-514370,4162
1688993729258,-514370,4162
1688993729261,-514370,4162
1688993729263,-514370,4162
1688993729265,-514370,4162
1688993729266,-514370,4162
1688993729268,-514370,4162
1688993729270,-514370,4162
1688993729271,-514370,4162
1688993729272,-514370,4162
1688993729274,-514370,4162
1688993729276,-514370,4162
1688993729278,-514370,4162
1688993729279,-514370,4162
1688993729281,-514370,4162
1688993729283,-514370,4162
1688993729285,-514370,4162
1688993729287,-514370,4162
1688993729289,-514370,4162
1688993729291,-514370,4162
1688993729292,-514370,4162
1688993729294,-514370,4162
1688993729298,-514370,4162
1688993729300,-514370,4162
1688993729303,-514370,4162
1688993729304,-514370,4162
1688993729306,-514370,4162
1688993729308,-514370,4162
1688993729309,-514370,4162
1688993729311,-514370,4162
1688993729313,-514370,4162
1688993729315,-514370,4162
1688993729317,-514370,4162
1688993729319,-514370,4162
1688993729321,-514370,4162
1688993729325,-514370,4162
1688993729327,-514370,4162
1688993729329,-514370,4162
1688993729331,-514370,4162
1688993729333,-514370,4162
1688993729334,-514370,4162
1688993729336,-514370,4162
1688993729338,-514370,4162
1688993729340,-514370,4162
1688993729342,-514370,4162
1688993729344,-514370,4162
1688993729345,-514370,4162
1688993729347,-514370,4162
1688993729349,-514370,4162
1688993729351,-514370,4162
1688993729352,-514370,4162
1688993729354,-514370,4162
1688993729357,-514370,4162
1688993729359,-514370,4162
1688993729363,-514370,4162
1688993729365,-514370,4162
1688993729367,-514370,4162
1688993729369,-514370,4162
1688993729370,-514370,4162
1688993729372,-514370,4162
1688993729374,-514370,4162
1688993729375,-514370,4162
1688993729377,-514370,4162
1688993729379,-514370,4162
1688993729381,-514370,4162
1688993729383,-514370,4162
1688993729385,-514370,4162
1688993729386,-514370,4162
1688993729388,-514370,4162
1688993729393,-514370,4162
1688993729395,-514370,4162
1688993729397,-514370,4162
1688993729398,-514370,4162
1688993729400,-514370,4162
1688993729402,-514370,4162
1688993729404,-514370,4162
1688993729406,-514370,4162
1688993729407,-514370,4162
1688993729409,-514370,4162
1688993729410,-514370,4162
1688993729412,-514370,4162
1688993729414,-514370,4162
1688993729416,-514370,4162
1688993729417,-514370,4162
1688993729420,-514370,4162
1688993729422,-514370,4162
1688993729424,-514370,4162
1688993729426,-514370,4162
1688993729427,-514370,4162
1688993729429,-514370,4162
1688993729431,-514370,4162
1688993729432,-514370,4162
1688993729434,-514370,4162
1688993729435,-514370,4162
1688993729437,-514370,4162
1688993729438,-514370,4162
1688993729440,-514370,4162
1688993729442,-514370,4162
1688993729444,-514370,4162
1688993729446,-514370,4162
1688993729448,-514370,4162
1688993729449,-514370,4162
1688993729451,-514370,4162
1688993729453,-514370,4162
1688993729454,-514370,4162
1688993729456,-514370,4162
1688993729458,-514370,4162
1688993729460,-514370,4162
1688993729462,-514370,4162
1688993729464,-514370,4162
1688993729466,-514370,4162
1688993729468,-514370,4162
1688993729469,-514370,4162
1688993729471,-514370,4162
1688993729472,-514370,4162
1688993729474,-514370,4162
1688993729476,-514370,4162
1688993729477,-514370,4162
1688993729479,-514370,4162
1688993729481,-514370,4162
1688993729483,-514370,4162
1688993729484,-514370,4162
1688993729486,-514370,4162
1688993729488,-514370,4162
1688993729492,-514370,4162
1688993729494,-514370,4162
1688993729496,-514370,4162
1688993729498,-514370,4162
1688993729500,-514370,4162
1688993729502,-514370,4162
1688993729504,-514370,4162
1688993729505,-514370,4162
1688993729507,-514370,4162
1688993729509,-514370,4162
1688993729510,-514370,4162
1688993729512,-514370,4162
1688993729514,-514370,4162
1688993729516,-514370,4162
1688993729518,-514370,4162
1688993729520,-514370,4162
1688993729521,-514370,4162
1688993729524,-514370,4162
1688993729526,-514370,4162
1688993729528,-514370,4162
1688993729529,-514370,4162
1688993729531,-514370,4162
1688993729533,-514370,4162
1688993729534,-514370,4162
1688993729536,-514370,4162
1688993729538,-514370,4162
1688993729540,-514370,4162
1688993729542,-514370,4162
1688993729544,-514370,4162
1688993729545,-514370,4162
1688993729547,-514370,4162
1688993729549,-514370,4162
1688993729551,-514370,4162
1688993729552,-514370,4162
1688993729554,-514370,4162
1688993729557,-514370,4162
1688993729559,-514370,4162
1688993729561,-514370,4162
1688993729563,-514370,4162
1688993729564,-514370,4162
1688993729566,-514370,4162
1688993729568,-514370,4162
1688993729569,-514370,4162
1688993729571,-514370,4162
1688993729572,-514370,4162
1688993729574,-514370,4162
1688993729576,-514370,4162
1688993729578,-514370,4162
1688993729579,-514370,4162
1688993729581,-514370,4162
1688993729583,-514370,4162
1688993729585,-514370,4162
1688993729587,-514370,4162
1688993729588,-514370,4162
1688993729591,-514370,4162
1688993729593,-514370,4162
1688993729595,-514370,4162
1688993729598,-514370,4162
1688993729600,-514370,4162
1688993729601,-514370,4162
1688993729603,-514370,4162
1688993729605,-514370,4162
1688993729606,-514370,4162
1688993729608,-514370,4162
1688993729610,-514370,4162
1688993729611,-514370,4162
1688993729613,-514370,4162
1688993729615,-514370,4162
1688993729617,-514370,4162
1688993729619,-514370,4162
1688993729620,-514370,4162
1688993729622,-514370,4162
1688993729624,-514370,4162
1688993729626,-514370,4162
1688993729628,-514370,4162
1688993729629,-514370,4162
1688993729631,-514370,4162
1688993729632,-514370,4162
1688993729634,-514370,4162
1688993729636,-514370,4162
1688993729638,-514370,4162
1688993729640,-514370,4162
1688993729641,-514370,4162
1688993729643,-514370,4162
1688993729645,-514370,4162
1688993729647,-514370,4162
1688993729649,-514370,4162
1688993729651,-514370,4162
1688993729652,-514370,4162
1688993729654,-514370,4162
1688993729656,-514370,4162
1688993729658,-514370,4162
1688993729660,-514370,4162
1688993729662,-514370,4162
1688993729664,-514370,4162
1688993729666,-514370,4162
1688993729668,-514370,4162
1688993729669,-514370,4162
1688993729671,-514370,4162
1688993729672,-514370,4162
1688993729674,-514370,4162
1688993729676,-514370,4162
1688993729678,-514370,4162
1688993729680,-514370,4162
1688993729685,-514370,4162
1688993729687,-514370,4162
1688993729689,-514370,4162
1688993729694,-514370,4162
1688993729698,-514370,4162
1688993729700,-514370,4162
1688993729702,-514370,4162
1688993729704,-514370,4162
1688993729705,-514370,4162
1688993729709,-514370,4162
1688993729710,-514370,4162
1688993729713,-514370,4162
1688993729715,-514370,4162
1688993729717,-514370,4162
1688993729718,-514370,4162
1688993729720,-514370,4162
1688993729722,-514370,4162
1688993729724,-514370,4162
1688993729726,-514370,4162
1688993729728,-514370,4162
1688993729730,-514370,4162
1688993729732,-514370,4162
1688993729734,-514370,4162
1688993729736,-514370,4162
1688993729737,-514370,4162
1688993729739,-514370,4162
1688993729740,-514370,4162
1688993729742,-514370,4162
1688993729743,-514370,4162
1688993729745,-514370,4162
1688993729747,-514370,4162
1688993729748,-514370,4162
1688993729749,-514370,4162
1688993729751,-514370,4162
1688993729753,-514370,4162
1688993729755,-514370,4162
1688993729757,-514370,4162
1688993729759,-514370,4162
1688993729761,-514370,4162
1688993729762,-514370,4162
1688993729764,-514370,4162
1688993729765,-514370,4162
1688993729766,-514370,4162
1688993729768,-514370,4162
1688993729769,-514370,4162
1688993729771,-514370,4162
1688993729772,-514370,4162
1688993729774,-514370,4162
1688993729776,-514370,4162
1688993729777,-514370,4162
1688993729779,-514370,4162
1688993729781,-514370,4162
1688993729783,-514370,4162
1688993729784,-514370,4162
1688993729786,-514370,4162
1688993729787,-514370,4162
1688993729789,-514370,4162
1688993729791,-514370,4162
1688993729793,-514370,4162
1688993729795,-514370,4162
1688993729797,-514370,4162
1688993729798,-514370,4162
1688993729800,-514370,4162
1688993729802,-514370,4162
1688993729804,-514370,4162
1688993729806,-514370,4162
1688993729807,-514370,4162
1688993729809,-514370,4162
1688993729810,-514370,4162
1688993729812,-514370,4162
1688993729815,-514370,4162
1688993729817,-514370,4162
1688993729818,-514370,4162
1688993729820,-514370,4162
1688993729822,-514370,4162
1688993729824,-514370,4162
1688993729828,-514370,4162
1688993729830,-514370,4162
1688993729832,-514370,4162
1688993729834,-514370,4162
1688993729836,-514370,4162
1688993729838,-514370,4162
1688993729839,-514370,4162
1688993729841,-514370,4162
1688993729843,-514370,4162
1688993729845,-514370,4162
1688993729847,-514370,4162
1688993729849,-514370,4162
1688993729850,-514370,4162
1688993729852,-514370,4162
1688993729854,-514370,4162
1688993729856,-514370,4162
1688993729858,-514370,4162
1688993729860,-514370,4162
1688993729862,-514370,4162
1688993729864,-514370,4162
1688993729865,-514370,4162
1688993729867,-514370,4162
1688993729868,-514370,4162
1688993729870,-514370,4162
1688993729872,-514370,4162
1688993729874,-514370,4162
1688993729876,-514370,4162
1688993729877,-514370,4162
1688993729879,-514370,4162
1688993729881,-514370,4162
1688993729882,-514370,4162
1688993729884,-514370,4162
1688993729885,-514370,4162
1688993729887,-514370,4162
1688993729889,-514370,4162
1688993729891,-514370,4162
1688993729893,-514370,4162
1688993729894,-514370,4162
1688993729896,-514370,4162
1688993729898,-514370,4162
1688993729899,-514370,4162
1688993729901,-514370,4162
1688993729902,-514370,4162
1688993729904,-514370,4162
1688993729905,-514370,4162
1688993729907,-514370,4162
1688993729908,-514370,4162
1688993729910,-514370,4162
1688993729912,-514370,4162
1688993729914,-514370,4162
1688993729916,-514370,4162
1688993729917,-514370,4162
1688993729919,-514370,4162
1688993729920,-514370,4162
1688993729922,-514370,4162
1688993729924,-514370,4162
1688993729926,-514370,4162
1688993729928,-514370,4162
1688993729930,-514370,4162
1688993729932,-514370,4162
1688993729934,-514370,4162
1688993729935,-514370,4162
1688993729937,-514370,4162
1688993729939,-514370,4162
1688993729940,-514370,4162
1688993729942,-514370,4162
1688993729943,-514370,4162
1688993729945,-514370,4162
1688993729947,-514370,4162
1688993729949,-514370,4162
1688993729951,-514370,4162
1688993729953,-514370,4162
1688993729955,-514370,4162
1688993729957,-514370,4162
1688993729959,-514370,4162
1688993729961,-514370,4162
1688993729962,-514370,4162
1688993729964,-514370,4162
1688993729965,-514370,4162
1688993729967,-514370,4162
1688993729968,-514370,4162
1688993729970,-514370,4162
1688993729972,-514370,4162
1688993729974,-514370,4162
1688993729975,-514370,4162
1688993729976,-514370,4162
1688993729978,-514370,4162
1688993729980,-514370,4162
1688993729982,-514370,4162
1688993729983,-514370,4162
1688993729985,-514370,4162
1688993729986,-514370,4162
1688993729988,-514370,4162
1688993729990,-514370,4162
1688993729992,-514370,4162
1688993729995,-514370,4162
1688993729997,-514370,4162
1688993729999,-514370,4162
1688993730000,-514370,4162
1688993730002,-514370,4162
1688993730003,-514370,4162
1688993730005,-514370,4162
1688993730007,-514370,4162
1688993730008,-514370,4162
1688993730010,-514370,4162
1688993730012,-514370,4162
1688993730014,-514370,4162
1688993730016,-514370,4162
1688993730017,-514370,4162
1688993730019,-514370,4162
1688993730020,-514370,4162
1688993730023,-514370,4162
1688993730025,-514370,4162
1688993730027,-514370,4162
1688993730028,-514370,4162
1688993730030,-514370,4162
1688993730032,-514370,4162
1688993730033,-514370,4162
1688993730034,-514370,4162
1688993730036,-514370,4162
1688993730037,-514370,4162
1688993730039,-514370,4162
1688993730040,-514370,4162
1688993730042,-514370,4162
1688993730043,-514370,4162
1688993730045,-514370,4162
1688993730047,-514370,4162
1688993730049,-514370,4162
1688993730051,-514370,4162
1688993730052,-514370,4162
1688993730054,-514370,4162
1688993730056,-514370,4162
1688993730058,-514370,4162
1688993730061,-514370,4162
1688993730063,-514370,4162
1688993730064,-514370,4162
1688993730066,-514370,4162
1688993730068,-514370,4162
1688993730070,-514370,4162
1688993730071,-514370,4162
1688993730073,-514370,4162
1688993730074,-514370,4162
1688993730076,-514370,4162
1688993730077,-514370,4162
1688993730079,-514370,4162
1688993730080,-514370,4162
1688993730082,-514370,4162
1688993730084,-514370,4162
1688993730085,-514370,4162
1688993730086,-514370,4162
1688993730088,-514370,4162
1688993730090,-514370,4162
1688993730092,-514370,4162
1688993730094,-514370,4162
1688993730095,-514370,4162
1688993730097,-514370,4162
1688993730098,-514370,4162
1688993730100,-514370,4162
1688993730101,-514370,4162
1688993730103,-514370,4162
1688993730104,-514370,4162
1688993730106,-514370,4162
1688993730108,-514370,4162
1688993730109,-514370,4162
1688993730111,-514370,4162
1688993730113,-514370,4162
1688993730115,-514370,4162
1688993730116,-514370,4162
1688993730118,-514370,4162
1688993730119,-514370,4162
1688993730121,-514370,4162
1688993730123,-514370,4162
1688993730126,-514370,4162
1688993730129,-514370,4162
1688993730131,-514370,4162
1688993730132,-514370,4162
1688993730134,-514370,4162
1688993730135,-514370,4162
1688993730137,-514370,4162
1688993730139,-514370,4162
1688993730141,-514370,4162
1688993730142,-514370,4162
1688993730144,-514370,4162
1688993730146,-514370,4162
1688993730148,-514370,4162
1688993730150,-514370,4162
1688993730151,-514370,4162
1688993730153,-514370,4162
1688993730154,-514370,4162
1688993730156,-514370,4162
1688993730160,-514370,4162
1688993730162,-514370,4162
1688993730163,-514370,4162
1688993730165,-514370,4162
1688993730167,-514370,4162
1688993730168,-514370,4162
1688993730170,-514370,4162
1688993730172,-514370,4162
1688993730173,-514370,4162
1688993730175,-514370,4162
1688993730176,-514370,4162
1688993730178,-514370,4162
1688993730180,-514370,4162
1688993730181,-514370,4162
1688993730183,-514370,4162
1688993730184,-514370,4162
1688993730186,-514370,4162
1688993730188,-514370,4162
1688993730190,-514370,4162
1688993730192,-514370,4162
1688993730194,-514370,4162
1688993730195,-514370,4162
1688993730197,-514370,4162
1688993730199,-514370,4162
1688993730201,-514370,4162
1688993730202,-514370,4162
1688993730204,-514370,4162
1688993730205,-514370,4162
1688993730208,-514370,4162
1688993730209,-514370,4162
1688993730211,-514370,4162
1688993730212,-514370,4162
1688993730214,-514370,4162
1688993730215,-514370,4162
1688993730217,-514370,4162
1688993730218,-514370,4162
1688993730220,-514370,4162
1688993730221,-514370,4162
1688993730224,-514370,4162
1688993730226,-514370,4162
1688993730228,-514370,4162
1688993730230,-514370,4162
1688993730231,-514370,4162
1688993730232,-514370,4162
1688993730234,-514370,4162
1688993730236,-514370,4162
1688993730237,-514370,4162
1688993730239,-514370,4162
1688993730240,-514370,4162
1688993730242,-514370,4162
1688993730243,-514370,4162
1688993730245,-514370,4162
1688993730246,-514370,4162
1688993730248,-514370,4162
1688993730249,-514370,4162
1688993730251,-514370,4162
1688993730253,-514370,4162
1688993730254,-514370,4162
1688993730256,-514370,4162
1688993730258,-514370,4162
1688993730260,-514370,4162
1688993730262,-514370,4162
1688993730264,-514370,4162
1688993730266,-514370,4162
1688993730268,-514370,4162
1688993730270,-514370,4162
1688993730271,-514370,4162
1688993730273,-514370,4162
1688993730274,-514370,4162
1688993730276,-514370,4162
1688993730278,-514370,4162
1688993730280,-514370,4162
1688993730281,-514370,4162
1688993730283,-514370,4162
1688993730285,-514370,4162
1688993730286,-514370,4162
1688993730288,-514370,4162
1688993730290,-514370,4162
1688993730292,-514370,4162
1688993730294,-514370,4162
1688993730295,-514370,4162
1688993730297,-514370,4162
1688993730298,-514370,4162
1688993730300,-514370,4162
1688993730301,-514370,4162
1688993730302,-514370,4162
1688993730304,-514370,4162
1688993730306,-514370,4162
1688993730308,-514370,4162
1688993730309,-514370,4162
1688993730311,-514370,4162
1688993730312,-514370,4162
1688993730314,-514370,4162
1688993730316,-514370,4162
1688993730318,-514370,4162
1688993730319,-514370,4162
1688993730321,-514370,4162
1688993730323,-514370,4162
1688993730327,-514370,4162
1688993730328,-514370,4162
1688993730330,-514370,4162
1688993730332,-514370,4162
1688993730333,-514370,4162
1688993730335,-514370,4162
1688993730337,-514370,4162
1688993730338,-514370,4162
1688993730340,-514370,4162
1688993730342,-514370,4162
1688993730344,-514370,4162
1688993730346,-514370,4162
1688993730348,-514370,4162
1688993730349,-514370,4162
1688993730351,-514370,4162
1688993730352,-514370,4162
1688993730354,-514370,4162
1688993730357,-514370,4162
1688993730358,-514370,4162
1688993730361,-514370,4162
1688993730362,-514370,4162
1688993730364,-514370,4162
1688993730366,-514370,4162
1688993730368,-514370,4162
1688993730369,-514370,4162
1688993730370,-514370,4162
1688993730372,-514370,4162
1688993730373,-514370,4162
1688993730374,-514370,4162
1688993730376,-514370,4162
1688993730378,-514370,4162
1688993730380,-514370,4162
1688993730381,-514370,4162
1688993730383,-514370,4162
1688993730385,-514370,4162
1688993730387,-514370,4162
1688993730389,-514370,4162
1688993730391,-514370,4162
1688993730393,-514370,4162
1688993730395,-514370,4162
1688993730397,-514370,4162
1688993730398,-514370,4162
1688993730400,-514370,4162
1688993730401,-514370,4162
1688993730403,-514370,4162
1688993730405,-514370,4162
1688993730406,-514370,4162
1688993730408,-514370,4162
1688993730409,-514370,4162
1688993730411,-514370,4162
1688993730412,-514370,4162
1688993730414,-514370,4162
1688993730415,-514370,4162
1688993730417,-514370,4162
1688993730419,-514370,4162
1688993730421,-514370,4162
1688993730423,-514370,4162
1688993730425,-514370,4162
1688993730427,-514370,4162
1688993730428,-514370,4162
1688993730430,-514370,4162
1688993730431,-514370,4162
1688993730433,-514370,4162
1688993730434,-514370,4162
1688993730436,-514370,4162
1688993730437,-514370,4162
1688993730439,-514370,4162
1688993730440,-514370,4162
1688993730442,-514370,4162
1688993730444,-514370,4162
1688993730446,-514370,4162
1688993730448,-514370,4162
1688993730449,-514370,4162
1688993730451,-514370,4162
1688993730452,-514370,4162
1688993730454,-514370,4162
1688993730456,-514370,4162
1688993730460,-514370,4162
1688993730462,-514370,4162
1688993730464,-514370,4162
1688993730465,-514370,4162
1688993730467,-514370,4162
1688993730469,-514370,4162
1688993730470,-514370,4162
1688993730472,-514370,4162
1688993730473,-514370,4162
1688993730475,-514370,4162
1688993730476,-514370,4162
1688993730478,-514370,4162
1688993730479,-514370,4162
1688993730481,-514370,4162
1688993730483,-514370,4162
1688993730485,-514370,4162
1688993730486,-514370,4162
1688993730487,-514370,4162
1688993730489,-514370,4162
1688993730491,-514370,4162
1688993730493,-514370,4162
1688993730495,-514370,4162
1688993730496,-514370,4162
1688993730498,-514370,4162
1688993730499,-514370,4162
1688993730500,-514370,4162
1688993730502,-514370,4162
1688993730504,-514370,4162
1688993730505,-514370,4162
1688993730507,-514370,4162
1688993730508,-514370,4162
1688993730510,-514370,4162
1688993730512,-514370,4162
1688993730513,-514370,4162
1688993730515,-514370,4162
1688993730516,-514370,4162
1688993730518,-514370,4162
1688993730519,-514370,4162
1688993730521,-514370,4162
1688993730524,-514370,4162
1688993730526,-514370,4162
1688993730527,-514370,4162
1688993730529,-514370,4162
1688993730531,-514370,4162
1688993730532,-514370,4162
1688993730534,-514370,4162
1688993730535,-514370,4162
1688993730536,-514370,4162
1688993730538,-514370,4162
1688993730539,-514370,4162
1688993730541,-514370,4162
1688993730543,-514370,4162
1688993730544,-514370,4162
1688993730546,-514370,4162
1688993730548,-514370,4162
1688993730549,-514370,4162
1688993730551,-514370,4162
1688993730552,-514370,4162
1688993730554,-514370,4162
1688993730556,-514370,4162
1688993730558,-514370,4162
1688993730560,-514370,4162
1688993730562,-514370,4162
1688993730564,-514370,4162
1688993730565,-514370,4162
1688993730566,-514370,4162
1688993730568,-514370,4162
1688993730570,-514370,4162
1688993730571,-514370,4162
1688993730573,-514370,4162
1688993730574,-514370,4162
1688993730576,-514370,4162
1688993730578,-514370,4162
1688993730579,-514370,4162
1688993730581,-514370,4162
1688993730583,-514370,4162
1688993730584,-514370,4162
1688993730586,-514370,4162
1688993730587,-514370,4162
1688993730589,-514370,4162
1688993730593,-514370,4162
1688993730595,-514370,4162
1688993730596,-514370,4162
1688993730598,-514370,4162
1688993730600,-514370,4162
1688993730602,-514370,4162
1688993730604,-514370,4162
1688993730605,-514370,4162
1688993730606,-514370,4162
1688993730608,-514370,4162
1688993730609,-514370,4162
1688993730611,-514370,4162
1688993730612,-514370,4162
1688993730614,-514370,4162
1688993730615,-514370,4162
1688993730617,-514370,4162
1688993730618,-514370,4162
1688993730620,-514370,4162
1688993730623,-514370,4162
1688993730625,-514370,4162
1688993730627,-514370,4162
1688993730629,-514370,4162
1688993730630,-514370,4162
1688993730632,-514370,4162
1688993730633,-514370,4162
1688993730635,-514370,4162
1688993730636,-514370,4162
1688993730638,-514370,4162
1688993730639,-514370,4162
1688993730642,-514370,4162
1688993730643,-514370,4162
1688993730645,-514370,4162
1688993730647,-514370,4162
1688993730648,-514370,4162
1688993730650,-514370,4162
1688993730651,-514370,4162
1688993730653,-514370,4162
1688993730654,-514370,4162
1688993730657,-514370,4162
1688993730660,-514370,4162
1688993730662,-514370,4162
1688993730664,-514370,4162
1688993730665,-514370,4162
1688993730667,-514370,4162
1688993730668,-514370,4162
1688993730669,-514370,4162
1688993730671,-514370,4162
1688993730673,-514370,4162
1688993730674,-514370,4162
1688993730676,-514370,4162
1688993730677,-514370,4162
1688993730679,-514370,4162
1688993730681,-514370,4162
1688993730683,-514370,4162
1688993730684,-514370,4162
1688993730685,-514370,4162
1688993730687,-514370,4162
1688993730689,-514370,4162
1688993730691,-514370,4162
1688993730693,-514370,4162
1688993730695,-514370,4162
1688993730697,-514370,4162
1688993730698,-514370,4162
1688993730700,-514370,4162
1688993730701,-514370,4162
1688993730703,-514370,4162
1688993730704,-514370,4162
1688993730706,-514370,4162
1688993730707,-514370,4162
1688993730708,-514370,4162
1688993730710,-514370,4162
1688993730712,-514370,4162
1688993730713,-514370,4162
1688993730715,-514370,4162
1688993730716,-514370,4162
1688993730718,-514370,4162
1688993730719,-514370,4162
1688993730721,-514370,4162
1688993730723,-514370,4162
1688993730725,-514370,4162
1688993730727,-514370,4162
1688993730729,-514370,4162
1688993730730,-514370,4162
1688993730732,-514370,4162
1688993730733,-514370,4162
1688993730735,-514370,4162
1688993730736,-514370,4162
1688993730738,-514370,4162
1688993730740,-514370,4162
1688993730741,-514370,4162
1688993730743,-514370,4162
1688993730745,-514370,4162
1688993730746,-514370,4162
1688993730748,-514370,4162
1688993730749,-514370,4162
1688993730751,-514370,4162
1688993730752,-514370,4162
1688993730754,-514370,4162
1688993730756,-514370,4162
1688993730758,-514370,4162
1688993730760,-514370,4162
1688993730762,-514370,4162
1688993730763,-514370,4162
1688993730765,-514370,4162
1688993730766,-514370,4162
1688993730768,-514370,4162
1688993730769,-514370,4162
1688993730771,-514370,4162
1688993730774,-514370,4162
1688993730776,-514370,4162
1688993730778,-514370,4162
1688993730780,-514370,4162
1688993730782,-514370,4162
1688993730784,-514370,4162
1688993730785,-514370,4162
1688993730787,-514370,4162
1688993730789,-514370,4162
1688993730793,-514370,4162
1688993730795,-514370,4162
1688993730796,-514370,4162
1688993730798,-514370,4162
1688993730800,-514370,4162
1688993730802,-514370,4162
1688993730803,-514370,4162
1688993730805,-514370,4162
1688993730806,-514370,4162
1688993730808,-514370,4162
1688993730809,-514370,4162
1688993730811,-514370,4162
1688993730812,-514370,4162
1688993730814,-514370,4162
1688993730816,-514370,4162
1688993730818,-514370,4162
1688993730820,-514370,4162
1688993730822,-514370,4162
1688993730825,-514370,4162
1688993730827,-514370,4162
1688993730829,-514370,4162
1688993730831,-514370,4162
1688993730832,-514370,4162
1688993730834,-514370,4162
1688993730836,-514370,4162
1688993730837,-514370,4162
1688993730839,-514370,4162
1688993730841,-514370,4162
1688993730843,-514370,4162
1688993730845,-514370,4162
1688993730847,-514370,4162
1688993730848,-514370,4162
1688993730850,-514370,4162
1688993730851,-514370,4162
1688993730852,-514370,4162
1688993730854,-514370,4162
1688993730856,-514370,4162
1688993730859,-514370,4162
1688993730861,-514370,4162
1688993730863,-514370,4162
1688993730864,-514370,4162
1688993730866,-514370,4162
1688993730867,-514370,4162
1688993730869,-514370,4162
1688993730871,-514370,4162
1688993730872,-514370,4162
1688993730874,-514370,4162
1688993730876,-514370,4162
1688993730878,-514370,4162
1688993730879,-514370,4162
1688993730881,-514370,4162
1688993730883,-514370,4162
1688993730884,-514370,4162
1688993730886,-514370,4162
1688993730887,-514370,4162
1688993730890,-514370,4162
1688993730892,-514370,4162
1688993730894,-514370,4162
1688993730896,-514370,4162
1688993730898,-514370,4162
1688993730899,-514370,4162
1688993730901,-514370,4162
1688993730902,-514370,4162
1688993730904,-514370,4162
1688993730906,-514370,4162
1688993730907,-514370,4162
1688993730909,-514370,4162
1688993730911,-514370,4162
1688993730913,-514370,4162
1688993730915,-514370,4162
1688993730917,-514370,4162
1688993730918,-514370,4162
1688993730920,-514370,4162
1688993730922,-514370,4162
1688993730926,-514370,4162
1688993730928,-514370,4162
1688993730930,-514370,4162
1688993730932,-514370,4162
1688993730933,-514370,4162
1688993730935,-514370,4162
1688993730937,-514370,4162
1688993730939,-514370,4162
1688993730942,-514370,4162
1688993730944,-514370,4162
1688993730945,-514370,4162
1688993730947,-514370,4162
1688993730949,-514370,4162
1688993730951,-514370,4162
1688993730952,-514370,4162
1688993730954,-514370,4162
1688993730957,-514370,4162
1688993730959,-514370,4162
1688993730960,-514370,4162
1688993730962,-514370,4162
1688993730963,-514370,4162
1688993730965,-514370,4162
1688993730967,-514370,4162
1688993730968,-514370,4162
1688993730971,-514370,4162
1688993730973,-514370,4162
1688993730975,-514370,4162
1688993730977,-514370,4162
1688993730979,-514370,4162
1688993730981,-514370,4162
1688993730982,-514370,4162
1688993730984,-514370,4162
1688993730985,-514370,4162
1688993730987,-514370,4162
1688993730989,-514370,4162
1688993730991,-514370,4162
1688993730993,-514370,4162
1688993730996,-514370,4162
1688993730998,-514370,4162
1688993730999,-514370,4162
1688993731001,-514370,4162
1688993731002,-514370,4162
1688993731004,-514370,4162
1688993731005,-514370,4162
1688993731007,-514370,4162
1688993731008,-514370,4162
1688993731010,-514370,4162
1688993731011,-514370,4162
1688993731013,-514370,4162
1688993731015,-514370,4162
1688993731017,-514370,4162
1688993731018,-514370,4162
1688993731020,-514370,4162
1688993731021,-514370,4162
1688993731026,-514370,4162
1688993731027,-514370,4162
1688993731029,-514370,4162
1688993731031,-514370,4162
1688993731032,-514370,4162
1688993731034,-514370,4162
1688993731036,-514370,4162
1688993731037,-514370,4162
1688993731039,-514370,4162
1688993731041,-514370,4162
1688993731042,-514370,4162
1688993731044,-514370,4162
1688993731046,-514370,4162
1688993731048,-514370,4162
1688993731049,-514370,4162
1688993731051,-514370,4162
1688993731052,-514370,4162
1688993731054,-514370,4162
1688993731057,-514370,4162
1688993731058,-514370,4162
1688993731060,-514370,4162
1688993731062,-514370,4162
1688993731064,-514370,4162
1688993731065,-514370,4162
1688993731067,-514370,4162
1688993731068,-514370,4162
1688993731070,-514370,4162
1688993731071,-514370,4162
1688993731072,-514370,4162
1688993731074,-514370,4162
1688993731076,-514370,4162
1688993731078,-514370,4162
1688993731079,-514370,4162
1688993731081,-514370,4162
1688993731083,-514370,4162
1688993731084,-514370,4162
1688993731085,-514370,4162
1688993731087,-514370,4162
1688993731090,-514370,4162
1688993731091,-514370,4162
1688993731094,-514370,4162
1688993731096,-514370,4162
1688993731097,-514370,4162
1688993731099,-514370,4162
1688993731100,-514370,4162
1688993731102,-514370,4162
1688993731103,-514370,4162
1688993731105,-514370,4162
1688993731106,-514370,4162
1688993731108,-514370,4162
1688993731109,-514370,4162
1688993731111,-514370,4162
1688993731112,-514370,4162
1688993731114,-514370,4162
1688993731116,-514370,4162
1688993731117,-514370,4162
1688993731119,-514370,4162
1688993731120,-514370,4162
1688993731123,-514370,4162
1688993731125,-514370,4162
1688993731126,-514370,4162
1688993731128,-514370,4162
1688993731130,-514370,4162
1688993731131,-514370,4162
1688993731133,-514370,4162
1688993731135,-514370,4162
1688993731137,-514370,4162
1688993731138,-514370,4162
1688993731140,-514370,4162
1688993731141,-514370,4162
1688993731142,-514370,4162
1688993731144,-514370,4162
1688993731145,-514370,4162
1688993731147,-514370,4162
1688993731149,-514370,4162
1688993731150,-514370,4162
1688993731152,-514370,4162
1688993731154,-514370,4162
1688993731156,-514370,4162
1688993731158,-514370,4162
1688993731160,-514370,4162
1688993731162,-514370,4162
1688993731163,-514370,4162
1688993731165,-514370,4162
1688993731166,-514370,4162
1688993731168,-514370,4162
1688993731169,-514370,4162
1688993731170,-514370,4162
1688993731172,-514370,4162
1688993731174,-514370,4162
1688993731175,-514370,4162
1688993731177,-514370,4162
1688993731178,-514370,4162
1688993731180,-514370,4162
1688993731182,-514370,4162
1688993731183,-514370,4162
1688993731184,-514370,4162
1688993731186,-514370,4162
1688993731187,-514370,4162
1688993731190,-514370,4162
1688993731191,-514370,4162
1688993731194,-514370,4162
1688993731195,-514370,4162
1688993731197,-514370,4162
1688993731198,-514370,4162
1688993731200,-514370,4162
1688993731201,-514370,4162
1688993731202,-514370,4162
1688993731204,-514370,4162
1688993731206,-514370,4162
1688993731207,-514370,4162
1688993731209,-514370,4162
1688993731211,-514370,4162
1688993731212,-514370,4162
1688993731214,-514370,4162
1688993731216,-514370,4162
1688993731217,-514370,4162
1688993731219,-514370,4162
1688993731220,-514370,4162
1688993731222,-514370,4162
1688993731224,-514370,4162
1688993731226,-514370,4162
1688993731228,-514370,4162
1688993731229,-514370,4162
1688993731231,-514370,4162
1688993731233,-514370,4162
1688993731235,-514370,4162
1688993731236,-514370,4162
1688993731238,-514370,4162
1688993731239,-514370,4162
1688993731241,-514370,4162
1688993731242,-514370,4162
1688993731244,-514370,4162
1688993731245,-514370,4162
1688993731247,-514370,4162
1688993731248,-514370,4162
1688993731250,-514370,4162
1688993731252,-514370,4162
1688993731254,-514370,4162
1688993731255,-514370,4162
1688993731258,-514370,4162
1688993731260,-514370,4162
1688993731261,-514370,4162
1688993731263,-514370,4162
1688993731265,-514370,4162
1688993731266,-514370,4162
1688993731267,-514370,4162
1688993731269,-514370,4162
1688993731271,-514370,4162
1688993731272,-514370,4162
1688993731274,-514370,4162
1688993731275,-514370,4162
1688993731277,-514370,4162
1688993731279,-514370,4162
1688993731280,-514370,4162
1688993731282,-514370,4162
1688993731284,-514370,4162
1688993731285,-514370,4162
1688993731287,-514370,4162
1688993731288,-514370,4162
1688993731291,-514370,4162
1688993731293,-514370,4162
1688993731294,-514370,4162
1688993731295,-514370,4162
1688993731297,-514370,4162
1688993731299,-514370,4162
1688993731300,-514370,4162
1688993731302,-514370,4162
1688993731303,-514370,4162
1688993731305,-514370,4162
1688993731306,-514370,4162
1688993731308,-514370,4162
1688993731310,-514370,4162
1688993731312,-514370,4162
1688993731314,-514370,4162
1688993731315,-514370,4162
1688993731317,-514370,4162
1688993731318,-514370,4162
1688993731320,-514370,4162
1688993731321,-514370,4162
1688993731323,-514370,4162
1688993731325,-514370,4162
1688993731327,-514370,4162
1688993731329,-514370,4162
1688993731331,-514370,4162
1688993731333,-514370,4162
1688993731335,-514370,4162
1688993731336,-514370,4162
1688993731337,-514370,4162
1688993731338,-514370,4162
1688993731340,-514370,4162
1688993731342,-514370,4162
1688993731344,-514370,4162
1688993731345,-514370,4162
1688993731347,-514370,4162
1688993731348,-514370,4162
1688993731350,-514370,4162
1688993731352,-514370,4162
1688993731354,-514370,4162
1688993731356,-514370,4162
1688993731358,-514370,4162
1688993731360,-514370,4162
1688993731362,-514370,4162
1688993731363,-514370,4162
1688993731365,-514370,4162
1688993731366,-514370,4162
1688993731368,-514370,4162
1688993731370,-514370,4162
1688993731371,-514370,4162
1688993731373,-514370,4162
1688993731374,-514370,4162
1688993731376,-514370,4162
1688993731378,-514370,4162
1688993731379,-514370,4162
1688993731381,-514370,4162
1688993731382,-514370,4162
1688993731384,-514370,4162
1688993731385,-514370,4162
1688993731387,-514370,4162
1688993731392,-514370,4162
1688993731394,-514370,4162
1688993731396,-514370,4162
1688993731397,-514370,4162
1688993731399,-514370,4162
1688993731401,-514370,4162
1688993731402,-514370,4162
1688993731404,-514370,4162
1688993731405,-514370,4162
1688993731407,-514370,4162
1688993731408,-514370,4162
1688993731410,-514370,4162
1688993731412,-514370,4162
1688993731414,-514370,4162
1688993731416,-514370,4162
1688993731417,-514370,4162
1688993731418,-514370,4162
1688993731420,-514370,4162
1688993731421,-514370,4162
1688993731424,-514370,4162
1688993731426,-514370,4162
1688993731428,-514370,4162
1688993731429,-514370,4162
1688993731431,-514370,4162
1688993731432,-514370,4162
1688993731434,-514370,4162
1688993731436,-514370,4162
1688993731437,-514370,4162
1688993731439,-514370,4162
1688993731441,-514370,4162
1688993731442,-514370,4162
1688993731444,-514370,4162
1688993731446,-514370,4162
1688993731448,-514370,4162
1688993731450,-514370,4162
1688993731451,-514370,4162
1688993731453,-514370,4162
1688993731455,-514370,4162
1688993731458,-514370,4162
1688993731460,-514370,4162
1688993731461,-514370,4162
1688993731463,-514370,4162
1688993731465,-514370,4162
1688993731466,-514370,4162
1688993731468,-514370,4162
1688993731470,-514370,4162
1688993731472,-514370,4162
1688993731473,-514370,4162
1688993731474,-514370,4162
1688993731476,-514370,4162
1688993731477,-514370,4162
1688993731479,-514370,4162
1688993731481,-514370,4162
1688993731482,-514370,4162
1688993731484,-514370,4162
1688993731485,-514370,4162
1688993731487,-514370,4162
1688993731489,-514370,4162
1688993731491,-514370,4162
1688993731493,-514370,4162
1688993731495,-514370,4162
1688993731496,-514370,4162
1688993731498,-514370,4162
1688993731499,-514370,4162
1688993731501,-514370,4162
1688993731502,-514370,4162
1688993731504,-514370,4162
1688993731505,-514370,4162
1688993731507,-514370,4162
1688993731508,-514370,4162
1688993731510,-514370,4162
1688993731512,-514370,4162
1688993731514,-514370,4162
1688993731515,-514370,4162
1688993731517,-514370,4162
1688993731518,-514370,4162
1688993731519,-514370,4162
1688993731521,-514370,4162
1688993731523,-514370,4162
1688993731525,-514370,4162
1688993731527,-514370,4162
1688993731529,-514370,4162
1688993731531,-514370,4162
1688993731532,-514370,4162
1688993731534,-514370,4162
1688993731535,-514370,4162
1688993731537,-514370,4162
1688993731538,-514370,4162
1688993731539,-514370,4162
1688993731541,-514370,4162
1688993731542,-514370,4162
1688993731544,-514370,4162
1688993731545,-514370,4162
1688993731547,-514370,4162
1688993731549,-514370,4162
1688993731551,-514370,4162
1688993731552,-514370,4162
1688993731554,-514370,4162
1688993731556,-514370,4162
1688993731558,-514370,4162
1688993731560,-514370,4162
1688993731561,-514370,4162
1688993731563,-514370,4162
1688993731564,-514370,4162
1688993731566,-514370,4162
1688993731567,-514370,4162
1688993731569,-514370,4162
1688993731570,-514370,4162
1688993731572,-514370,4162
1688993731573,-514370,4162
1688993731575,-514370,4162
1688993731576,-514370,4162
1688993731578,-514370,4162
1688993731580,-514370,4162
1688993731582,-514370,4162
1688993731583,-514370,4162
1688993731585,-514370,4162
1688993731587,-514370,4162
1688993731589,-514370,4162
1688993731591,-514370,4162
1688993731594,-514370,4162
1688993731596,-514370,4162
1688993731598,-514370,4162
1688993731599,-514370,4162
1688993731601,-514370,4162
1688993731602,-514370,4162
1688993731604,-514370,4162
1688993731605,-514370,4162
1688993731607,-514370,4162
1688993731608,-514370,4162
1688993731610,-514370,4162
1688993731611,-514370,4162
1688993731612,-514370,4162
1688993731614,-514370,4162
1688993731616,-514370,4162
1688993731617,-514370,4162
1688993731619,-514370,4162
1688993731621,-514370,4162
1688993731623,-514370,4162
1688993731625,-514370,4162
1688993731627,-514370,4162
1688993731629,-514370,4162
1688993731631,-514370,4162
1688993731632,-514370,4162
1688993731634,-514370,4162
1688993731635,-514370,4162
1688993731637,-514370,4162
1688993731639,-514370,4162
1688993731640,-514370,4162
1688993731642,-514370,4162
1688993731644,-514370,4162
1688993731647,-514370,4162
1688993731648,-514370,4162
1688993731650,-514370,4162
1688993731652,-514370,4162
1688993731654,-514370,4162
1688993731655,-514370,4162
1688993731658,-514370,4162
1688993731659,-514370,4162
1688993731661,-514370,4162
1688993731663,-514370,4162
1688993731665,-514370,4162
1688993731667,-514370,4162
1688993731668,-514370,4162
1688993731670,-514370,4162
1688993731671,-514370,4162
1688993731673,-514370,4162
1688993731674,-514370,4162
1688993731676,-514370,4162
1688993731677,-514370,4162
1688993731679,-514370,4162
1688993731681,-514370,4162
1688993731682,-514370,4162
1688993731684,-514370,4162
1688993731686,-514370,4162
1688993731688,-514370,4162
1688993731690,-514370,4162
1688993731692,-514370,4162
1688993731694,-514370,4162
1688993731695,-514370,4162
1688993731696,-514370,4162
1688993731698,-514370,4162
1688993731699,-514370,4162
1688993731701,-514370,4162
1688993731702,-514370,4162
1688993731704,-514370,4162
1688993731706,-514370,4162
1688993731708,-514370,4162
1688993731709,-514370,4162
1688993731711,-514370,4162
1688993731713,-514370,4162
1688993731715,-514370,4162
1688993731716,-514370,4162
1688993731718,-514370,4162
1688993731719,-514370,4162
1688993731721,-514370,4162
1688993731723,-514370,4162
1688993731725,-514370,4162
1688993731727,-514370,4162
1688993731729,-514370,4162
1688993731730,-514370,4162
1688993731731,-514370,4162
1688993731733,-514370,4162
1688993731734,-514370,4162
1688993731735,-514370,4162
1688993731737,-514370,4162
1688993731738,-514370,4162
1688993731740,-514370,4162
1688993731742,-514370,4162
1688993731744,-514370,4162
1688993731745,-514370,4162
1688993731747,-514370,4162
1688993731749,-514370,4162
1688993731750,-514370,4162
1688993731752,-514370,4162
1688993731754,-514370,4162
1688993731756,-514370,4162
1688993731759,-514370,4162
1688993731761,-514370,4162
1688993731763,-514370,4162
1688993731765,-514370,4162
1688993731767,-514370,4162
1688993731768,-514370,4162
1688993731770,-514370,4162
1688993731772,-514370,4162
1688993731773,-514370,4162
1688993731775,-514370,4162
1688993731777,-514370,4162
1688993731779,-514370,4162
1688993731781,-514370,4162
1688993731782,-514370,4162
1688993731785,-514370,4162
1688993731786,-514370,4162
1688993731788,-514370,4162
1688993731791,-514370,4162
1688993731793,-514370,4162
1688993731795,-514370,4162
1688993731796,-514370,4162
1688993731798,-514370,4162
1688993731800,-514370,4162
1688993731802,-514370,4162
1688993731804,-514370,4162
1688993731805,-514370,4162
1688993731807,-514370,4162
1688993731808,-514370,4162
1688993731810,-514370,4162
1688993731812,-514370,4162
1688993731814,-514370,4162
1688993731816,-514370,4162
1688993731817,-514370,4162
1688993731819,-514370,4162
1688993731821,-514370,4162
1688993731823,-514370,4162
1688993731826,-514370,4162
1688993731828,-514370,4162
1688993731829,-514370,4162
1688993731831,-514370,4162
1688993731832,-514370,4162
1688993731834,-514370,4162
1688993731835,-514370,4162
1688993731837,-514370,4162
1688993731839,-514370,4162
1688993731840,-514370,4162
1688993731842,-514370,4162
1688993731844,-514370,4162
1688993731845,-514370,4162
1688993731849,-514370,4162
1688993731851,-514370,4162
1688993731852,-514370,4162
1688993731854,-514370,4162
1688993731857,-514370,4162
1688993731859,-514370,4162
1688993731861,-514370,4162
1688993731863,-514370,4162
1688993731865,-514370,4162
1688993731866,-514370,4162
1688993731868,-514370,4162
1688993731869,-514370,4162
1688993731871,-514370,4162
1688993731873,-514370,4162
1688993731874,-514370,4162
1688993731876,-514370,4162
1688993731877,-514370,4162
1688993731879,-514370,4162
1688993731881,-514370,4162
1688993731883,-514370,4162
1688993731885,-514370,4162
1688993731887,-514370,4162
1688993731888,-514370,4162
1688993731891,-514370,4162
1688993731893,-514370,4162
1688993731895,-514370,4162
1688993731896,-514370,4162
1688993731897,-514370,4162
1688993731899,-514370,4162
1688993731900,-514370,4162
1688993731902,-514370,4162
1688993731904,-514370,4162
1688993731905,-514370,4162
1688993731907,-514370,4162
1688993731909,-514370,4162
1688993731911,-514370,4162
1688993731912,-514370,4162
1688993731914,-514370,4162
1688993731916,-514370,4162
1688993731918,-514370,4162
1688993731919,-514370,4162
1688993731921,-514370,4162
1688993731923,-514370,4162
1688993731925,-514370,4162
1688993731927,-514370,4162
1688993731929,-514370,4162
1688993731932,-514370,4162
1688993731934,-514370,4162
1688993731935,-514370,4162
1688993731937,-514370,4162
1688993731939,-514370,4162
1688993731941,-514370,4162
1688993731943,-514370,4162
1688993731945,-514370,4162
1688993731947,-514370,4162
1688993731949,-514370,4162
1688993731950,-514370,4162
1688993731952,-514370,4162
1688993731953,-514370,4162
1688993731955,-514370,4162
1688993731958,-514370,4162
1688993731960,-514370,4162
1688993731962,-514370,4162
1688993731963,-514370,4162
1688993731965,-514370,4162
1688993731967,-514370,4162
1688993731968,-514370,4162
1688993731970,-514370,4162
1688993731971,-514370,4162
1688993731973,-514370,4162
1688993731974,-514370,4162
1688993731976,-514370,4162
1688993731977,-514370,4162
1688993731979,-514370,4162
1688993731981,-514370,4162
1688993731983,-514370,4162
1688993731984,-514370,4162
1688993731986,-514370,4162
1688993731988,-514370,4162
1688993731990,-514370,4162
1688993731993,-514370,4162
1688993731995,-514370,4162
1688993731996,-514370,4162
1688993731998,-514370,4162
1688993732000,-514370,4162
1688993732002,-514370,4162
1688993732003,-514370,4162
1688993732005,-514370,4162
1688993732006,-514370,4162
1688993732008,-514370,4162
1688993732009,-514370,4162
1688993732011,-514370,4162
1688993732012,-514370,4162
1688993732013,-514370,4162
1688993732015,-514370,4162
1688993732016,-514370,4162
1688993732018,-514370,4162
1688993732020,-514370,4162
1688993732022,-514370,4162
1688993732024,-514370,4162
1688993732026,-514370,4162
1688993732028,-514370,4162
1688993732029,-514370,4162
1688993732031,-514370,4162
1688993732032,-514370,4162
1688993732034,-514370,4162
1688993732035,-514370,4162
1688993732037,-514370,4162
1688993732038,-514370,4162
1688993732040,-514370,4162
1688993732042,-514370,4162
1688993732044,-514370,4162
1688993732045,-514370,4162
1688993732047,-514370,4162
1688993732049,-514370,4162
1688993732050,-514370,4162
1688993732052,-514370,4162
1688993732054,-514370,4162
1688993732056,-514370,4162
1688993732058,-514370,4162
1688993732060,-514370,4162
1688993732062,-514370,4162
1688993732064,-514370,4162
1688993732065,-514370,4162
1688993732067,-514370,4162
1688993732068,-514370,4162
1688993732070,-514370,4162
1688993732072,-514370,4162
1688993732073,-514370,4162
1688993732075,-514370,4162
1688993732076,-514370,4162
1688993732078,-514370,4162
1688993732080,-514370,4162
1688993732082,-514370,4162
1688993732083,-514370,4162
1688993732085,-514370,4162
1688993732086,-514370,4162
1688993732088,-514370,4162
1688993732090,-514370,4162
1688993732092,-514370,4162
1688993732094,-514370,4162
1688993732095,-514370,4162
1688993732097,-514370,4162
1688993732098,-514370,4162
1688993732100,-514370,4162
1688993732101,-514370,4162
1688993732102,-514370,4162
1688993732104,-514370,4162
1688993732106,-514370,4162
1688993732108,-514370,4162
1688993732110,-514370,4162
1688993732112,-514370,4162
1688993732113,-514370,4162
1688993732115,-514370,4162
1688993732117,-514370,4162
1688993732118,-514370,4162
1688993732120,-514370,4162
1688993732122,-514370,4162
1688993732124,-514370,4162
1688993732126,-514370,4162
1688993732128,-514370,4162
1688993732130,-514370,4162
1688993732131,-514370,4162
1688993732132,-514370,4162
1688993732134,-514370,4162
1688993732135,-514370,4162
1688993732136,-514370,4162
1688993732138,-514370,4162
1688993732141,-514370,4162
1688993732143,-514370,4162
1688993732146,-514370,4162
1688993732149,-514370,4162
1688993732151,-514370,4162
1688993732153,-514370,4162
1688993732155,-514370,4162
1688993732158,-514370,4162
1688993732159,-514370,4162
1688993732161,-514370,4162
1688993732163,-514370,4162
1688993732164,-514370,4162
1688993732166,-514370,4162
1688993732167,-514370,4162
1688993732169,-514370,4162
1688993732171,-514370,4162
1688993732172,-514370,4162
1688993732178,-514370,4162
1688993732180,-514370,4162
1688993732182,-514370,4162
1688993732184,-514370,4162
1688993732186,-514370,4162
1688993732188,-514370,4162
1688993732190,-514370,4162
1688993732193,-514370,4162
1688993732195,-514370,4162
1688993732198,-514370,4162
1688993732200,-514370,4162
1688993732202,-514370,4162
1688993732203,-514370,4162
1688993732205,-514370,4162
1688993732207,-514370,4162
1688993732208,-514370,4162
1688993732210,-514370,4162
1688993732211,-514370,4162
1688993732213,-514370,4162
1688993732215,-514370,4162
1688993732217,-514370,4162
1688993732219,-514370,4162
1688993732221,-514370,4162
1688993732223,-514370,4162
1688993732225,-514370,4162
1688993732227,-514370,4162
1688993732229,-514370,4162
1688993732230,-514370,4162
1688993732232,-514370,4162
1688993732234,-514370,4162
1688993732235,-514370,4162
1688993732238,-514370,4162
1688993732239,-514370,4162
1688993732241,-514370,4162
1688993732242,-514370,4162
1688993732244,-514370,4162
1688993732245,-514370,4162
1688993732247,-514370,4162
1688993732248,-514370,4162
1688993732250,-514370,4162
1688993732251,-514370,4162
1688993732252,-514370,4162
1688993732254,-514370,4162
1688993732257,-514370,4162
1688993732259,-514370,4162
1688993732261,-514370,4162
1688993732262,-514370,4162
1688993732267,-514370,4162
1688993732268,-514370,4162
1688993732270,-514370,4162
1688993732272,-514370,4162
1688993732274,-514370,4162
1688993732275,-514370,4162
1688993732277,-514370,4162
1688993732279,-514370,4162
1688993732282,-514370,4162
1688993732284,-514370,4162
1688993732286,-514370,4162
1688993732288,-514370,4162
1688993732294,-514370,4162
1688993732296,-514370,4162
1688993732297,-514370,4162
1688993732299,-514370,4162
1688993732301,-514370,4162
1688993732302,-514370,4162
1688993732304,-514370,4162
1688993732305,-514370,4162
1688993732306,-514370,4162
1688993732308,-514370,4162
1688993732309,-514370,4162
1688993732311,-514370,4162
1688993732313,-514370,4162
1688993732315,-514370,4162
1688993732317,-514370,4162
1688993732319,-514370,4162
1688993732320,-514370,4162
1688993732322,-514370,4162
1688993732324,-514370,4162
1688993732326,-514370,4162
1688993732328,-514370,4162
1688993732330,-514370,4162
1688993732331,-514370,4162
1688993732333,-514370,4162
1688993732335,-514370,4162
1688993732337,-514370,4162
1688993732338,-514370,4162
1688993732340,-514370,4162
1688993732342,-514370,4162
1688993732343,-514370,4162
1688993732345,-514370,4162
1688993732346,-514370,4162
1688993732348,-514370,4162
1688993732349,-514370,4162
1688993732351,-514370,4162
1688993732352,-514370,4162
1688993732354,-514370,4162
1688993732356,-514370,4162
1688993732358,-514370,4162
1688993732360,-514370,4162
1688993732362,-514370,4162
1688993732364,-514370,4162
1688993732365,-514370,4162
1688993732367,-514370,4162
1688993732369,-514370,4162
1688993732370,-514370,4162
1688993732372,-514370,4162
1688993732373,-514370,4162
1688993732375,-514370,4162
1688993732377,-514370,4162
1688993732378,-514370,4162
1688993732380,-514370,4162
1688993732382,-514370,4162
1688993732383,-514370,4162
1688993732384,-514370,4162
1688993732386,-514370,4162
1688993732388,-514370,4162
1688993732390,-514370,4162
1688993732392,-514370,4162
1688993732394,-514370,4162
1688993732396,-514370,4162
1688993732397,-514370,4162
1688993732399,-514370,4162
1688993732401,-514370,4162
1688993732402,-514370,4162
1688993732404,-514370,4162
1688993732406,-514370,4162
1688993732407,-514370,4162
1688993732408,-514370,4162
1688993732410,-514370,4162
1688993732412,-514370,4162
1688993732414,-514370,4162
1688993732416,-514370,4162
1688993732418,-514370,4162
1688993732419,-514370,4162
1688993732421,-514370,4162
1688993732423,-514370,4162
1688993732425,-514370,4162
1688993732427,-514370,4162
1688993732429,-514370,4162
1688993732431,-514370,4162
1688993732432,-514370,4162
1688993732434,-514370,4162
1688993732435,-514370,4162
1688993732437,-514370,4162
1688993732439,-514370,4162
1688993732440,-514370,4162
1688993732442,-514370,4162
1688993732443,-514370,4162
1688993732445,-514370,4162
1688993732447,-514370,4162
1688993732448,-514370,4162
1688993732450,-514370,4162
1688993732451,-514370,4162
1688993732453,-514370,4162
1688993732455,-514370,4162
1688993732458,-514370,4162
1688993732459,-514370,4162
1688993732461,-514370,4162
1688993732463,-514370,4162
1688993732465,-514370,4162
1688993732466,-514370,4162
1688993732468,-514370,4162
1688993732469,-514370,4162
1688993732471,-514370,4162
1688993732472,-514370,4162
1688993732474,-514370,4162
1688993732476,-514370,4162
1688993732477,-514370,4162
1688993732479,-514370,4162
1688993732480,-514370,4162
1688993732482,-514370,4162
1688993732483,-514370,4162
1688993732485,-514370,4162
1688993732486,-514370,4162
1688993732487,-514370,4162
1688993732490,-514370,4162
1688993732492,-514370,4162
1688993732494,-514370,4162
1688993732495,-514370,4162
1688993732500,-514370,4162
1688993732501,-514370,4162
1688993732503,-514370,4162
1688993732504,-514370,4162
1688993732505,-514370,4162
1688993732507,-514370,4162
1688993732509,-514370,4162
1688993732510,-514370,4162
1688993732512,-514370,4162
1688993732515,-514370,4162
1688993732516,-514370,4162
1688993732518,-514370,4162
1688993732519,-514370,4162
1688993732521,-514370,4162
1688993732523,-514370,4162
1688993732525,-514370,4162
1688993732527,-514370,4162
1688993732529,-514370,4162
1688993732531,-514370,4162
1688993732533,-514370,4162
1688993732535,-514370,4162
1688993732536,-514370,4162
1688993732538,-514370,4162
1688993732539,-514370,4162
1688993732541,-514370,4162
1688993732542,-514370,4162
1688993732544,-514370,4162
1688993732545,-514370,4162
1688993732547,-514370,4162
1688993732548,-514370,4162
1688993732549,-514370,4162
1688993732551,-514370,4162
1688993732553,-514370,4162
1688993732555,-514370,4162
1688993732557,-514370,4162
1688993732559,-514370,4162
1688993732561,-514370,4162
1688993732562,-514370,4162
1688993732564,-514370,4162
1688993732565,-514370,4162
1688993732567,-514370,4162
1688993732568,-514370,4162
1688993732570,-514370,4162
1688993732571,-514370,4162
1688993732573,-514370,4162
1688993732574,-514370,4162
1688993732575,-514370,4162
1688993732577,-514370,4162
1688993732579,-514370,4162
1688993732581,-514370,4162
1688993732582,-514370,4162
1688993732584,-514370,4162
1688993732586,-514370,4162
1688993732587,-514370,4162
1688993732589,-514370,4162
1688993732591,-514370,4162
1688993732593,-514370,4162
1688993732595,-514370,4162
1688993732596,-514370,4162
1688993732598,-514370,4162
1688993732599,-514370,4162
1688993732601,-514370,4162
1688993732602,-514370,4162
1688993732603,-514370,4162
1688993732605,-514370,4162
1688993732606,-514370,4162
1688993732608,-514370,4162
1688993732609,-514370,4162
1688993732611,-514370,4162
1688993732613,-514370,4162
1688993732614,-514370,4162
1688993732615,-514370,4162
1688993732617,-514370,4162
1688993732619,-514370,4162
1688993732620,-514370,4162
1688993732623,-514370,4162
1688993732624,-514370,4162
1688993732626,-514370,4162
1688993732628,-514370,4162
1688993732630,-514370,4162
1688993732631,-514370,4162
1688993732633,-514370,4162
1688993732634,-514370,4162
1688993732636,-514370,4162
1688993732637,-514370,4162
1688993732639,-514370,4162
1688993732640,-514370,4162
1688993732641,-514370,4162
1688993732643,-514370,4162
1688993732644,-514370,4162
1688993732646,-514370,4162
1688993732648,-514370,4162
1688993732650,-514370,4162
1688993732651,-514370,4162
1688993732653,-514370,4162
1688993732655,-514370,4162
1688993732657,-514370,4162
1688993732659,-514370,4162
1688993732661,-514370,4162
1688993732663,-514370,4162
1688993732664,-514370,4162
1688993732666,-514370,4162
1688993732667,-514370,4162
1688993732669,-514370,4162
1688993732671,-514370,4162
1688993732673,-514370,4162
1688993732674,-514370,4162
1688993732676,-514370,4162
1688993732678,-514370,4162
1688993732680,-514370,4162
1688993732681,-514370,4162
1688993732683,-514370,4162
1688993732684,-514370,4162
1688993732686,-514370,4162
1688993732687,-514370,4162
1688993732691,-514370,4162
1688993732694,-514370,4162
1688993732695,-514370,4162
1688993732697,-514370,4162
1688993732699,-514370,4162
1688993732700,-514370,4162
1688993732702,-514370,4162
1688993732703,-514370,4162
1688993732705,-514370,4162
1688993732707,-514370,4162
1688993732708,-514370,4162
1688993732710,-514370,4162
1688993732712,-514370,4162
1688993732713,-514370,4162
1688993732715,-514370,4162
1688993732717,-514370,4162
1688993732718,-514370,4162
1688993732720,-514370,4162
1688993732722,-514370,4162
1688993732725,-514370,4162
1688993732727,-514370,4162
1688993732729,-514370,4162
1688993732732,-514370,4162
1688993732734,-514370,4162
1688993732736,-514370,4162
1688993732738,-514370,4162
1688993732739,-514370,4162
1688993732741,-514370,4162
1688993732743,-514370,4162
1688993732744,-514370,4162
1688993732746,-514370,4162
1688993732748,-514370,4162
1688993732750,-514370,4162
1688993732752,-514370,4162
1688993732753,-514370,4162
1688993732756,-514370,4162
1688993732758,-514370,4162
1688993732760,-514370,4162
1688993732762,-514370,4162
1688993732763,-514370,4162
1688993732764,-514370,4162
1688993732766,-514370,4162
1688993732767,-514370,4162
1688993732769,-514370,4162
1688993732771,-514370,4162
1688993732772,-514370,4162
1688993732774,-514370,4162
1688993732775,-514370,4162
1688993732777,-514370,4162
1688993732778,-514370,4162
1688993732780,-514370,4162
1688993732782,-514370,4162
1688993732783,-514370,4162
1688993732785,-514370,4162
1688993732787,-514370,4162
1688993732789,-514370,4162
1688993732791,-514370,4162
1688993732792,-514370,4162
1688993732794,-514370,4162
1688993732796,-514370,4162
1688993732797,-514370,4162
1688993732799,-514370,4162
1688993732800,-514370,4162
1688993732802,-514370,4162
1688993732803,-514370,4162
1688993732805,-514370,4162
1688993732806,-514370,4162
1688993732808,-514370,4162
1688993732810,-514370,4162
1688993732811,-514370,4162
1688993732813,-514370,4162
1688993732815,-514370,4162
1688993732816,-514370,4162
1688993732818,-514370,4162
1688993732819,-514370,4162
1688993732821,-514370,4162
1688993732823,-514370,4162
1688993732825,-514370,4162
1688993732827,-514370,4162
1688993732829,-514370,4162
1688993732831,-514370,4162
1688993732832,-514370,4162
1688993732834,-514370,4162
1688993732835,-514370,4162
1688993732836,-514370,4162
1688993732838,-514370,4162
1688993732840,-514370,4162
1688993732841,-514370,4162
1688993732842,-514370,4162
1688993732844,-514370,4162
1688993732846,-514370,4162
1688993732848,-514370,4162
1688993732849,-514370,4162
1688993732851,-514370,4162
1688993732852,-514370,4162
1688993732854,-514370,4162
1688993732856,-514370,4162
1688993732860,-514370,4162
1688993732861,-514370,4162
1688993732863,-514370,4162
1688993732864,-514370,4162
1688993732866,-514370,4162
1688993732868,-514370,4162
1688993732870,-514370,4162
1688993732871,-514370,4162
1688993732872,-514370,4162
1688993732874,-514370,4162
1688993732876,-514370,4162
1688993732878,-514370,4162
1688993732879,-514370,4162
1688993732881,-514370,4162
1688993732882,-514370,4162
1688993732884,-514370,4162
1688993732885,-514370,4162
1688993732888,-514370,4162
1688993732890,-514370,4162
1688993732892,-514370,4162
1688993732894,-514370,4162
1688993732895,-514370,4162
1688993732897,-514370,4162
1688993732898,-514370,4162
1688993732899,-514370,4162
1688993732901,-514370,4162
1688993732902,-514370,4162
1688993732904,-514370,4162
1688993732906,-514370,4162
1688993732907,-514370,4162
1688993732909,-514370,4162
1688993732910,-514370,4162
1688993732912,-514370,4162
1688993732914,-514370,4162
1688993732915,-514370,4162
1688993732917,-514370,4162
1688993732919,-514370,4162
1688993732920,-514370,4162
1688993732923,-514370,4162
1688993732925,-514370,4162
1688993732927,-514370,4162
1688993732929,-514370,4162
1688993732931,-514370,4162
1688993732932,-514370,4162
1688993732934,-514370,4162
1688993732935,-514370,4162
1688993732936,-514370,4162
1688993732937,-514370,4162
1688993732939,-514370,4162
1688993732940,-514370,4162
1688993732942,-514370,4162
1688993732944,-514370,4162
1688993732945,-514370,4162
1688993732948,-514370,4162
1688993732949,-514370,4162
1688993732951,-514370,4162
1688993732952,-514370,4162
1688993732954,-514370,4162
1688993732956,-514370,4162
1688993732960,-514370,4162
1688993732962,-514370,4162
1688993732963,-514370,4162
1688993732965,-514370,4162
1688993732967,-514370,4162
1688993732968,-514370,4162
1688993732970,-514370,4162
1688993732971,-514370,4162
1688993732973,-514370,4162
1688993732974,-514370,4162
1688993732976,-514370,4162
1688993732978,-514370,4162
1688993732980,-514370,4162
1688993732981,-514370,4162
1688993732983,-514370,4162
1688993732985,-514370,4162
1688993732987,-514370,4162
1688993732989,-514370,4162
1688993732991,-514370,4162
1688993732993,-514370,4162
1688993732995,-514370,4162
1688993732997,-514370,4162
1688993732998,-514370,4162
1688993733000,-514370,4162
1688993733001,-514370,4162
1688993733003,-514370,4162
1688993733005,-514370,4162
1688993733007,-514370,4162
1688993733008,-514370,4162
1688993733010,-514370,4162
1688993733011,-514370,4162
1688993733013,-514370,4162
1688993733015,-514370,4162
1688993733016,-514370,4162
1688993733018,-514370,4162
1688993733019,-514370,4162
1688993733021,-514370,4162
1688993733023,-514370,4162
1688993733025,-514370,4162
1688993733027,-514370,4162
1688993733029,-514370,4162
1688993733031,-514370,4162
1688993733032,-514370,4162
1688993733034,-514370,4162
1688993733036,-514370,4162
1688993733037,-514370,4162
1688993733039,-514370,4162
1688993733041,-514370,4162
1688993733042,-514370,4162
1688993733044,-514370,4162
1688993733046,-514370,4162
1688993733048,-514370,4162
1688993733050,-514370,4162
1688993733051,-514370,4162
1688993733052,-514370,4162
1688993733054,-514370,4162
1688993733056,-514370,4162
1688993733058,-514370,4162
1688993733060,-514370,4162
1688993733062,-514370,4162
1688993733064,-514370,4162
1688993733065,-514370,4162
1688993733067,-514370,4162
1688993733069,-514370,4162
1688993733071,-514370,4162
1688993733072,-514370,4162
1688993733074,-514370,4162
1688993733075,-514370,4162
1688993733077,-514370,4162
1688993733078,-514370,4162
1688993733079,-514370,4162
1688993733081,-514370,4162
1688993733083,-514370,4162
1688993733085,-514370,4162
1688993733087,-514370,4162
1688993733089,-514370,4162
1688993733091,-514370,4162
1688993733093,-514370,4162
1688993733095,-514370,4162
1688993733096,-514370,4162
1688993733097,-514370,4162
1688993733099,-514370,4162
1688993733101,-514370,4162
1688993733102,-514370,4162
1688993733104,-514370,4162
1688993733105,-514370,4162
1688993733107,-514370,4162
1688993733108,-514370,4162
1688993733110,-514370,4162
1688993733112,-514370,4162
1688993733113,-514370,4162
1688993733115,-514370,4162
1688993733116,-514370,4162
1688993733118,-514370,4162
1688993733119,-514370,4162
1688993733121,-514370,4162
1688993733123,-514370,4162
1688993733125,-514370,4162
1688993733127,-514370,4162
1688993733129,-514370,4162
1688993733131,-514370,4162
1688993733132,-514370,4162
1688993733134,-514370,4162
1688993733135,-514370,4162
1688993733137,-514370,4162
1688993733139,-514370,4162
1688993733140,-514370,4162
1688993733142,-514370,4162
1688993733144,-514370,4162
1688993733146,-514370,4162
1688993733148,-514370,4162
1688993733149,-514370,4162
1688993733151,-514370,4162
1688993733152,-514370,4162
1688993733154,-514370,4162
1688993733155,-514370,4162
1688993733158,-514370,4162
1688993733160,-514370,4162
1688993733161,-514370,4162
1688993733163,-514370,4162
1688993733164,-514370,4162
1688993733166,-514370,4162
1688993733167,-514370,4162
1688993733169,-514370,4162
1688993733170,-514370,4162
1688993733171,-514370,4162
1688993733172,-514370,4162
1688993733174,-514370,4162
1688993733176,-514370,4162
1688993733177,-514370,4162
1688993733179,-514370,4162
1688993733181,-514370,4162
1688993733183,-514370,4162
1688993733184,-514370,4162
1688993733186,-514370,4162
1688993733187,-514370,4162
1688993733189,-514370,4162
1688993733192,-514370,4162
1688993733194,-514370,4162
1688993733196,-514370,4162
1688993733197,-514370,4162
1688993733199,-514370,4162
1688993733200,-514370,4162
1688993733202,-514370,4162
1688993733204,-514370,4162
1688993733205,-514370,4162
1688993733207,-514370,4162
1688993733209,-514370,4162
1688993733210,-514370,4162
1688993733212,-514370,4162
1688993733214,-514370,4162
1688993733215,-514370,4162
1688993733217,-514370,4162
1688993733218,-514370,4162
1688993733220,-514370,4162
1688993733222,-514370,4162
1688993733225,-514370,4162
1688993733226,-514370,4162
1688993733228,-514370,4162
1688993733229,-514370,4162
1688993733231,-514370,4162
1688993733232,-514370,4162
1688993733234,-514370,4162
1688993733235,-514370,4162
1688993733237,-514370,4162
1688993733238,-514370,4162
1688993733239,-514370,4162
1688993733242,-514370,4162
1688993733243,-514370,4162
1688993733244,-514370,4162
1688993733246,-514370,4162
1688993733248,-514370,4162
1688993733249,-514370,4162
1688993733251,-514370,4162
1688993733252,-514370,4162
1688993733253,-514370,4162
1688993733260,-514370,4162
1688993733261,-514370,4162
1688993733263,-514370,4162
1688993733264,-514370,4162
1688993733266,-514370,4162
1688993733268,-514370,4162
1688993733269,-514370,4162
1688993733271,-514370,4162
1688993733272,-514370,4162
1688993733273,-514370,4162
1688993733275,-514370,4162
1688993733276,-514370,4162
1688993733278,-514370,4162
1688993733279,-514370,4162
1688993733281,-514370,4162
1688993733283,-514370,4162
1688993733284,-514370,4162
1688993733286,-514370,4162
1688993733287,-514370,4162
1688993733290,-514370,4162
1688993733292,-514370,4162
1688993733294,-514370,4162
1688993733295,-514370,4162
1688993733297,-514370,4162
1688993733298,-514370,4162
1688993733301,-514370,4162
1688993733302,-514370,4162
1688993733304,-514370,4162
1688993733306,-514370,4162
1688993733309,-514370,4162
1688993733311,-514370,4162
1688993733313,-514370,4162
1688993733315,-514370,4162
1688993733316,-514370,4162
1688993733318,-514370,4162
1688993733320,-514370,4162
1688993733322,-514370,4162
1688993733325,-514370,4162
1688993733327,-514370,4162
1688993733328,-514370,4162
1688993733330,-514370,4162
1688993733331,-514370,4162
1688993733333,-514370,4162
1688993733335,-514370,4162
1688993733336,-514370,4162
1688993733338,-514370,4162
1688993733339,-514370,4162
1688993733341,-514370,4162
1688993733343,-514370,4162
1688993733344,-514370,4162
1688993733346,-514370,4162
1688993733348,-514370,4162
1688993733349,-514370,4162
1688993733350,-514370,4162
1688993733352,-514370,4162
1688993733353,-514370,4162
1688993733355,-514370,4162
1688993733357,-514370,4162
1688993733359,-514370,4162
1688993733361,-514370,4162
1688993733362,-514370,4162
1688993733364,-514370,4162
1688993733365,-514370,4162
1688993733367,-514370,4162
1688993733368,-514370,4162
1688993733370,-514370,4162
1688993733371,-514370,4162
1688993733372,-514370,4162
1688993733374,-514370,4162
1688993733376,-514370,4162
1688993733378,-514370,4162
1688993733379,-514370,4162
1688993733381,-514370,4162
1688993733382,-514370,4162
1688993733384,-514370,4162
1688993733386,-514370,4162
1688993733387,-514370,4162
1688993733390,-514370,4162
1688993733391,-514370,4162
1688993733393,-514370,4162
1688993733395,-514370,4162
1688993733397,-514370,4162
1688993733398,-514370,4162
1688993733401,-514370,4162
1688993733403,-514370,4162
1688993733404,-514370,4162
1688993733406,-514370,4162
1688993733407,-514370,4162
1688993733409,-514370,4162
1688993733410,-514370,4162
1688993733412,-514370,4162
1688993733414,-514370,4162
1688993733415,-514370,4162
1688993733417,-514370,4162
1688993733418,-514370,4162
1688993733421,-514370,4162
1688993733423,-514370,4162
1688993733425,-514370,4162
1688993733427,-514370,4162
1688993733428,-514370,4162
1688993733429,-514370,4162
1688993733431,-514370,4162
1688993733433,-514370,4162
1688993733434,-514370,4162
1688993733436,-514370,4162
1688993733437,-514370,4162
1688993733439,-514370,4162
1688993733441,-514370,4162
1688993733442,-514370,4162
1688993733444,-514370,4162
1688993733446,-514370,4162
1688993733448,-514370,4162
1688993733449,-514370,4162
1688993733451,-514370,4162
1688993733452,-514370,4162
1688993733454,-514370,4162
1688993733456,-514370,4162
1688993733460,-514370,4162
1688993733461,-514370,4162
1688993733463,-514370,4162
1688993733465,-514370,4162
1688993733466,-514370,4162
1688993733468,-514370,4162
1688993733469,-514370,4162
1688993733471,-514370,4162
1688993733472,-514370,4162
1688993733473,-514370,4162
1688993733475,-514370,4162
1688993733477,-514370,4162
1688993733478,-514370,4162
1688993733480,-514370,4162
1688993733481,-514370,4162
1688993733482,-514370,4162
1688993733484,-514370,4162
1688993733485,-514370,4162
1688993733487,-514370,4162
1688993733488,-514370,4162
1688993733491,-514370,4162
1688993733493,-514370,4162
1688993733494,-514370,4162
1688993733496,-514370,4162
1688993733498,-514370,4162
1688993733499,-514370,4162
1688993733501,-514370,4162
1688993733502,-514370,4162
1688993733504,-514370,4162
1688993733505,-514370,4162
1688993733507,-514370,4162
1688993733508,-514370,4162
1688993733510,-514370,4162
1688993733511,-514370,4162
1688993733513,-514370,4162
1688993733515,-514370,4162
1688993733516,-514370,4162
1688993733518,-514370,4162
1688993733520,-514370,4162
1688993733522,-514370,4162
1688993733524,-514370,4162
1688993733526,-514370,4162
1688993733527,-514370,4162
1688993733529,-514370,4162
1688993733531,-514370,4162
1688993733532,-514370,4162
1688993733534,-514370,4162
1688993733535,-514370,4162
1688993733537,-514370,4162
1688993733538,-514370,4162
1688993733540,-514370,4162
1688993733542,-514370,4162
1688993733543,-514370,4162
1688993733544,-514370,4162
1688993733546,-514370,4162
1688993733548,-514370,4162
1688993733549,-514370,4162
1688993733551,-514370,4162
1688993733552,-514370,4162
1688993733554,-514370,4162
1688993733556,-514370,4162
1688993733559,-514370,4162
1688993733561,-514370,4162
1688993733562,-514370,4162
1688993733564,-514370,4162
1688993733565,-514370,4162
1688993733567,-514370,4162
1688993733568,-514370,4162
1688993733570,-514370,4162
1688993733571,-514370,4162
1688993733572,-514370,4162
1688993733574,-514370,4162
1688993733575,-514370,4162
1688993733577,-514370,4162
1688993733579,-514370,4162
1688993733581,-514370,4162
1688993733583,-514370,4162
1688993733584,-514370,4162
1688993733586,-514370,4162
1688993733587,-514370,4162
1688993733590,-514370,4162
1688993733592,-514370,4162
1688993733594,-514370,4162
1688993733596,-514370,4162
1688993733598,-514370,4162
1688993733600,-514370,4162
1688993733601,-514370,4162
1688993733602,-514370,4162
1688993733604,-514370,4162
1688993733605,-514370,4162
1688993733607,-514370,4162
1688993733608,-514370,4162
1688993733610,-514370,4162
1688993733611,-514370,4162
1688993733613,-514370,4162
1688993733615,-514370,4162
1688993733617,-514370,4162
1688993733619,-514370,4162
1688993733623,-514370,4162
1688993733625,-514370,4162
1688993733628,-514370,4162
1688993733629,-514370,4162
1688993733631,-514370,4162
1688993733633,-514370,4162
1688993733634,-514370,4162
1688993733636,-514370,4162
1688993733638,-514370,4162
1688993733639,-514370,4162
1688993733641,-514370,4162
1688993733643,-514370,4162
1688993733644,-514370,4162
1688993733646,-514370,4162
1688993733648,-514370,4162
1688993733649,-514370,4162
1688993733651,-514370,4162
1688993733652,-514370,4162
1688993733654,-514370,4162
1688993733656,-514370,4162
1688993733658,-514370,4162
1688993733662,-514370,4162
1688993733664,-514370,4162
1688993733665,-514370,4162
1688993733667,-514370,4162
1688993733669,-514370,4162
1688993733671,-514370,4162
1688993733673,-514370,4162
1688993733675,-514370,4162
1688993733676,-514370,4162
1688993733678,-514370,4162
1688993733680,-514370,4162
1688993733681,-514370,4162
1688993733683,-514370,4162
1688993733684,-514370,4162
1688993733685,-514370,4162
1688993733687,-514370,4162
1688993733689,-514370,4162
1688993733691,-514370,4162
1688993733693,-514370,4162
1688993733694,-514370,4162
1688993733696,-514370,4162
1688993733697,-514370,4162
1688993733699,-514370,4162
1688993733701,-514370,4162
1688993733702,-514370,4162
1688993733704,-514370,4162
1688993733705,-514370,4162
1688993733707,-514370,4162
1688993733708,-514370,4162
1688993733710,-514370,4162
1688993733712,-514370,4162
1688993733714,-514370,4162
1688993733715,-514370,4162
1688993733717,-514370,4162
1688993733719,-514370,4162
1688993733720,-514370,4162
1688993733722,-514370,4162
1688993733726,-514370,4162
1688993733728,-514370,4162
1688993733729,-514370,4162
1688993733731,-514370,4162
1688993733732,-514370,4162
1688993733734,-514370,4162
1688993733736,-514370,4162
1688993733737,-514370,4162
1688993733739,-514370,4162
1688993733741,-514370,4162
1688993733742,-514370,4162
1688993733744,-514370,4162
1688993733745,-514370,4162
1688993733747,-514370,4162
1688993733748,-514370,4162
1688993733750,-514370,4162
1688993733751,-514370,4162
1688993733753,-514370,4162
1688993733755,-514370,4162
1688993733758,-514370,4162
1688993733759,-514370,4162
1688993733761,-514370,4162
1688993733763,-514370,4162
1688993733764,-514370,4162
1688993733766,-514370,4162
1688993733767,-514370,4162
1688993733769,-514370,4162
1688993733770,-514370,4162
1688993733772,-514370,4162
1688993733773,-514370,4162
1688993733775,-514370,4162
1688993733776,-514370,4162
1688993733778,-514370,4162
1688993733780,-514370,4162
1688993733781,-514370,4162
1688993733783,-514370,4162
1688993733784,-514370,4162
1688993733785,-514370,4162
1688993733787,-514370,4162
1688993733790,-514370,4162
1688993733792,-514370,4162
1688993733795,-514370,4162
1688993733797,-514370,4162
1688993733799,-514370,4162
1688993733801,-514370,4162
1688993733802,-514370,4162
1688993733804,-514370,4162
1688993733806,-514370,4162
1688993733808,-514370,4162
1688993733809,-514370,4162
1688993733810,-514370,4162
1688993733812,-514370,4162
1688993733814,-514370,4162
1688993733816,-514370,4162
1688993733818,-514370,4162
1688993733819,-514370,4162
1688993733821,-514370,4162
1688993733824,-514370,4162
1688993733826,-514370,4162
1688993733827,-514370,4162
1688993733829,-514370,4162
1688993733831,-514370,4162
1688993733833,-514370,4162
1688993733834,-514370,4162
1688993733836,-514370,4162
1688993733838,-514370,4162
1688993733839,-514370,4162
1688993733841,-514370,4162
1688993733842,-514370,4162
1688993733844,-514370,4162
1688993733846,-514370,4162
1688993733848,-514370,4162
1688993733849,-514370,4162
1688993733851,-514370,4162
1688993733853,-514370,4162
1688993733855,-514370,4162
1688993733859,-514370,4162
1688993733861,-514370,4162
1688993733862,-514370,4162
1688993733864,-514370,4162
1688993733865,-514370,4162
1688993733867,-514370,4162
1688993733869,-514370,4162
1688993733870,-514370,4162
1688993733872,-514370,4162
1688993733874,-514370,4162
1688993733875,-514370,4162
1688993733877,-514370,4162
1688993733878,-514370,4162
1688993733880,-514370,4162
1688993733882,-514370,4162
1688993733884,-514370,4162
1688993733885,-514370,4162
1688993733886,-514370,4162
1688993733888,-514370,4162
1688993733891,-514370,4162
1688993733893,-514370,4162
1688993733894,-514370,4162
1688993733895,-514370,4162
1688993733897,-514370,4162
1688993733899,-514370,4162
1688993733900,-514370,4162
1688993733902,-514370,4162
1688993733903,-514370,4162
1688993733905,-514370,4162
1688993733906,-514370,4162
1688993733908,-514370,4162
1688993733910,-514370,4162
1688993733913,-514370,4162
1688993733915,-514370,4162
1688993733916,-514370,4162
1688993733918,-514370,4162
1688993733920,-514370,4162
1688993733921,-514370,4162
1688993733927,-514370,4162
1688993733929,-514370,4162
1688993733932,-514370,4162
1688993733934,-514370,4162
1688993733935,-514370,4162
1688993733937,-514370,4162
1688993733938,-514370,4162
1688993733940,-514370,4162
1688993733941,-514370,4162
1688993733942,-514370,4162
1688993733944,-514370,4162
1688993733946,-514370,4162
1688993733947,-514370,4162
1688993733949,-514370,4162
1688993733951,-514370,4162
1688993733952,-514370,4162
1688993733954,-514370,4162
1688993733956,-514370,4162
1688993733958,-514370,4162
1688993733960,-514370,4162
1688993733962,-514370,4162
1688993733963,-514370,4162
1688993733964,-514370,4162
1688993733966,-514370,4162
1688993733967,-514370,4162
1688993733969,-514370,4162
1688993733971,-514370,4162
1688993733972,-514370,4162
1688993733974,-514370,4162
1688993733976,-514370,4162
1688993733978,-514370,4162
1688993733979,-514370,4162
1688993733981,-514370,4162
1688993733982,-514370,4162
1688993733984,-514370,4162
1688993733986,-514370,4162
1688993733987,-514370,4162
1688993733989,-514370,4162
1688993733992,-514370,4162
1688993733994,-514370,4162
1688993733995,-514370,4162
1688993733996,-514370,4162
1688993733998,-514370,4162
1688993733999,-514370,4162
1688993734001,-514370,4162
1688993734003,-514370,4162
1688993734004,-514370,4162
1688993734006,-514370,4162
1688993734007,-514370,4162
1688993734009,-514370,4162
1688993734011,-514370,4162
1688993734013,-514370,4162
1688993734015,-514370,4162
1688993734016,-514370,4162
1688993734018,-514370,4162
1688993734019,-514370,4162
1688993734021,-514370,4162
1688993734023,-514370,4162
1688993734025,-514370,4162
1688993734027,-514370,4162
1688993734029,-514370,4162
1688993734031,-514370,4162
1688993734032,-514370,4162
1688993734034,-514370,4162
1688993734036,-514370,4162
1688993734037,-514370,4162
1688993734039,-514370,4162
1688993734040,-514370,4162
1688993734042,-514370,4162
1688993734044,-514370,4162
1688993734045,-514370,4162
1688993734047,-514370,4162
1688993734049,-514370,4162
1688993734051,-514370,4162
1688993734053,-514370,4162
1688993734055,-514370,4162
1688993734057,-514370,4162
1688993734059,-514370,4162
1688993734061,-514370,4162
1688993734063,-514370,4162
1688993734065,-514370,4162
1688993734066,-514370,4162
1688993734068,-514370,4162
1688993734070,-514370,4162
1688993734071,-514370,4162
1688993734073,-514370,4162
1688993734074,-514370,4162
1688993734075,-514370,4162
1688993734077,-514370,4162
1688993734079,-514370,4162
1688993734080,-514370,4162
1688993734082,-514370,4162
1688993734083,-514370,4162
1688993734085,-514370,4162
1688993734086,-514370,4162
1688993734088,-514370,4162
1688993734090,-514370,4162
1688993734092,-514370,4162
1688993734094,-514370,4162
1688993734096,-514370,4162
1688993734097,-514370,4162
1688993734099,-514370,4162
1688993734100,-514370,4162
1688993734102,-514370,4162
1688993734103,-514370,4162
1688993734104,-514370,4162
1688993734106,-514370,4162
1688993734108,-514370,4162
1688993734110,-514370,4162
1688993734111,-514370,4162
1688993734113,-514370,4162
1688993734114,-514370,4162
1688993734116,-514370,4162
1688993734118,-514370,4162
1688993734119,-514370,4162
1688993734121,-514370,4162
1688993734123,-514370,4162
1688993734125,-514370,4162
1688993734127,-514370,4162
1688993734130,-514370,4162
1688993734131,-514370,4162
1688993734132,-514370,4162
1688993734134,-514370,4162
1688993734136,-514370,4162
1688993734137,-514370,4162
1688993734138,-514370,4162
1688993734140,-514370,4162
1688993734142,-514370,4162
1688993734143,-514370,4162
1688993734144,-514370,4162
1688993734146,-514370,4162
1688993734148,-514370,4162
1688993734150,-514370,4162
1688993734152,-514370,4162
1688993734154,-514370,4162
1688993734156,-514370,4162
1688993734158,-514370,4162
1688993734160,-514370,4162
1688993734162,-514370,4162
1688993734163,-514370,4162
1688993734165,-514370,4162
1688993734168,-514370,4162
1688993734170,-514370,4162
1688993734172,-514370,4162
1688993734173,-514370,4162
1688993734175,-514370,4162
1688993734176,-514370,4162
1688993734178,-514370,4162
1688993734180,-514370,4162
1688993734181,-514370,4162
1688993734182,-514370,4162
1688993734184,-514370,4162
1688993734186,-514370,4162
1688993734188,-514370,4162
1688993734190,-514370,4162
1688993734192,-514370,4162
1688993734194,-514370,4162
1688993734195,-514370,4162
1688993734197,-514370,4162
1688993734199,-514370,4162
1688993734200,-514370,4162
1688993734202,-514370,4162
1688993734204,-514370,4162
1688993734206,-514370,4162
1688993734208,-514370,4162
1688993734210,-514370,4162
1688993734211,-514370,4162
1688993734213,-514370,4162
1688993734215,-514370,4162
1688993734217,-514370,4162
1688993734219,-514370,4162
1688993734220,-514370,4162
1688993734222,-514370,4162
1688993734225,-514370,4162
1688993734227,-514370,4162
1688993734229,-514370,4162
1688993734230,-514370,4162
1688993734232,-514370,4162
1688993734233,-514370,4162
1688993734235,-514370,4162
1688993734236,-514370,4162
1688993734237,-514370,4162
1688993734239,-514370,4162
1688993734240,-514370,4162
1688993734242,-514370,4162
1688993734243,-514370,4162
1688993734245,-514370,4162
1688993734247,-514370,4162
1688993734249,-514370,4162
1688993734250,-514370,4162
1688993734252,-514370,4162
1688993734253,-514370,4162
1688993734254,-514370,4162
1688993734257,-514370,4162
1688993734260,-514370,4162
1688993734262,-514370,4162
1688993734263,-514370,4162
1688993734265,-514370,4162
1688993734267,-514370,4162
1688993734269,-514370,4162
1688993734270,-514370,4162
1688993734272,-514370,4162
1688993734273,-514370,4162
1688993734275,-514370,4162
1688993734276,-514370,4162
1688993734277,-514370,4162
1688993734279,-514370,4162
1688993734281,-514370,4162
1688993734282,-514370,4162
1688993734284,-514370,4162
1688993734286,-514370,4162
1688993734288,-514370,4162
1688993734290,-514370,4162
1688993734292,-514370,4162
1688993734294,-514370,4162
1688993734295,-514370,4162
1688993734297,-514370,4162
1688993734298,-514370,4162
1688993734300,-514370,4162
1688993734301,-514370,4162
1688993734302,-514370,4162
1688993734304,-514370,4162
1688993734306,-514370,4162
1688993734307,-514370,4162
1688993734309,-514370,4162
1688993734311,-514370,4162
1688993734312,-514370,4162
1688993734314,-514370,4162
1688993734315,-514370,4162
1688993734317,-514370,4162
1688993734319,-514370,4162
1688993734320,-514370,4162
1688993734322,-514370,4162
1688993734326,-514370,4162
1688993734328,-514370,4162
1688993734330,-514370,4162
1688993734331,-514370,4162
1688993734333,-514370,4162
1688993734334,-514370,4162
1688993734336,-514370,4162
1688993734337,-514370,4162
1688993734339,-514370,4162
1688993734340,-514370,4162
1688993734342,-514370,4162
1688993734343,-514370,4162
1688993734345,-514370,4162
1688993734347,-514370,4162
1688993734349,-514370,4162
1688993734350,-514370,4162
1688993734352,-514370,4162
1688993734353,-514370,4162
1688993734356,-514370,4162
1688993734358,-514370,4162
1688993734360,-514370,4162
1688993734361,-514370,4162
1688993734363,-514370,4162
1688993734365,-514370,4162
1688993734367,-514370,4162
1688993734369,-514370,4162
1688993734370,-514370,4162
1688993734372,-514370,4162
1688993734373,-514370,4162
1688993734375,-514370,4162
1688993734377,-514370,4162
1688993734378,-514370,4162
1688993734380,-514370,4162
1688993734381,-514370,4162
1688993734383,-514370,4162
1688993734385,-514370,4162
1688993734387,-514370,4162
1688993734388,-514370,4162
1688993734391,-514370,4162
1688993734393,-514370,4162
1688993734394,-514370,4162
1688993734396,-514370,4162
1688993734398,-514370,4162
1688993734400,-514370,4162
1688993734401,-514370,4162
1688993734403,-514370,4162
1688993734405,-514370,4162
1688993734407,-514370,4162
1688993734409,-514370,4162
1688993734410,-514370,4162
1688993734412,-514370,4162
1688993734414,-514370,4162
1688993734415,-514370,4162
1688993734417,-514370,4162
1688993734419,-514370,4162
1688993734421,-514370,4162
1688993734423,-514370,4162
1688993734427,-514370,4162
1688993734429,-514370,4162
1688993734431,-514370,4162
1688993734432,-514370,4162
1688993734434,-514370,4162
1688993734435,-514370,4162
1688993734437,-514370,4162
1688993734438,-514370,4162
1688993734440,-514370,4162
1688993734441,-514370,4162
1688993734443,-514370,4162
1688993734445,-514370,4162
1688993734447,-514370,4162
1688993734448,-514370,4162
1688993734450,-514370,4162
1688993734451,-514370,4162
1688993734452,-514370,4162
1688993734454,-514370,4162
1688993734457,-514370,4162
1688993734459,-514370,4162
1688993734461,-514370,4162
1688993734463,-514370,4162
1688993734465,-514370,4162
1688993734467,-514370,4162
1688993734468,-514370,4162
1688993734470,-514370,4162
1688993734471,-514370,4162
1688993734472,-514370,4162
1688993734473,-514370,4162
1688993734475,-514370,4162
1688993734477,-514370,4162
1688993734478,-514370,4162
1688993734480,-514370,4162
1688993734481,-514370,4162
1688993734483,-514370,4162
1688993734485,-514370,4162
1688993734486,-514370,4162
1688993734488,-514370,4162
1688993734492,-514370,4162
1688993734493,-514370,4162
1688993734495,-514370,4162
1688993734497,-514370,4162
1688993734499,-514370,4162
1688993734500,-514370,4162
1688993734502,-514370,4162
1688993734504,-514370,4162
1688993734505,-514370,4162
1688993734507,-514370,4162
1688993734508,-514370,4162
1688993734510,-514370,4162
1688993734511,-514370,4162
1688993734513,-514370,4162
1688993734514,-514370,4162
1688993734516,-514370,4162
1688993734518,-514370,4162
1688993734519,-514370,4162
1688993734521,-514370,4162
1688993734523,-514370,4162
1688993734527,-514370,4162
1688993734528,-514370,4162
1688993734530,-514370,4162
1688993734531,-514370,4162
1688993734533,-514370,4162
1688993734534,-514370,4162
1688993734535,-514370,4162
1688993734537,-514370,4162
1688993734539,-514370,4162
1688993734541,-514370,4162
1688993734543,-514370,4162
1688993734544,-514370,4162
1688993734546,-514370,4162
1688993734548,-514370,4162
1688993734549,-514370,4162
1688993734551,-514370,4162
1688993734552,-514370,4162
1688993734554,-514370,4162
1688993734556,-514370,4162
1688993734558,-514370,4162
1688993734561,-514370,4162
1688993734563,-514370,4162
1688993734565,-514370,4162
1688993734567,-514370,4162
1688993734568,-514370,4162
1688993734570,-514370,4162
1688993734572,-514370,4162
1688993734574,-514370,4162
1688993734575,-514370,4162
1688993734577,-514370,4162
1688993734579,-514370,4162
1688993734581,-514370,4162
1688993734583,-514370,4162
1688993734584,-514370,4162
1688993734586,-514370,4162
1688993734588,-514370,4162
1688993734590,-514370,4162
1688993734592,-514370,4162
1688993734594,-514370,4162
1688993734595,-514370,4162
1688993734597,-514370,4162
1688993734598,-514370,4162
1688993734600,-514370,4162
1688993734602,-514370,4162
1688993734604,-514370,4162
1688993734606,-514370,4162
1688993734607,-514370,4162
1688993734609,-514370,4162
1688993734610,-514370,4162
1688993734612,-514370,4162
1688993734613,-514370,4162
1688993734615,-514370,4162
1688993734616,-514370,4162
1688993734618,-514370,4162
1688993734619,-514370,4162
1688993734621,-514370,4162
1688993734624,-514370,4162
1688993734626,-514370,4162
1688993734628,-514370,4162
1688993734629,-514370,4162
1688993734631,-514370,4162
1688993734632,-514370,4162
1688993734634,-514370,4162
1688993734636,-514370,4162
1688993734637,-514370,4162
1688993734639,-514370,4162
1688993734641,-514370,4162
1688993734643,-514370,4162
1688993734645,-514370,4162
1688993734647,-514370,4162
1688993734649,-514370,4162
1688993734650,-514370,4162
1688993734652,-514370,4162
1688993734654,-514370,4162
1688993734655,-514370,4162
1688993734658,-514370,4162
1688993734660,-514370,4162
1688993734661,-514370,4162
1688993734663,-514370,4162
1688993734665,-514370,4162
1688993734667,-514370,4162
1688993734668,-514370,4162
1688993734670,-514370,4162
1688993734671,-514370,4162
1688993734672,-514370,4162
1688993734674,-514370,4162
1688993734676,-514370,4162
1688993734677,-514370,4162
1688993734679,-514370,4162
1688993734681,-514370,4162
1688993734682,-514370,4162
1688993734684,-514370,4162
1688993734686,-514370,4162
1688993734687,-514370,4162
1688993734690,-514370,4162
1688993734692,-514370,4162
1688993734694,-514370,4162
1688993734696,-514370,4162
1688993734698,-514370,4162
1688993734700,-514370,4162
1688993734701,-514370,4162
1688993734703,-514370,4162
1688993734704,-514370,4162
1688993734706,-514370,4162
1688993734708,-514370,4162
1688993734713,-514370,4162
1688993734715,-514370,4162
1688993734717,-514370,4162
1688993734719,-514370,4162
1688993734721,-514370,4162
1688993734727,-514370,4162
1688993734729,-514370,4162
1688993734731,-514370,4162
1688993734732,-514370,4162
1688993734734,-514370,4162
1688993734736,-514370,4162
1688993734738,-514370,4162
1688993734740,-514370,4162
1688993734742,-514370,4162
1688993734744,-514370,4162
1688993734745,-514370,4162
1688993734747,-514370,4162
1688993734749,-514370,4162
1688993734751,-514370,4162
1688993734752,-514370,4162
1688993734753,-514370,4162
1688993734755,-514370,4162
1688993734757,-514370,4162
1688993734759,-514370,4162
1688993734761,-514370,4162
1688993734762,-514370,4162
1688993734764,-514370,4162
1688993734765,-514370,4162
1688993734767,-514370,4162
1688993734768,-514370,4162
1688993734769,-514370,4162
1688993734771,-514370,4162
1688993734772,-514370,4162
1688993734774,-514370,4162
1688993734775,-514370,4162
1688993734777,-514370,4162
1688993734779,-514370,4162
1688993734781,-514370,4162
1688993734782,-514370,4162
1688993734784,-514370,4162
1688993734786,-514370,4162
1688993734787,-514370,4162
1688993734789,-514370,4162
1688993734791,-514370,4162
1688993734793,-514370,4162
1688993734795,-514370,4162
1688993734797,-514370,4162
1688993734798,-514370,4162
1688993734800,-514370,4162
1688993734802,-514370,4162
1688993734803,-514370,4162
1688993734804,-514370,4162
1688993734806,-514370,4162
1688993734807,-514370,4162
1688993734809,-514370,4162
1688993734810,-514370,4162
1688993734812,-514370,4162
1688993734814,-514370,4162
1688993734815,-514370,4162
1688993734817,-514370,4162
1688993734819,-514370,4162
1688993734821,-514370,4162
1688993734823,-514370,4162
1688993734825,-514370,4162
1688993734827,-514370,4162
1688993734829,-514370,4162
1688993734830,-514370,4162
1688993734832,-514370,4162
1688993734833,-514370,4162
1688993734835,-514370,4162
1688993734836,-514370,4162
1688993734838,-514370,4162
1688993734840,-514370,4162
1688993734841,-514370,4162
1688993734843,-514370,4162
1688993734844,-514370,4162
1688993734846,-514370,4162
1688993734848,-514370,4162
1688993734850,-514370,4162
1688993734851,-514370,4162
1688993734853,-514370,4162
1688993734854,-514370,4162
1688993734857,-514370,4162
1688993734859,-514370,4162
1688993734861,-514370,4162
1688993734863,-514370,4162
1688993734864,-514370,4162
1688993734865,-514370,4162
1688993734867,-514370,4162
1688993734869,-514370,4162
1688993734870,-514370,4162
1688993734872,-514370,4162
1688993734874,-514370,4162
1688993734875,-514370,4162
1688993734877,-514370,4162
1688993734879,-514370,4162
1688993734881,-514370,4162
1688993734882,-514370,4162
1688993734884,-514370,4162
1688993734885,-514370,4162
1688993734887,-514370,4162
1688993734889,-514370,4162
1688993734891,-514370,4162
1688993734893,-514370,4162
1688993734895,-514370,4162
1688993734897,-514370,4162
1688993734898,-514370,4162
1688993734900,-514370,4162
1688993734901,-514370,4162
1688993734903,-514370,4162
1688993734904,-514370,4162
1688993734905,-514370,4162
1688993734907,-514370,4162
1688993734909,-514370,4162
1688993734912,-514370,4162
1688993734914,-514370,4162
1688993734916,-514370,4162
1688993734918,-514370,4162
1688993734919,-514370,4162
1688993734921,-514370,4162
1688993734923,-514370,4162
1688993734926,-514370,4162
1688993734929,-514370,4162
1688993734931,-514370,4162
1688993734932,-514370,4162
1688993734934,-514370,4162
1688993734937,-514370,4162
1688993734939,-514370,4162
1688993734941,-514370,4162
1688993734943,-514370,4162
1688993734944,-514370,4162
1688993734946,-514370,4162
1688993734948,-514370,4162
1688993734949,-514370,4162
1688993734951,-514370,4162
1688993734953,-514370,4162
1688993734955,-514370,4162
1688993734959,-514370,4162
1688993734960,-514370,4162
1688993734962,-514370,4162
1688993734964,-514370,4162
1688993734965,-514370,4162
1688993734967,-514370,4162
1688993734969,-514370,4162
1688993734971,-514370,4162
1688993734972,-514370,4162
1688993734974,-514370,4162
1688993734976,-514370,4162
1688993734978,-514370,4162
1688993734980,-514370,4162
1688993734981,-514370,4162
1688993734983,-514370,4162
1688993734984,-514370,4162
1688993734985,-514370,4162
1688993734987,-514370,4162
1688993734989,-514370,4162
1688993734992,-514370,4162
1688993734994,-514370,4162
1688993734996,-514370,4162
1688993734998,-514370,4162
1688993734999,-514370,4162
1688993735000,-514370,4162
1688993735002,-514370,4162
1688993735003,-514370,4162
1688993735004,-514370,4162
1688993735006,-514370,4162
1688993735007,-514370,4162
1688993735009,-514370,4162
1688993735011,-514370,4162
1688993735012,-514370,4162
1688993735014,-514370,4162
1688993735016,-514370,4162
1688993735018,-514370,4162
1688993735019,-514370,4162
1688993735021,-514370,4162
1688993735024,-514370,4162
1688993735026,-514370,4162
1688993735027,-514370,4162
1688993735029,-514370,4162
1688993735030,-514370,4162
1688993735032,-514370,4162
1688993735033,-514370,4162
1688993735035,-514370,4162
1688993735037,-514370,4162
1688993735038,-514370,4162
1688993735040,-514370,4162
1688993735041,-514370,4162
1688993735043,-514370,4162
1688993735045,-514370,4162
1688993735046,-514370,4162
1688993735048,-514370,4162
1688993735049,-514370,4162
1688993735051,-514370,4162
1688993735052,-514370,4162
1688993735055,-514370,4162
1688993735058,-514370,4162
1688993735061,-514370,4162
1688993735062,-514370,4162
1688993735064,-514370,4162
1688993735066,-514370,4162
1688993735067,-514370,4162
1688993735069,-514370,4162
1688993735071,-514370,4162
1688993735072,-514370,4162
1688993735074,-514370,4162
1688993735076,-514370,4162
1688993735078,-514370,4162
1688993735079,-514370,4162
1688993735081,-514370,4162
1688993735082,-514370,4162
1688993735084,-514370,4162
1688993735086,-514370,4162
1688993735087,-514370,4162
1688993735090,-514370,4162
1688993735092,-514370,4162
1688993735094,-514370,4162
1688993735095,-514370,4162
1688993735097,-514370,4162
1688993735098,-514370,4162
1688993735100,-514370,4162
1688993735101,-514370,4162
1688993735103,-514370,4162
1688993735104,-514370,4162
1688993735105,-514370,4162
1688993735107,-514370,4162
1688993735108,-514370,4162
1688993735110,-514370,4162
1688993735111,-514370,4162
1688993735113,-514370,4162
1688993735115,-514370,4162
1688993735117,-514370,4162
1688993735119,-514370,4162
1688993735121,-514370,4162
1688993735123,-514370,4162
1688993735125,-514370,4162
1688993735127,-514370,4162
1688993735129,-514370,4162
1688993735130,-514370,4162
1688993735132,-514370,4162
1688993735134,-514370,4162
1688993735136,-514370,4162
1688993735137,-514370,4162
1688993735139,-514370,4162
1688993735140,-514370,4162
1688993735142,-514370,4162
1688993735144,-514370,4162
1688993735145,-514370,4162
1688993735147,-514370,4162
1688993735148,-514370,4162
1688993735150,-514370,4162
1688993735151,-514370,4162
1688993735153,-514370,4162
1688993735155,-514370,4162
1688993735157,-514370,4162
1688993735159,-514370,4162
1688993735161,-514370,4162
1688993735162,-514370,4162
1688993735164,-514370,4162
1688993735166,-514370,4162
1688993735167,-514370,4162
1688993735169,-514370,4162
1688993735170,-514370,4162
1688993735171,-514370,4162
1688993735173,-514370,4162
1688993735175,-514370,4162
1688993735176,-514370,4162
1688993735178,-514370,4162
1688993735180,-514370,4162
1688993735181,-514370,4162
1688993735183,-514370,4162
1688993735184,-514370,4162
1688993735185,-514370,4162
1688993735187,-514370,4162
1688993735189,-514370,4162
1688993735191,-514370,4162
1688993735193,-514370,4162
1688993735195,-514370,4162
1688993735197,-514370,4162
1688993735198,-514370,4162
1688993735200,-514370,4162
1688993735201,-514370,4162
1688993735203,-514370,4162
1688993735204,-514370,4162
1688993735205,-514370,4162
1688993735207,-514370,4162
1688993735209,-514370,4162
1688993735210,-514370,4162
1688993735212,-514370,4162
1688993735214,-514370,4162
1688993735215,-514370,4162
1688993735217,-514370,4162
1688993735218,-514370,4162
1688993735220,-514370,4162
1688993735222,-514370,4162
1688993735224,-514370,4162
1688993735225,-514370,4162
1688993735227,-514370,4162
1688993735229,-514370,4162
1688993735230,-514370,4162
1688993735232,-514370,4162
1688993735234,-514370,4162
1688993735235,-514370,4162
1688993735237,-514370,4162
1688993735238,-514370,4162
1688993735240,-514370,4162
1688993735241,-514370,4162
1688993735242,-514370,4162
1688993735244,-514370,4162
1688993735246,-514370,4162
1688993735247,-514370,4162
1688993735249,-514370,4162
1688993735251,-514370,4162
1688993735253,-514370,4162
1688993735255,-514370,4162
1688993735257,-514370,4162
1688993735261,-514370,4162
1688993735262,-514370,4162
1688993735264,-514370,4162
1688993735266,-514370,4162
1688993735268,-514370,4162
1688993735270,-514370,4162
1688993735271,-514370,4162
1688993735273,-514370,4162
1688993735275,-514370,4162
1688993735276,-514370,4162
1688993735278,-514370,4162
1688993735280,-514370,4162
1688993735281,-514370,4162
1688993735283,-514370,4162
1688993735284,-514370,4162
1688993735285,-514370,4162
1688993735287,-514370,4162
1688993735290,-514370,4162
1688993735292,-514370,4162
1688993735294,-514370,4162
1688993735296,-514370,4162
1688993735297,-514370,4162
1688993735299,-514370,4162
1688993735300,-514370,4162
1688993735302,-514370,4162
1688993735303,-514370,4162
1688993735305,-514370,4162
1688993735306,-514370,4162
1688993735308,-514370,4162
1688993735310,-514370,4162
1688993735312,-514370,4162
1688993735314,-514370,4162
1688993735315,-514370,4162
1688993735317,-514370,4162
1688993735318,-514370,4162
1688993735320,-514370,4162
1688993735323,-514370,4162
1688993735325,-514370,4162
1688993735327,-514370,4162
1688993735329,-514370,4162
1688993735331,-514370,4162
1688993735333,-514370,4162
1688993735334,-514370,4162
1688993735336,-514370,4162
1688993735338,-514370,4162
1688993735339,-514370,4162
1688993735340,-514370,4162
1688993735342,-514370,4162
1688993735344,-514370,4162
1688993735345,-514370,4162
1688993735347,-514370,4162
1688993735349,-514370,4162
1688993735351,-514370,4162
1688993735353,-514370,4162
1688993735354,-514370,4162
1688993735357,-514370,4162
1688993735358,-514370,4162
1688993735360,-514370,4162
1688993735362,-514370,4162
1688993735364,-514370,4162
1688993735365,-514370,4162
1688993735367,-514370,4162
1688993735368,-514370,4162
1688993735370,-514370,4162
1688993735372,-514370,4162
1688993735373,-514370,4162
1688993735375,-514370,4162
1688993735376,-514370,4162
1688993735378,-514370,4162
1688993735380,-514370,4162
1688993735382,-514370,4162
1688993735384,-514370,4162
1688993735385,-514370,4162
1688993735387,-514370,4162
1688993735390,-514370,4162
1688993735392,-514370,4162
1688993735394,-514370,4162
1688993735396,-514370,4162
1688993735397,-514370,4162
1688993735399,-514370,4162
1688993735400,-514370,4162
1688993735402,-514370,4162
1688993735403,-514370,4162
1688993735405,-514370,4162
1688993735406,-514370,4162
1688993735408,-514370,4162
1688993735410,-514370,4162
1688993735411,-514370,4162
1688993735413,-514370,4162
1688993735414,-514370,4162
1688993735416,-514370,4162
1688993735418,-514370,4162
1688993735419,-514370,4162
1688993735421,-514370,4162
1688993735423,-514370,4162
1688993735425,-514370,4162
1688993735427,-514370,4162
1688993735429,-514370,4162
1688993735430,-514370,4162
1688993735432,-514370,4162
1688993735433,-514370,4162
1688993735434,-514370,4162
1688993735436,-514370,4162
1688993735437,-514370,4162
1688993735439,-514370,4162
1688993735440,-514370,4162
1688993735442,-514370,4162
1688993735444,-514370,4162
1688993735445,-514370,4162
1688993735448,-514370,4162
1688993735450,-514370,4162
1688993735451,-514370,4162
1688993735453,-514370,4162
1688993735455,-514370,4162
1688993735458,-514370,4162
1688993735459,-514370,4162
1688993735461,-514370,4162
1688993735463,-514370,4162
1688993735465,-514370,4162
1688993735467,-514370,4162
1688993735469,-514370,4162
1688993735470,-514370,4162
1688993735472,-514370,4162
1688993735474,-514370,4162
1688993735475,-514370,4162
1688993735477,-514370,4162
1688993735478,-514370,4162
1688993735479,-514370,4162
1688993735481,-514370,4162
1688993735482,-514370,4162
1688993735484,-514370,4162
1688993735485,-514370,4162
1688993735487,-514370,4162
1688993735489,-514370,4162
1688993735492,-514370,4162
1688993735494,-514370,4162
1688993735495,-514370,4162
1688993735497,-514370,4162
1688993735498,-514370,4162
1688993735500,-514370,4162
1688993735501,-514370,4162
1688993735503,-514370,4162
1688993735504,-514370,4162
1688993735506,-514370,4162
1688993735508,-514370,4162
1688993735509,-514370,4162
1688993735511,-514370,4162
1688993735513,-514370,4162
1688993735514,-514370,4162
1688993735516,-514370,4162
1688993735518,-514370,4162
1688993735520,-514370,4162
1688993735526,-514370,4162
1688993735528,-514370,4162
1688993735530,-514370,4162
1688993735531,-514370,4162
1688993735532,-514370,4162
1688993735534,-514370,4162
1688993735536,-514370,4162
1688993735537,-514370,4162
1688993735539,-514370,4162
1688993735540,-514370,4162
1688993735542,-514370,4162
1688993735544,-514370,4162
1688993735545,-514370,4162
1688993735548,-514370,4162
1688993735549,-514370,4162
1688993735551,-514370,4162
1688993735552,-514370,4162
1688993735554,-514370,4162
1688993735556,-514370,4162
1688993735559,-514370,4162
1688993735560,-514370,4162
1688993735562,-514370,4162
1688993735564,-514370,4162
1688993735565,-514370,4162
1688993735567,-514370,4162
1688993735568,-514370,4162
1688993735570,-514370,4162
1688993735571,-514370,4162
1688993735573,-514370,4162
1688993735574,-514370,4162
1688993735576,-514370,4162
1688993735578,-514370,4162
1688993735580,-514370,4162
1688993735581,-514370,4162
1688993735583,-514370,4162
1688993735584,-514370,4162
1688993735586,-514370,4162
1688993735588,-514370,4162
1688993735591,-514370,4162
1688993735593,-514370,4162
1688993735595,-514370,4162
1688993735597,-514370,4162
1688993735598,-514370,4162
1688993735600,-514370,4162
1688993735601,-514370,4162
1688993735603,-514370,4162
1688993735604,-514370,4162
1688993735606,-514370,4162
1688993735608,-514370,4162
1688993735609,-514370,4162
1688993735611,-514370,4162
1688993735612,-514370,4162
1688993735614,-514370,4162
1688993735615,-514370,4162
1688993735617,-514370,4162
1688993735619,-514370,4162
1688993735621,-514370,4162
1688993735623,-514370,4162
1688993735625,-514370,4162
1688993735627,-514370,4162
1688993735629,-514370,4162
1688993735631,-514370,4162
1688993735632,-514370,4162
1688993735634,-514370,4162
1688993735635,-514370,4162
1688993735637,-514370,4162
1688993735638,-514370,4162
1688993735639,-514370,4162
1688993735641,-514370,4162
1688993735642,-514370,4162
1688993735644,-514370,4162
1688993735647,-514370,4162
1688993735649,-514370,4162
1688993735650,-514370,4162
1688993735652,-514370,4162
1688993735654,-514370,4162
1688993735656,-514370,4162
1688993735658,-514370,4162
1688993735661,-514370,4162
1688993735662,-514370,4162
1688993735664,-514370,4162
1688993735666,-514370,4162
1688993735668,-514370,4162
1688993735670,-514370,4162
1688993735671,-514370,4162
1688993735673,-514370,4162
1688993735674,-514370,4162
1688993735675,-514370,4162
1688993735677,-514370,4162
1688993735679,-514370,4162
1688993735681,-514370,4162
1688993735682,-514370,4162
1688993735684,-514370,4162
1688993735686,-514370,4162
1688993735688,-514370,4162
1688993735690,-514370,4162
1688993735692,-514370,4162
1688993735694,-514370,4162
1688993735697,-514370,4162
1688993735698,-514370,4162
1688993735699,-514370,4162
1688993735701,-514370,4162
1688993735702,-514370,4162
1688993735703,-514370,4162
1688993735705,-514370,4162
1688993735706,-514370,4162
1688993735708,-514370,4162
1688993735709,-514370,4162
1688993735711,-514370,4162
1688993735712,-514370,4162
1688993735714,-514370,4162
1688993735715,-514370,4162
1688993735717,-514370,4162
1688993735718,-514370,4162
1688993735720,-514370,4162
1688993735722,-514370,4162
1688993735724,-514370,4162
1688993735726,-514370,4162
1688993735728,-514370,4162
1688993735730,-514370,4162
1688993735731,-514370,4162
1688993735733,-514370,4162
1688993735734,-514370,4162
1688993735736,-514370,4162
1688993735738,-514370,4162
1688993735739,-514370,4162
1688993735740,-514370,4162
1688993735742,-514370,4162
1688993735744,-514370,4162
1688993735746,-514370,4162
1688993735748,-514370,4162
1688993735749,-514370,4162
1688993735750,-514370,4162
1688993735752,-514370,4162
1688993735753,-514370,4162
1688993735755,-514370,4162
1688993735757,-514370,4162
1688993735759,-514370,4162
1688993735761,-514370,4162
1688993735762,-514370,4162
1688993735764,-514370,4162
1688993735766,-514370,4162
1688993735767,-514370,4162
1688993735769,-514370,4162
1688993735770,-514370,4162
1688993735771,-514370,4162
1688993735773,-514370,4162
1688993735774,-514370,4162
1688993735776,-514370,4162
1688993735778,-514370,4162
1688993735779,-514370,4162
1688993735781,-514370,4162
1688993735783,-514370,4162
1688993735785,-514370,4162
1688993735787,-514370,4162
1688993735789,-514370,4162
1688993735791,-514370,4162
1688993735793,-514370,4162
1688993735795,-514370,4162
1688993735797,-514370,4162
1688993735799,-514370,4162
1688993735800,-514370,4162
1688993735802,-514370,4162
1688993735805,-514370,4162
1688993735807,-514370,4162
1688993735809,-514370,4162
1688993735811,-514370,4162
1688993735812,-514370,4162
1688993735814,-514370,4162
1688993735815,-514370,4162
1688993735817,-514370,4162
1688993735819,-514370,4162
1688993735821,-514370,4162
1688993735823,-514370,4162
1688993735826,-514370,4162
1688993735827,-514370,4162
1688993735829,-514370,4162
1688993735831,-514370,4162
1688993735832,-514370,4162
1688993735834,-514370,4162
1688993735835,-514370,4162
1688993735837,-514370,4162
1688993735838,-514370,4162
1688993735840,-514370,4162
1688993735842,-514370,4162
1688993735844,-514370,4162
1688993735846,-514370,4162
1688993735848,-514370,4162
1688993735849,-514370,4162
1688993735850,-514370,4162
1688993735852,-514370,4162
1688993735853,-514370,4162
1688993735855,-514370,4162
1688993735858,-514370,4162
1688993735859,-514370,4162
1688993735861,-514370,4162
1688993735863,-514370,4162
1688993735865,-514370,4162
1688993735866,-514370,4162
1688993735868,-514370,4162
1688993735869,-514370,4162
1688993735871,-514370,4162
1688993735872,-514370,4162
1688993735874,-514370,4162
1688993735876,-514370,4162
1688993735877,-514370,4162
1688993735879,-514370,4162
1688993735881,-514370,4162
1688993735883,-514370,4162
1688993735885,-514370,4162
1688993735886,-514370,4162
1688993735887,-514370,4162
1688993735890,-514370,4162
1688993735892,-514370,4162
1688993735894,-514370,4162
1688993735895,-514370,4162
1688993735896,-514370,4162
1688993735898,-514370,4162
1688993735899,-514370,4162
1688993735901,-514370,4162
1688993735902,-514370,4162
1688993735904,-514370,4162
1688993735905,-514370,4162
1688993735907,-514370,4162
1688993735908,-514370,4162
1688993735909,-514370,4162
1688993735911,-514370,4162
1688993735914,-514370,4162
1688993735916,-514370,4162
1688993735918,-514370,4162
1688993735919,-514370,4162
1688993735921,-514370,4162
1688993735923,-514370,4162
1688993735925,-514370,4162
1688993735927,-514370,4162
1688993735929,-514370,4162
1688993735931,-514370,4162
1688993735932,-514370,4162
1688993735934,-514370,4162
1688993735935,-514370,4162
1688993735937,-514370,4162
1688993735939,-514370,4162
1688993735941,-514370,4162
1688993735942,-514370,4162
1688993735944,-514370,4162
1688993735946,-514370,4162
1688993735948,-514370,4162
1688993735949,-514370,4162
1688993735951,-514370,4162
1688993735952,-514370,4162
1688993735953,-514370,4162
1688993735955,-514370,4162
1688993735957,-514370,4162
1688993735959,-514370,4162
1688993735961,-514370,4162
1688993735963,-514370,4162
1688993735964,-514370,4162
1688993735966,-514370,4162
1688993735967,-514370,4162
1688993735969,-514370,4162
1688993735970,-514370,4162
1688993735972,-514370,4162
1688993735973,-514370,4162
1688993735975,-514370,4162
1688993735976,-514370,4162
1688993735978,-514370,4162
1688993735980,-514370,4162
1688993735982,-514370,4162
1688993735984,-514370,4162
1688993735985,-514370,4162
1688993735987,-514370,4162
1688993735989,-514370,4162
1688993735991,-514370,4162
1688993735993,-514370,4162
1688993735995,-514370,4162
1688993735997,-514370,4162
1688993735998,-514370,4162
1688993736001,-514370,4162
1688993736002,-514370,4162
1688993736004,-514370,4162
1688993736006,-514370,4162
1688993736007,-514370,4162
1688993736009,-514370,4162
1688993736011,-514370,4162
1688993736012,-514370,4162
1688993736014,-514370,4162
1688993736015,-514370,4162
1688993736017,-514370,4162
1688993736019,-514370,4162
1688993736022,-514370,4162
1688993736024,-514370,4162
1688993736026,-514370,4162
1688993736027,-514370,4162
1688993736029,-514370,4162
1688993736031,-514370,4162
1688993736032,-514370,4162
1688993736034,-514370,4162
1688993736036,-514370,4162
1688993736038,-514370,4162
1688993736039,-514370,4162
1688993736041,-514370,4162
1688993736044,-514370,4162
1688993736048,-514370,4162
1688993736050,-514370,4162
1688993736052,-514370,4162
1688993736054,-514370,4162
1688993736056,-514370,4162
1688993736059,-514370,4162
1688993736061,-514370,4162
1688993736063,-514370,4162
1688993736064,-514370,4162
1688993736066,-514370,4162
1688993736068,-514370,4162
1688993736070,-514370,4162
1688993736071,-514370,4162
1688993736073,-514370,4162
1688993736075,-514370,4162
1688993736076,-514370,4162
1688993736079,-514370,4162
1688993736081,-514370,4162
1688993736082,-514370,4162
1688993736084,-514370,4162
1688993736085,-514370,4162
1688993736087,-514370,4162
1688993736089,-514370,4162
1688993736091,-514370,4162
1688993736092,-514370,4162
1688993736094,-514370,4162
1688993736096,-514370,4162
1688993736098,-514370,4162
1688993736100,-514370,4162
1688993736101,-514370,4162
1688993736103,-514370,4162
1688993736104,-514370,4162
1688993736106,-514370,4162
1688993736107,-514370,4162
1688993736109,-514370,4162
1688993736110,-514370,4162
1688993736112,-514370,4162
1688993736114,-514370,4162
1688993736116,-514370,4162
1688993736118,-514370,4162
1688993736120,-514370,4162
1688993736121,-514370,4162
1688993736123,-514370,4162
1688993736126,-514370,4162
1688993736128,-514370,4162
1688993736129,-514370,4162
1688993736131,-514370,4162
1688993736132,-514370,4162
1688993736134,-514370,4162
1688993736136,-514370,4162
1688993736138,-514370,4162
1688993736140,-514370,4162
1688993736141,-514370,4162
1688993736143,-514370,4162
1688993736144,-514370,4162
1688993736146,-514370,4162
1688993736148,-514370,4162
1688993736149,-514370,4162
1688993736151,-514370,4162
1688993736153,-514370,4162
1688993736155,-514370,4162
1688993736157,-514370,4162
1688993736159,-514370,4162
1688993736161,-514370,4162
1688993736162,-514370,4162
1688993736164,-514370,4162
1688993736166,-514370,4162
1688993736167,-514370,4162
1688993736169,-514370,4162
1688993736170,-514370,4162
1688993736172,-514370,4162
1688993736173,-514370,4162
1688993736175,-514370,4162
1688993736176,-514370,4162
1688993736179,-514370,4162
1688993736181,-514370,4162
1688993736182,-514370,4162
1688993736184,-514370,4162
1688993736185,-514370,4162
1688993736186,-514370,4162
1688993736188,-514370,4162
1688993736191,-514370,4162
1688993736193,-514370,4162
1688993736194,-514370,4162
1688993736196,-514370,4162
1688993736198,-514370,4162
1688993736200,-514370,4162
1688993736201,-514370,4162
1688993736202,-514370,4162
1688993736204,-514370,4162
1688993736206,-514370,4162
1688993736207,-514370,4162
1688993736209,-514370,4162
1688993736210,-514370,4162
1688993736212,-514370,4162
1688993736213,-514370,4162
1688993736215,-514370,4162
1688993736217,-514370,4162
1688993736219,-514370,4162
1688993736220,-514370,4162
1688993736222,-514370,4162
1688993736225,-514370,4162
1688993736226,-514370,4162
1688993736228,-514370,4162
1688993736230,-514370,4162
1688993736231,-514370,4162
1688993736233,-514370,4162
1688993736234,-514370,4162
1688993736236,-514370,4162
1688993736237,-514370,4162
1688993736239,-514370,4162
1688993736240,-514370,4162
1688993736241,-514370,4162
1688993736242,-514370,4162
1688993736244,-514370,4162
1688993736246,-514370,4162
1688993736248,-514370,4162
1688993736249,-514370,4162
1688993736251,-514370,4162
1688993736252,-514370,4162
1688993736254,-514370,4162
1688993736256,-514370,4162
1688993736258,-514370,4162
1688993736260,-514370,4162
1688993736262,-514370,4162
1688993736263,-514370,4162
1688993736265,-514370,4162
1688993736267,-514370,4162
1688993736268,-514370,4162
1688993736270,-514370,4162
1688993736271,-514370,4162
1688993736273,-514370,4162
1688993736274,-514370,4162
1688993736276,-514370,4162
1688993736278,-514370,4162
1688993736280,-514370,4162
1688993736281,-514370,4162
1688993736282,-514370,4162
1688993736284,-514370,4162
1688993736285,-514370,4162
1688993736287,-514370,4162
1688993736291,-514370,4162
1688993736294,-514370,4162
1688993736296,-514370,4162
1688993736297,-514370,4162
1688993736299,-514370,4162
1688993736301,-514370,4162
1688993736302,-514370,4162
1688993736303,-514370,4162
1688993736305,-514370,4162
1688993736306,-514370,4162
1688993736307,-514370,4162
1688993736309,-514370,4162
1688993736311,-514370,4162
1688993736312,-514370,4162
1688993736315,-514370,4162
1688993736317,-514370,4162
1688993736318,-514370,4162
1688993736320,-514370,4162
1688993736322,-514370,4162
1688993736324,-514370,4162
1688993736326,-514370,4162
1688993736328,-514370,4162
1688993736329,-514370,4162
1688993736331,-514370,4162
1688993736333,-514370,4162
1688993736335,-514370,4162
1688993736337,-514370,4162
1688993736338,-514370,4162
1688993736340,-514370,4162
1688993736342,-514370,4162
1688993736343,-514370,4162
1688993736345,-514370,4162
1688993736346,-514370,4162
1688993736348,-514370,4162
1688993736349,-514370,4162
1688993736351,-514370,4162
1688993736352,-514370,4162
1688993736354,-514370,4162
1688993736356,-514370,4162
1688993736359,-514370,4162
1688993736361,-514370,4162
1688993736362,-514370,4162
1688993736364,-514370,4162
1688993736365,-514370,4162
1688993736367,-514370,4162
1688993736368,-514370,4162
1688993736370,-514370,4162
1688993736371,-514370,4162
1688993736373,-514370,4162
1688993736375,-514370,4162
1688993736376,-514370,4162
1688993736378,-514370,4162
1688993736380,-514370,4162
1688993736382,-514370,4162
1688993736383,-514370,4162
1688993736385,-514370,4162
1688993736387,-514370,4162
1688993736388,-514370,4162
1688993736391,-514370,4162
1688993736393,-514370,4162
1688993736395,-514370,4162
1688993736397,-514370,4162
1688993736398,-514370,4162
1688993736399,-514370,4162
1688993736401,-514370,4162
1688993736402,-514370,4162
1688993736404,-514370,4162
1688993736406,-514370,4162
1688993736407,-514370,4162
1688993736409,-514370,4162
1688993736410,-514370,4162
1688993736412,-514370,4162
1688993736414,-514370,4162
1688993736416,-514370,4162
1688993736418,-514370,4162
1688993736419,-514370,4162
1688993736421,-514370,4162
1688993736424,-514370,4162
1688993736426,-514370,4162
1688993736428,-514370,4162
1688993736429,-514370,4162
1688993736431,-514370,4162
1688993736432,-514370,4162
1688993736434,-514370,4162
1688993736436,-514370,4162
1688993736437,-514370,4162
1688993736439,-514370,4162
1688993736440,-514370,4162
1688993736442,-514370,4162
1688993736444,-514370,4162
1688993736445,-514370,4162
1688993736447,-514370,4162
1688993736449,-514370,4162
1688993736450,-514370,4162
1688993736452,-514370,4162
1688993736455,-514370,4162
1688993736458,-514370,4162
1688993736460,-514370,4162
1688993736461,-514370,4162
1688993736463,-514370,4162
1688993736465,-514370,4162
1688993736466,-514370,4162
1688993736468,-514370,4162
1688993736469,-514370,4162
1688993736471,-514370,4162
1688993736472,-514370,4162
1688993736475,-514370,4162
1688993736476,-514370,4162
1688993736478,-514370,4162
1688993736479,-514370,4162
1688993736481,-514370,4162
1688993736483,-514370,4162
1688993736484,-514370,4162
1688993736485,-514370,4162
1688993736486,-514370,4162
1688993736488,-514370,4162
1688993736491,-514370,4162
1688993736493,-514370,4162
1688993736494,-514370,4162
1688993736496,-514370,4162
1688993736497,-514370,4162
1688993736499,-514370,4162
1688993736500,-514370,4162
1688993736502,-514370,4162
1688993736503,-514370,4162
1688993736505,-514370,4162
1688993736507,-514370,4162
1688993736509,-514370,4162
1688993736511,-514370,4162
1688993736512,-514370,4162
1688993736514,-514370,4162
1688993736516,-514370,4162
1688993736518,-514370,4162
1688993736519,-514370,4162
1688993736520,-514370,4162
1688993736522,-514370,4162
1688993736526,-514370,4162
1688993736528,-514370,4162
1688993736529,-514370,4162
1688993736531,-514370,4162
1688993736533,-514370,4162
1688993736535,-514370,4162
1688993736537,-514370,4162
1688993736538,-514370,4162
1688993736540,-514370,4162
1688993736542,-514370,4162
1688993736544,-514370,4162
1688993736546,-514370,4162
1688993736548,-514370,4162
1688993736549,-514370,4162
1688993736551,-514370,4162
1688993736553,-514370,4162
1688993736555,-514370,4162
1688993736558,-514370,4162
1688993736560,-514370,4162
1688993736561,-514370,4162
1688993736563,-514370,4162
1688993736564,-514370,4162
1688993736566,-514370,4162
1688993736567,-514370,4162
1688993736569,-514370,4162
1688993736571,-514370,4162
1688993736572,-514370,4162
1688993736574,-514370,4162
1688993736575,-514370,4162
1688993736577,-514370,4162
1688993736578,-514370,4162
1688993736580,-514370,4162
1688993736582,-514370,4162
1688993736583,-514370,4162
1688993736585,-514370,4162
1688993736587,-514370,4162
1688993736588,-514370,4162
1688993736591,-514370,4162
1688993736593,-514370,4162
1688993736595,-514370,4162
1688993736597,-514370,4162
1688993736598,-514370,4162
1688993736599,-514370,4162
1688993736601,-514370,4162
1688993736603,-514370,4162
1688993736604,-514370,4162
1688993736606,-514370,4162
1688993736608,-514370,4162
1688993736610,-514370,4162
1688993736611,-514370,4162
1688993736613,-514370,4162
1688993736615,-514370,4162
1688993736617,-514370,4162
1688993736618,-514370,4162
1688993736620,-514370,4162
1688993736621,-514370,4162
1688993736623,-514370,4162
1688993736625,-514370,4162
1688993736627,-514370,4162
1688993736629,-514370,4162
1688993736632,-514370,4162
1688993736633,-514370,4162
1688993736635,-514370,4162
1688993736636,-514370,4162
1688993736638,-514370,4162
1688993736639,-514370,4162
1688993736641,-514370,4162
1688993736642,-514370,4162
1688993736644,-514370,4162
1688993736646,-514370,4162
1688993736648,-514370,4162
1688993736649,-514370,4162
1688993736651,-514370,4162
1688993736653,-514370,4162
1688993736655,-514370,4162
1688993736657,-514370,4162
1688993736659,-514370,4162
1688993736661,-514370,4162
1688993736663,-514370,4162
1688993736665,-514370,4162
1688993736666,-514370,4162
1688993736668,-514370,4162
1688993736669,-514370,4162
1688993736671,-514370,4162
1688993736673,-514370,4162
1688993736675,-514370,4162
1688993736676,-514370,4162
1688993736678,-514370,4162
1688993736679,-514370,4162
1688993736681,-514370,4162
1688993736682,-514370,4162
1688993736684,-514370,4162
1688993736685,-514370,4162
1688993736687,-514370,4162
1688993736689,-514370,4162
1688993736693,-514370,4162
1688993736694,-514370,4162
1688993736696,-514370,4162
1688993736699,-514370,4162
1688993736701,-514370,4162
1688993736702,-514370,4162
1688993736704,-514370,4162
1688993736705,-514370,4162
1688993736707,-514370,4162
1688993736708,-514370,4162
1688993736711,-514370,4162
1688993736715,-514370,4162
1688993736717,-514370,4162
1688993736718,-514370,4162
1688993736720,-514370,4162
1688993736721,-514370,4162
1688993736725,-514370,4162
1688993736728,-514370,4162
1688993736730,-514370,4162
1688993736731,-514370,4162
1688993736733,-514370,4162
1688993736735,-514370,4162
1688993736736,-514370,4162
1688993736738,-514370,4162
1688993736739,-514370,4162
1688993736741,-514370,4162
1688993736742,-514370,4162
1688993736744,-514370,4162
1688993736746,-514370,4162
1688993736747,-514370,4162
1688993736749,-514370,4162
1688993736751,-514370,4162
1688993736752,-514370,4162
1688993736754,-514370,4162
1688993736756,-514370,4162
1688993736757,-514370,4162
1688993736759,-514370,4162
1688993736761,-514370,4162
1688993736763,-514370,4162
1688993736764,-514370,4162
1688993736765,-514370,4162
1688993736767,-514370,4162
1688993736768,-514370,4162
1688993736770,-514370,4162
1688993736772,-514370,4162
1688993736773,-514370,4162
1688993736774,-514370,4162
1688993736776,-514370,4162
1688993736778,-514370,4162
1688993736779,-514370,4162
1688993736781,-514370,4162
1688993736782,-514370,4162
1688993736784,-514370,4162
1688993736785,-514370,4162
1688993736787,-514370,4162
1688993736792,-514370,4162
1688993736794,-514370,4162
1688993736796,-514370,4162
1688993736797,-514370,4162
1688993736799,-514370,4162
1688993736801,-514370,4162
1688993736802,-514370,4162
1688993736804,-514370,4162
1688993736805,-514370,4162
1688993736807,-514370,4162
1688993736809,-514370,4162
1688993736811,-514370,4162
1688993736813,-514370,4162
1688993736815,-514370,4162
1688993736816,-514370,4162
1688993736818,-514370,4162
1688993736819,-514370,4162
1688993736821,-514370,4162
1688993736824,-514370,4162
1688993736826,-514370,4162
1688993736828,-514370,4162
1688993736830,-514370,4162
1688993736831,-514370,4162
1688993736833,-514370,4162
1688993736834,-514370,4162
1688993736836,-514370,4162
1688993736837,-514370,4162
1688993736839,-514370,4162
1688993736840,-514370,4162
1688993736842,-514370,4162
1688993736843,-514370,4162
1688993736845,-514370,4162
1688993736847,-514370,4162
1688993736849,-514370,4162
1688993736850,-514370,4162
1688993736852,-514370,4162
1688993736854,-514370,4162
1688993736855,-514370,4162
1688993736858,-514370,4162
1688993736860,-514370,4162
1688993736862,-514370,4162
1688993736863,-514370,4162
1688993736864,-514370,4162
1688993736866,-514370,4162
1688993736868,-514370,4162
1688993736870,-514370,4162
1688993736871,-514370,4162
1688993736873,-514370,4162
1688993736874,-514370,4162
1688993736875,-514370,4162
1688993736877,-514370,4162
1688993736879,-514370,4162
1688993736881,-514370,4162
1688993736882,-514370,4162
1688993736884,-514370,4162
1688993736885,-514370,4162
1688993736887,-514370,4162
1688993736889,-514370,4162
1688993736892,-514370,4162
1688993736894,-514370,4162
1688993736896,-514370,4162
1688993736898,-514370,4162
1688993736899,-514370,4162
1688993736901,-514370,4162
1688993736903,-514370,4162
1688993736904,-514370,4162
1688993736906,-514370,4162
1688993736908,-514370,4162
1688993736909,-514370,4162
1688993736911,-514370,4162
1688993736913,-514370,4162
1688993736915,-514370,4162
1688993736916,-514370,4162
1688993736918,-514370,4162
1688993736919,-514370,4162
1688993736921,-514370,4162
1688993736925,-514370,4162
1688993736927,-514370,4162
1688993736929,-514370,4162
1688993736930,-514370,4162
1688993736932,-514370,4162
1688993736933,-514370,4162
1688993736935,-514370,4162
1688993736937,-514370,4162
1688993736938,-514370,4162
1688993736939,-514370,4162
1688993736941,-514370,4162
1688993736942,-514370,4162
1688993736944,-514370,4162
1688993736946,-514370,4162
1688993736948,-514370,4162
1688993736949,-514370,4162
1688993736951,-514370,4162
1688993736952,-514370,4162
1688993736953,-514370,4162
1688993736955,-514370,4162
1688993736957,-514370,4162
1688993736959,-514370,4162
1688993736961,-514370,4162
1688993736962,-514370,4162
1688993736964,-514370,4162
1688993736966,-514370,4162
1688993736968,-514370,4162
1688993736969,-514370,4162
1688993736971,-514370,4162
1688993736972,-514370,4162
1688993736974,-514370,4162
1688993736975,-514370,4162
1688993736977,-514370,4162
1688993736979,-514370,4162
1688993736980,-514370,4162
1688993736982,-514370,4162
1688993736984,-514370,4162
1688993736986,-514370,4162
1688993736988,-514370,4162
1688993736990,-514370,4162
1688993736992,-514370,4162
1688993736994,-514370,4162
1688993736996,-514370,4162
1688993736997,-514370,4162
1688993736999,-514370,4162
1688993737000,-514370,4162
1688993737002,-514370,4162
1688993737003,-514370,4162
1688993737005,-514370,4162
1688993737007,-514370,4162
1688993737009,-514370,4162
1688993737010,-514370,4162
1688993737011,-514370,4162
1688993737014,-514370,4162
1688993737015,-514370,4162
1688993737017,-514370,4162
1688993737018,-514370,4162
1688993737020,-514370,4162
1688993737021,-514370,4162
1688993737025,-514370,4162
1688993737026,-514370,4162
1688993737028,-514370,4162
1688993737030,-514370,4162
1688993737031,-514370,4162
1688993737032,-514370,4162
1688993737034,-514370,4162
1688993737035,-514370,4162
1688993737037,-514370,4162
1688993737039,-514370,4162
1688993737040,-514370,4162
1688993737041,-514370,4162
1688993737043,-514370,4162
1688993737045,-514370,4162
1688993737047,-514370,4162
1688993737048,-514370,4162
1688993737050,-514370,4162
1688993737052,-514370,4162
1688993737054,-514370,4162
1688993737056,-514370,4162
1688993737058,-514370,4162
1688993737060,-514370,4162
1688993737061,-514370,4162
1688993737063,-514370,4162
1688993737065,-514370,4162
1688993737067,-514370,4162
1688993737068,-514370,4162
1688993737070,-514370,4162
1688993737072,-514370,4162
1688993737073,-514370,4162
1688993737075,-514370,4162
1688993737076,-514370,4162
1688993737077,-514370,4162
1688993737079,-514370,4162
1688993737081,-514370,4162
1688993737082,-514370,4162
1688993737084,-514370,4162
1688993737086,-514370,4162
1688993737088,-514370,4162
1688993737093,-514370,4162
1688993737094,-514370,4162
1688993737096,-514370,4162
1688993737097,-514370,4162
1688993737099,-514370,4162
1688993737100,-514370,4162
1688993737102,-514370,4162
1688993737104,-514370,4162
1688993737105,-514370,4162
1688993737107,-514370,4162
1688993737108,-514370,4162
1688993737110,-514370,4162
1688993737111,-514370,4162
1688993737113,-514370,4162
1688993737115,-514370,4162
1688993737116,-514370,4162
1688993737118,-514370,4162
1688993737119,-514370,4162
1688993737121,-514370,4162
1688993737127,-514370,4162
1688993737128,-514370,4162
1688993737130,-514370,4162
1688993737132,-514370,4162
1688993737133,-514370,4162
1688993737135,-514370,4162
1688993737136,-514370,4162
1688993737138,-514370,4162
1688993737139,-514370,4162
1688993737141,-514370,4162
1688993737143,-514370,4162
1688993737145,-514370,4162
1688993737147,-514370,4162
1688993737148,-514370,4162
1688993737150,-514370,4162
1688993737151,-514370,4162
1688993737153,-514370,4162
1688993737154,-514370,4162
1688993737157,-514370,4162
1688993737159,-514370,4162
1688993737161,-514370,4162
1688993737163,-514370,4162
1688993737165,-514370,4162
1688993737166,-514370,4162
1688993737168,-514370,4162
1688993737169,-514370,4162
1688993737171,-514370,4162
1688993737172,-514370,4162
1688993737174,-514370,4162
1688993737175,-514370,4162
1688993737177,-514370,4162
1688993737178,-514370,4162
1688993737180,-514370,4162
1688993737182,-514370,4162
1688993737184,-514370,4162
1688993737186,-514370,4162
1688993737188,-514370,4162
1688993737190,-514370,4162
1688993737192,-514370,4162
1688993737194,-514370,4162
1688993737195,-514370,4162
1688993737197,-514370,4162
1688993737198,-514370,4162
1688993737200,-514370,4162
1688993737202,-514370,4162
1688993737204,-514370,4162
1688993737206,-514370,4162
1688993737207,-514370,4162
1688993737209,-514370,4162
1688993737211,-514370,4162
1688993737212,-514370,4162
1688993737214,-514370,4162
1688993737216,-514370,4162
1688993737218,-514370,4162
1688993737220,-514370,4162
1688993737222,-514370,4162
1688993737224,-514370,4162
1688993737226,-514370,4162
1688993737228,-514370,4162
1688993737230,-514370,4162
1688993737231,-514370,4162
1688993737233,-514370,4162
1688993737239,-514370,4162
1688993737241,-514370,4162
1688993737243,-514370,4162
1688993737245,-514370,4162
1688993737247,-514370,4162
1688993737249,-514370,4162
1688993737251,-514370,4162
1688993737253,-514370,4162
1688993737255,-514370,4162
1688993737260,-514370,4162
1688993737264,-514370,4162
1688993737265,-514370,4162
1688993737267,-514370,4162
1688993737269,-514370,4162
1688993737270,-514370,4162
1688993737271,-514370,4162
1688993737272,-514370,4162
1688993737274,-514370,4162
1688993737275,-514370,4162
1688993737277,-514370,4162
1688993737278,-514370,4162
1688993737280,-514370,4162
1688993737281,-514370,4162
1688993737283,-514370,4162
1688993737284,-514370,4162
1688993737285,-514370,4162
1688993737287,-514370,4162
1688993737289,-514370,4162
1688993737291,-514370,4162
1688993737293,-514370,4162
1688993737294,-514370,4162
1688993737295,-514370,4162
1688993737296,-514370,4162
1688993737298,-514370,4162
1688993737299,-514370,4162
1688993737301,-514370,4162
1688993737302,-514370,4162
1688993737304,-514370,4162
1688993737305,-514370,4162
1688993737306,-514370,4162
1688993737308,-514370,4162
1688993737309,-514370,4162
1688993737310,-514370,4162
1688993737312,-514370,4162
1688993737314,-514370,4162
1688993737316,-514370,4162
1688993737317,-514370,4162
1688993737319,-514370,4162
1688993737321,-514370,4162
1688993737325,-514370,4162
1688993737327,-514370,4162
1688993737328,-514370,4162
1688993737330,-514370,4162
1688993737331,-514370,4162
1688993737333,-514370,4162
1688993737334,-514370,4162
1688993737336,-514370,4162
1688993737337,-514370,4162
1688993737339,-514370,4162
1688993737341,-514370,4162
1688993737342,-514370,4162
1688993737344,-514370,4162
1688993737345,-514370,4162
1688993737348,-514370,4162
1688993737349,-514370,4162
1688993737350,-514370,4162
1688993737352,-514370,4162
1688993737353,-514370,4162
1688993737355,-514370,4162
1688993737357,-514370,4162
1688993737360,-514370,4162
1688993737361,-514370,4162
1688993737362,-514370,4162
1688993737364,-514370,4162
1688993737366,-514370,4162
1688993737367,-514370,4162
1688993737369,-514370,4162
1688993737370,-514370,4162
1688993737372,-514370,4162
1688993737373,-514370,4162
1688993737375,-514370,4162
1688993737376,-514370,4162
1688993737378,-514370,4162
1688993737380,-514370,4162
1688993737382,-514370,4162
1688993737384,-514370,4162
1688993737385,-514370,4162
1688993737386,-514370,4162
1688993737388,-514370,4162
1688993737391,-514370,4162
1688993737392,-514370,4162
1688993737394,-514370,4162
1688993737396,-514370,4162
1688993737398,-514370,4162
1688993737399,-514370,4162
1688993737401,-514370,4162
1688993737403,-514370,4162
1688993737404,-514370,4162
1688993737406,-514370,4162
1688993737407,-514370,4162
1688993737409,-514370,4162
1688993737411,-514370,4162
1688993737412,-514370,4162
1688993737414,-514370,4162
1688993737416,-514370,4162
1688993737418,-514370,4162
1688993737420,-514370,4162
1688993737421,-514370,4162
1688993737424,-514370,4162
1688993737426,-514370,4162
1688993737428,-514370,4162
1688993737430,-514370,4162
1688993737431,-514370,4162
1688993737433,-514370,4162
1688993737434,-514370,4162
1688993737436,-514370,4162
1688993737437,-514370,4162
1688993737439,-514370,4162
1688993737441,-514370,4162
1688993737442,-514370,4162
1688993737444,-514370,4162
1688993737445,-514370,4162
1688993737447,-514370,4162
1688993737449,-514370,4162
1688993737450,-514370,4162
1688993737452,-514370,4162
1688993737453,-514370,4162
1688993737455,-514370,4162
1688993737460,-514370,4162
1688993737462,-514370,4162
1688993737464,-514370,4162
1688993737465,-514370,4162
1688993737467,-514370,4162
1688993737469,-514370,4162
1688993737470,-514370,4162
1688993737472,-514370,4162
1688993737473,-514370,4162
1688993737475,-514370,4162
1688993737477,-514370,4162
1688993737479,-514370,4162
1688993737481,-514370,4162
1688993737482,-514370,4162
1688993737484,-514370,4162
1688993737485,-514370,4162
1688993737487,-514370,4162
1688993737489,-514370,4162
1688993737491,-514370,4162
1688993737493,-514370,4162
1688993737495,-514370,4162
1688993737497,-514370,4162
1688993737498,-514370,4162
1688993737500,-514370,4162
1688993737502,-514370,4162
1688993737503,-514370,4162
1688993737505,-514370,4162
1688993737506,-514370,4162
1688993737508,-514370,4162
1688993737510,-514370,4162
1688993737512,-514370,4162
1688993737514,-514370,4162
1688993737516,-514370,4162
1688993737518,-514370,4162
1688993737520,-514370,4162
1688993737523,-514370,4162
1688993737527,-514370,4162
1688993737528,-514370,4162
1688993737530,-514370,4162
1688993737531,-514370,4162
1688993737532,-514370,4162
1688993737534,-514370,4162
1688993737535,-514370,4162
1688993737538,-514370,4162
1688993737539,-514370,4162
1688993737541,-514370,4162
1688993737542,-514370,4162
1688993737544,-514370,4162
1688993737545,-514370,4162
1688993737547,-514370,4162
1688993737548,-514370,4162
1688993737550,-514370,4162
1688993737551,-514370,4162
1688993737552,-514370,4162
1688993737554,-514370,4162
1688993737556,-514370,4162
1688993737559,-514370,4162
1688993737561,-514370,4162
1688993737562,-514370,4162
1688993737564,-514370,4162
1688993737565,-514370,4162
1688993737567,-514370,4162
1688993737568,-514370,4162
1688993737570,-514370,4162
1688993737572,-514370,4162
1688993737573,-514370,4162
1688993737575,-514370,4162
1688993737576,-514370,4162
1688993737578,-514370,4162
1688993737580,-514370,4162
1688993737581,-514370,4162
1688993737583,-514370,4162
1688993737585,-514370,4162
1688993737586,-514370,4162
1688993737588,-514370,4162
1688993737590,-514370,4162
1688993737592,-514370,4162
1688993737594,-514370,4162
1688993737595,-514370,4162
1688993737598,-514370,4162
1688993737599,-514370,4162
1688993737601,-514370,4162
1688993737602,-514370,4162
1688993737604,-514370,4162
1688993737606,-514370,4162
1688993737607,-514370,4162
1688993737609,-514370,4162
1688993737611,-514370,4162
1688993737612,-514370,4162
1688993737614,-514370,4162
1688993737616,-514370,4162
1688993737618,-514370,4162
1688993737619,-514370,4162
1688993737621,-514370,4162
1688993737623,-514370,4162
1688993737624,-514370,4162
1688993737627,-514370,4162
1688993737629,-514370,4162
1688993737630,-514370,4162
1688993737632,-514370,4162
1688993737634,-514370,4162
1688993737636,-514370,4162
1688993737637,-514370,4162
1688993737639,-514370,4162
1688993737641,-514370,4162
1688993737642,-514370,4162
1688993737644,-514370,4162
1688993737646,-514370,4162
1688993737647,-514370,4162
1688993737649,-514370,4162
1688993737651,-514370,4162
1688993737653,-514370,4162
1688993737655,-514370,4162
1688993737657,-514370,4162
1688993737659,-514370,4162
1688993737661,-514370,4162
1688993737663,-514370,4162
1688993737665,-514370,4162
1688993737666,-514370,4162
1688993737668,-514370,4162
1688993737670,-514370,4162
1688993737671,-514370,4162
1688993737673,-514370,4162
1688993737675,-514370,4162
1688993737676,-514370,4162
1688993737678,-514370,4162
1688993737680,-514370,4162
1688993737681,-514370,4162
1688993737683,-514370,4162
1688993737685,-514370,4162
1688993737686,-514370,4162
1688993737688,-514370,4162
1688993737690,-514370,4162
1688993737693,-514370,4162
1688993737694,-514370,4162
1688993737696,-514370,4162
1688993737697,-514370,4162
1688993737699,-514370,4162
1688993737700,-514370,4162
1688993737702,-514370,4162
1688993737703,-514370,4162
1688993737705,-514370,4162
1688993737706,-514370,4162
1688993737708,-514370,4162
1688993737709,-514370,4162
1688993737711,-514370,4162
1688993737713,-514370,4162
1688993737715,-514370,4162
1688993737716,-514370,4162
1688993737718,-514370,4162
1688993737720,-514370,4162
1688993737721,-514370,4162
1688993737723,-514370,4162
1688993737725,-514370,4162
1688993737727,-514370,4162
1688993737729,-514370,4162
1688993737730,-514370,4162
1688993737732,-514370,4162
1688993737733,-514370,4162
1688993737735,-514370,4162
1688993737737,-514370,4162
1688993737738,-514370,4162
1688993737740,-514370,4162
1688993737742,-514370,4162
1688993737743,-514370,4162
1688993737745,-514370,4162
1688993737746,-514370,4162
1688993737748,-514370,4162
1688993737749,-514370,4162
1688993737751,-514370,4162
1688993737752,-514370,4162
1688993737755,-514370,4162
1688993737759,-514370,4162
1688993737761,-514370,4162
1688993737762,-514370,4162
1688993737764,-514370,4162
1688993737765,-514370,4162
1688993737767,-514370,4162
1688993737769,-514370,4162
1688993737770,-514370,4162
1688993737771,-514370,4162
1688993737773,-514370,4162
1688993737775,-514370,4162
1688993737776,-514370,4162
1688993737778,-514370,4162
1688993737780,-514370,4162
1688993737781,-514370,4162
1688993737783,-514370,4162
1688993737784,-514370,4162
1688993737785,-514370,4162
1688993737787,-514370,4162
1688993737789,-514370,4162
1688993737792,-514370,4162
1688993737794,-514370,4162
1688993737796,-514370,4162
1688993737797,-514370,4162
1688993737799,-514370,4162
1688993737800,-514370,4162
1688993737802,-514370,4162
1688993737803,-514370,4162
1688993737805,-514370,4162
1688993737806,-514370,4162
1688993737808,-514370,4162
1688993737809,-514370,4162
1688993737811,-514370,4162
1688993737813,-514370,4162
1688993737815,-514370,4162
1688993737816,-514370,4162
1688993737818,-514370,4162
1688993737819,-514370,4162
1688993737821,-514370,4162
1688993737823,-514370,4162
1688993737825,-514370,4162
1688993737827,-514370,4162
1688993737829,-514370,4162
1688993737830,-514370,4162
1688993737832,-514370,4162
1688993737833,-514370,4162
1688993737835,-514370,4162
1688993737837,-514370,4162
1688993737839,-514370,4162
1688993737840,-514370,4162
1688993737842,-514370,4162
1688993737843,-514370,4162
1688993737845,-514370,4162
1688993737847,-514370,4162
1688993737849,-514370,4162
1688993737850,-514370,4162
1688993737852,-514370,4162
1688993737854,-514370,4162
1688993737856,-514370,4162
1688993737859,-514370,4162
1688993737861,-514370,4162
1688993737863,-514370,4162
1688993737864,-514370,4162
1688993737866,-514370,4162
1688993737867,-514370,4162
1688993737869,-514370,4162
1688993737871,-514370,4162
1688993737872,-514370,4162
1688993737874,-514370,4162
1688993737875,-514370,4162
1688993737877,-514370,4162
1688993737878,-514370,4162
1688993737880,-514370,4162
1688993737881,-514370,4162
1688993737883,-514370,4162
1688993737884,-514370,4162
1688993737886,-514370,4162
1688993737888,-514370,4162
1688993737890,-514370,4162
1688993737892,-514370,4162
1688993737894,-514370,4162
1688993737895,-514370,4162
1688993737897,-514370,4162
1688993737899,-514370,4162
1688993737900,-514370,4162
1688993737901,-514370,4162
1688993737903,-514370,4162
1688993737904,-514370,4162
1688993737905,-514370,4162
1688993737907,-514370,4162
1688993737908,-514370,4162
1688993737911,-514370,4162
1688993737913,-514370,4162
1688993737915,-514370,4162
1688993737916,-514370,4162
1688993737918,-514370,4162
1688993737919,-514370,4162
1688993737921,-514370,4162
1688993737923,-514370,4162
1688993737928,-514370,4162
1688993737931,-514370,4162
1688993737933,-514370,4162
1688993737935,-514370,4162
1688993737937,-514370,4162
1688993737938,-514370,4162
1688993737939,-514370,4162
1688993737941,-514370,4162
1688993737942,-514370,4162
1688993737944,-514370,4162
1688993737945,-514370,4162
1688993737947,-514370,4162
1688993737948,-514370,4162
1688993737950,-514370,4162
1688993737952,-514370,4162
1688993737954,-514370,4162
1688993737955,-514370,4162
1688993737958,-514370,4162
1688993737960,-514370,4162
1688993737961,-514370,4162
1688993737963,-514370,4162
1688993737964,-514370,4162
1688993737966,-514370,4162
1688993737968,-514370,4162
1688993737969,-514370,4162
1688993737971,-514370,4162
1688993737972,-514370,4162
1688993737974,-514370,4162
1688993737975,-514370,4162
1688993737977,-514370,4162
1688993737979,-514370,4162
1688993737981,-514370,4162
1688993737982,-514370,4162
1688993737983,-514370,4162
1688993737985,-514370,4162
1688993737986,-514370,4162
1688993737988,-514370,4162
1688993737991,-514370,4162
1688993737993,-514370,4162
1688993737995,-514370,4162
1688993737996,-514370,4162
1688993737998,-514370,4162
1688993737999,-514370,4162
1688993738001,-514370,4162
1688993738002,-514370,4162
1688993738004,-514370,4162
1688993738005,-514370,4162
1688993738007,-514370,4162
1688993738009,-514370,4162
1688993738011,-514370,4162
1688993738013,-514370,4162
1688993738014,-514370,4162
1688993738016,-514370,4162
1688993738017,-514370,4162
1688993738019,-514370,4162
1688993738021,-514370,4162
1688993738023,-514370,4162
1688993738025,-514370,4162
1688993738027,-514370,4162
1688993738028,-514370,4162
1688993738030,-514370,4162
1688993738032,-514370,4162
1688993738034,-514370,4162
1688993738035,-514370,4162
1688993738037,-514370,4162
1688993738039,-514370,4162
1688993738040,-514370,4162
1688993738041,-514370,4162
1688993738043,-514370,4162
1688993738045,-514370,4162
1688993738046,-514370,4162
1688993738048,-514370,4162
1688993738050,-514370,4162
1688993738052,-514370,4162
1688993738054,-514370,4162
1688993738056,-514370,4162
1688993738058,-514370,4162
1688993738060,-514370,4162
1688993738061,-514370,4162
1688993738063,-514370,4162
1688993738064,-514370,4162
1688993738066,-514370,4162
1688993738068,-514370,4162
1688993738069,-514370,4162
1688993738071,-514370,4162
1688993738073,-514370,4162
1688993738074,-514370,4162
1688993738076,-514370,4162
1688993738077,-514370,4162
1688993738079,-514370,4162
1688993738081,-514370,4162
1688993738082,-514370,4162
1688993738085,-514370,4162
1688993738087,-514370,4162
1688993738090,-514370,4162
1688993738092,-514370,4162
1688993738094,-514370,4162
1688993738096,-514370,4162
1688993738097,-514370,4162
1688993738099,-514370,4162
1688993738100,-514370,4162
1688993738102,-514370,4162
1688993738104,-514370,4162
1688993738105,-514370,4162
1688993738107,-514370,4162
1688993738108,-514370,4162
1688993738110,-514370,4162
1688993738111,-514370,4162
1688993738113,-514370,4162
1688993738115,-514370,4162
1688993738117,-514370,4162
1688993738118,-514370,4162
1688993738120,-514370,4162
1688993738121,-514370,4162
1688993738123,-514370,4162
1688993738125,-514370,4162
1688993738127,-514370,4162
1688993738129,-514370,4162
1688993738131,-514370,4162
1688993738132,-514370,4162
1688993738134,-514370,4162
1688993738135,-514370,4162
1688993738137,-514370,4162
1688993738138,-514370,4162
1688993738140,-514370,4162
1688993738142,-514370,4162
1688993738143,-514370,4162
1688993738145,-514370,4162
1688993738147,-514370,4162
1688993738148,-514370,4162
1688993738150,-514370,4162
1688993738151,-514370,4162
1688993738152,-514370,4162
1688993738154,-514370,4162
1688993738157,-514370,4162
1688993738158,-514370,4162
1688993738160,-514370,4162
1688993738162,-514370,4162
1688993738163,-514370,4162
1688993738165,-514370,4162
1688993738167,-514370,4162
1688993738168,-514370,4162
1688993738170,-514370,4162
1688993738172,-514370,4162
1688993738173,-514370,4162
1688993738175,-514370,4162
1688993738176,-514370,4162
1688993738178,-514370,4162
1688993738180,-514370,4162
1688993738181,-514370,4162
1688993738183,-514370,4162
1688993738184,-514370,4162
1688993738186,-514370,4162
1688993738188,-514370,4162
1688993738190,-514370,4162
1688993738192,-514370,4162
1688993738194,-514370,4162
1688993738195,-514370,4162
1688993738197,-514370,4162
1688993738198,-514370,4162
1688993738200,-514370,4162
1688993738201,-514370,4162
1688993738203,-514370,4162
1688993738204,-514370,4162
1688993738206,-514370,4162
1688993738208,-514370,4162
1688993738209,-514370,4162
1688993738211,-514370,4162
1688993738213,-514370,4162
1688993738215,-514370,4162
1688993738216,-514370,4162
1688993738218,-514370,4162
1688993738219,-514370,4162
1688993738221,-514370,4162
1688993738224,-514370,4162
1688993738225,-514370,4162
1688993738228,-514370,4162
1688993738229,-514370,4162
1688993738231,-514370,4162
1688993738232,-514370,4162
1688993738234,-514370,4162
1688993738235,-514370,4162
1688993738237,-514370,4162
1688993738238,-514370,4162
1688993738239,-514370,4162
1688993738241,-514370,4162
1688993738242,-514370,4162
1688993738244,-514370,4162
1688993738246,-514370,4162
1688993738248,-514370,4162
1688993738249,-514370,4162
1688993738251,-514370,4162
1688993738253,-514370,4162
1688993738254,-514370,4162
1688993738257,-514370,4162
1688993738259,-514370,4162
1688993738261,-514370,4162
1688993738263,-514370,4162
1688993738264,-514370,4162
1688993738266,-514370,4162
1688993738268,-514370,4162
1688993738270,-514370,4162
1688993738271,-514370,4162
1688993738272,-514370,4162
1688993738274,-514370,4162
1688993738275,-514370,4162
1688993738277,-514370,4162
1688993738278,-514370,4162
1688993738280,-514370,4162
1688993738282,-514370,4162
1688993738283,-514370,4162
1688993738285,-514370,4162
1688993738287,-514370,4162
1688993738289,-514370,4162
1688993738291,-514370,4162
1688993738293,-514370,4162
1688993738295,-514370,4162
1688993738296,-514370,4162
1688993738297,-514370,4162
1688993738299,-514370,4162
1688993738300,-514370,4162
1688993738302,-514370,4162
1688993738304,-514370,4162
1688993738306,-514370,4162
1688993738307,-514370,4162
1688993738309,-514370,4162
1688993738311,-514370,4162
1688993738312,-514370,4162
1688993738314,-514370,4162
1688993738316,-514370,4162
1688993738317,-514370,4162
1688993738319,-514370,4162
1688993738320,-514370,4162
1688993738322,-514370,4162
1688993738325,-514370,4162
1688993738327,-514370,4162
1688993738329,-514370,4162
1688993738331,-514370,4162
1688993738332,-514370,4162
1688993738334,-514370,4162
1688993738336,-514370,4162
1688993738337,-514370,4162
1688993738339,-514370,4162
1688993738341,-514370,4162
1688993738342,-514370,4162
1688993738345,-514370,4162
1688993738347,-514370,4162
1688993738348,-514370,4162
1688993738350,-514370,4162
1688993738352,-514370,4162
1688993738354,-514370,4162
1688993738356,-514370,4162
1688993738358,-514370,4162
1688993738360,-514370,4162
1688993738361,-514370,4162
1688993738363,-514370,4162
1688993738365,-514370,4162
1688993738366,-514370,4162
1688993738368,-514370,4162
1688993738369,-514370,4162
1688993738371,-514370,4162
1688993738372,-514370,4162
1688993738374,-514370,4162
1688993738375,-514370,4162
1688993738377,-514370,4162
1688993738379,-514370,4162
1688993738381,-514370,4162
1688993738382,-514370,4162
1688993738384,-514370,4162
1688993738385,-514370,4162
1688993738387,-514370,4162
1688993738389,-514370,4162
1688993738392,-514370,4162
1688993738393,-514370,4162
1688993738395,-514370,4162
1688993738397,-514370,4162
1688993738398,-514370,4162
1688993738399,-514370,4162
1688993738401,-514370,4162
1688993738402,-514370,4162
1688993738404,-514370,4162
1688993738406,-514370,4162
1688993738408,-514370,4162
1688993738409,-514370,4162
1688993738410,-514370,4162
1688993738412,-514370,4162
1688993738414,-514370,4162
1688993738416,-514370,4162
1688993738417,-514370,4162
1688993738419,-514370,4162
1688993738421,-514370,4162
1688993738424,-514370,4162
1688993738426,-514370,4162
1688993738427,-514370,4162
1688993738429,-514370,4162
1688993738430,-514370,4162
1688993738432,-514370,4162
1688993738433,-514370,4162
1688993738435,-514370,4162
1688993738436,-514370,4162
1688993738437,-514370,4162
1688993738439,-514370,4162
1688993738441,-514370,4162
1688993738442,-514370,4162
1688993738444,-514370,4162
1688993738446,-514370,4162
1688993738448,-514370,4162
1688993738449,-514370,4162
1688993738451,-514370,4162
1688993738452,-514370,4162
1688993738454,-514370,4162
1688993738456,-514370,4162
1688993738458,-514370,4162
1688993738460,-514370,4162
1688993738462,-514370,4162
1688993738464,-514370,4162
1688993738465,-514370,4162
1688993738467,-514370,4162
1688993738469,-514370,4162
1688993738471,-514370,4162
1688993738472,-514370,4162
1688993738473,-514370,4162
1688993738475,-514370,4162
1688993738476,-514370,4162
1688993738478,-514370,4162
1688993738479,-514370,4162
1688993738481,-514370,4162
1688993738483,-514370,4162
1688993738485,-514370,4162
1688993738486,-514370,4162
1688993738488,-514370,4162
1688993738490,-514370,4162
1688993738492,-514370,4162
1688993738494,-514370,4162
1688993738495,-514370,4162
1688993738496,-514370,4162
1688993738498,-514370,4162
1688993738499,-514370,4162
1688993738501,-514370,4162
1688993738503,-514370,4162
1688993738504,-514370,4162
1688993738506,-514370,4162
1688993738507,-514370,4162
1688993738509,-514370,4162
1688993738511,-514370,4162
1688993738513,-514370,4162
1688993738515,-514370,4162
1688993738516,-514370,4162
1688993738518,-514370,4162
1688993738519,-514370,4162
1688993738521,-514370,4162
1688993738523,-514370,4162
1688993738527,-514370,4162
1688993738529,-514370,4162
1688993738531,-514370,4162
1688993738533,-514370,4162
1688993738534,-514370,4162
1688993738536,-514370,4162
1688993738537,-514370,4162
1688993738539,-514370,4162
1688993738541,-514370,4162
1688993738542,-514370,4162
1688993738544,-514370,4162
1688993738546,-514370,4162
1688993738548,-514370,4162
1688993738549,-514370,4162
1688993738551,-514370,4162
1688993738553,-514370,4162
1688993738554,-514370,4162
1688993738557,-514370,4162
1688993738559,-514370,4162
1688993738561,-514370,4162
1688993738563,-514370,4162
1688993738564,-514370,4162
1688993738566,-514370,4162
1688993738567,-514370,4162
1688993738569,-514370,4162
1688993738571,-514370,4162
1688993738572,-514370,4162
1688993738574,-514370,4162
1688993738575,-514370,4162
1688993738577,-514370,4162
1688993738579,-514370,4162
1688993738583,-514370,4162
1688993738585,-514370,4162
1688993738586,-514370,4162
1688993738588,-514370,4162
1688993738590,-514370,4162
1688993738593,-514370,4162
1688993738595,-514370,4162
1688993738596,-514370,4162
1688993738598,-514370,4162
1688993738600,-514370,4162
1688993738601,-514370,4162
1688993738603,-514370,4162
1688993738605,-514370,4162
1688993738607,-514370,4162
1688993738609,-514370,4162
1688993738610,-514370,4162
1688993738612,-514370,4162
1688993738614,-514370,4162
1688993738616,-514370,4162
1688993738618,-514370,4162
1688993738620,-514370,4162
1688993738622,-514370,4162
1688993738630,-514370,4162
1688993738632,-514370,4162
1688993738634,-514370,4162
1688993738635,-514370,4162
1688993738639,-514370,4162
1688993738641,-514370,4162
1688993738642,-514370,4162
1688993738644,-514370,4162
1688993738646,-514370,4162
1688993738648,-514370,4162
1688993738650,-514370,4162
1688993738651,-514370,4162
1688993738653,-514370,4162
1688993738655,-514370,4162
1688993738657,-514370,4162
1688993738660,-514370,4162
1688993738662,-514370,4162
1688993738663,-514370,4162
1688993738665,-514370,4162
1688993738667,-514370,4162
1688993738668,-514370,4162
1688993738670,-514370,4162
1688993738671,-514370,4162
1688993738672,-514370,4162
1688993738674,-514370,4162
1688993738675,-514370,4162
1688993738677,-514370,4162
1688993738678,-514370,4162
1688993738681,-514370,4162
1688993738682,-514370,4162
1688993738684,-514370,4162
1688993738685,-514370,4162
1688993738686,-514370,4162
1688993738688,-514370,4162
1688993738690,-514370,4162
1688993738692,-514370,4162
1688993738694,-514370,4162
1688993738696,-514370,4162
1688993738697,-514370,4162
1688993738699,-514370,4162
1688993738701,-514370,4162
1688993738702,-514370,4162
1688993738705,-514370,4162
1688993738706,-514370,4162
1688993738708,-514370,4162
1688993738710,-514370,4162
1688993738711,-514370,4162
1688993738713,-514370,4162
1688993738715,-514370,4162
1688993738716,-514370,4162
1688993738718,-514370,4162
1688993738720,-514370,4162
1688993738725,-514370,4162
1688993738727,-514370,4162
1688993738729,-514370,4162
1688993738730,-514370,4162
1688993738732,-514370,4162
1688993738734,-514370,4162
1688993738735,-514370,4162
1688993738737,-514370,4162
1688993738738,-514370,4162
1688993738740,-514370,4162
1688993738742,-514370,4162
1688993738743,-514370,4162
1688993738745,-514370,4162
1688993738747,-514370,4162
1688993738748,-514370,4162
1688993738749,-514370,4162
1688993738751,-514370,4162
1688993738752,-514370,4162
1688993738754,-514370,4162
1688993738757,-514370,4162
1688993738759,-514370,4162
1688993738761,-514370,4162
1688993738762,-514370,4162
1688993738764,-514370,4162
1688993738766,-514370,4162
1688993738767,-514370,4162
1688993738769,-514370,4162
1688993738770,-514370,4162
1688993738772,-514370,4162
1688993738773,-514370,4162
1688993738775,-514370,4162
1688993738776,-514370,4162
1688993738778,-514370,4162
1688993738780,-514370,4162
1688993738782,-514370,4162
1688993738783,-514370,4162
1688993738784,-514370,4162
1688993738786,-514370,4162
1688993738788,-514370,4162
1688993738790,-514370,4162
1688993738792,-514370,4162
1688993738794,-514370,4162
1688993738796,-514370,4162
1688993738797,-514370,4162
1688993738799,-514370,4162
1688993738801,-514370,4162
1688993738802,-514370,4162
1688993738804,-514370,4162
1688993738806,-514370,4162
1688993738807,-514370,4162
1688993738809,-514370,4162
1688993738810,-514370,4162
1688993738812,-514370,4162
1688993738813,-514370,4162
1688993738815,-514370,4162
1688993738817,-514370,4162
1688993738818,-514370,4162
1688993738820,-514370,4162
1688993738825,-514370,4162
1688993738827,-514370,4162
1688993738829,-514370,4162
1688993738831,-514370,4162
1688993738832,-514370,4162
1688993738833,-514370,4162
1688993738835,-514370,4162
1688993738837,-514370,4162
1688993738839,-514370,4162
1688993738840,-514370,4162
1688993738842,-514370,4162
1688993738844,-514370,4162
1688993738846,-514370,4162
1688993738847,-514370,4162
1688993738849,-514370,4162
1688993738850,-514370,4162
1688993738852,-514370,4162
1688993738853,-514370,4162
1688993738856,-514370,4162
1688993738859,-514370,4162
1688993738861,-514370,4162
1688993738863,-514370,4162
1688993738864,-514370,4162
1688993738866,-514370,4162
1688993738868,-514370,4162
1688993738870,-514370,4162
1688993738871,-514370,4162
1688993738873,-514370,4162
1688993738875,-514370,4162
1688993738877,-514370,4162
1688993738879,-514370,4162
1688993738881,-514370,4162
1688993738882,-514370,4162
1688993738883,-514370,4162
1688993738885,-514370,4162
1688993738886,-514370,4162
1688993738888,-514370,4162
1688993738890,-514370,4162
1688993738892,-514370,4162
1688993738894,-514370,4162
1688993738895,-514370,4162
1688993738897,-514370,4162
1688993738899,-514370,4162
1688993738901,-514370,4162
1688993738902,-514370,4162
1688993738904,-514370,4162
1688993738905,-514370,4162
1688993738907,-514370,4162
1688993738908,-514370,4162
1688993738910,-514370,4162
1688993738912,-514370,4162
1688993738913,-514370,4162
1688993738915,-514370,4162
1688993738917,-514370,4162
1688993738919,-514370,4162
1688993738920,-514370,4162
1688993738923,-514370,4162
1688993738925,-514370,4162
1688993738927,-514370,4162
1688993738928,-514370,4162
1688993738930,-514370,4162
1688993738931,-514370,4162
1688993738933,-514370,4162
1688993738935,-514370,4162
1688993738937,-514370,4162
1688993738938,-514370,4162
1688993738940,-514370,4162
1688993738942,-514370,4162
1688993738943,-514370,4162
1688993738944,-514370,4162
1688993738946,-514370,4162
1688993738948,-514370,4162
1688993738949,-514370,4162
1688993738950,-514370,4162
1688993738952,-514370,4162
1688993738953,-514370,4162
1688993738956,-514370,4162
1688993738958,-514370,4162
1688993738959,-514370,4162
1688993738961,-514370,4162
1688993738962,-514370,4162
1688993738964,-514370,4162
1688993738965,-514370,4162
1688993738967,-514370,4162
1688993738968,-514370,4162
1688993738970,-514370,4162
1688993738971,-514370,4162
1688993738972,-514370,4162
1688993738974,-514370,4162
1688993738976,-514370,4162
1688993738978,-514370,4162
1688993738980,-514370,4162
1688993738981,-514370,4162
1688993738983,-514370,4162
1688993738984,-514370,4162
1688993738986,-514370,4162
1688993738988,-514370,4162
1688993738993,-514370,4162
1688993738994,-514370,4162
1688993738996,-514370,4162
1688993738998,-514370,4162
1688993739000,-514370,4162
1688993739001,-514370,4162
1688993739002,-514370,4162
1688993739004,-514370,4162
1688993739005,-514370,4162
1688993739007,-514370,4162
1688993739009,-514370,4162
1688993739010,-514370,4162
1688993739012,-514370,4162
1688993739014,-514370,4162
1688993739015,-514370,4162
1688993739017,-514370,4162
1688993739018,-514370,4162
1688993739020,-514370,4162
1688993739022,-514370,4162
1688993739025,-514370,4162
1688993739026,-514370,4162
1688993739028,-514370,4162
1688993739030,-514370,4162
1688993739031,-514370,4162
1688993739033,-514370,4162
1688993739035,-514370,4162
1688993739037,-514370,4162
1688993739038,-514370,4162
1688993739040,-514370,4162
1688993739041,-514370,4162
1688993739043,-514370,4162
1688993739045,-514370,4162
1688993739046,-514370,4162
1688993739048,-514370,4162
1688993739050,-514370,4162
1688993739051,-514370,4162
1688993739053,-514370,4162
1688993739056,-514370,4162
1688993739058,-514370,4162
1688993739060,-514370,4162
1688993739061,-514370,4162
1688993739063,-514370,4162
1688993739065,-514370,4162
1688993739066,-514370,4162
1688993739068,-514370,4162
1688993739069,-514370,4162
1688993739071,-514370,4162
1688993739072,-514370,4162
1688993739074,-514370,4162
1688993739076,-514370,4162
1688993739077,-514370,4162
1688993739079,-514370,4162
1688993739081,-514370,4162
1688993739083,-514370,4162
1688993739084,-514370,4162
1688993739085,-514370,4162
1688993739087,-514370,4162
1688993739090,-514370,4162
1688993739092,-514370,4162
1688993739094,-514370,4162
1688993739096,-514370,4162
1688993739098,-514370,4162
1688993739099,-514370,4162
1688993739101,-514370,4162
1688993739102,-514370,4162
1688993739104,-514370,4162
1688993739105,-514370,4162
1688993739106,-514370,4162
1688993739108,-514370,4162
1688993739109,-514370,4162
1688993739111,-514370,4162
1688993739113,-514370,4162
1688993739115,-514370,4162
1688993739117,-514370,4162
1688993739118,-514370,4162
1688993739120,-514370,4162
1688993739122,-514370,4162
1688993739124,-514370,4162
1688993739126,-514370,4162
1688993739128,-514370,4162
1688993739129,-514370,4162
1688993739131,-514370,4162
1688993739133,-514370,4162
1688993739135,-514370,4162
1688993739136,-514370,4162
1688993739138,-514370,4162
1688993739139,-514370,4162
1688993739141,-514370,4162
1688993739142,-514370,4162
1688993739144,-514370,4162
1688993739146,-514370,4162
1688993739147,-514370,4162
1688993739149,-514370,4162
1688993739151,-514370,4162
1688993739152,-514370,4162
1688993739155,-514370,4162
1688993739157,-514370,4162
1688993739159,-514370,4162
1688993739161,-514370,4162
1688993739162,-514370,4162
1688993739164,-514370,4162
1688993739166,-514370,4162
1688993739167,-514370,4162
1688993739169,-514370,4162
1688993739171,-514370,4162
1688993739173,-514370,4162
1688993739175,-514370,4162
1688993739176,-514370,4162
1688993739178,-514370,4162
1688993739180,-514370,4162
1688993739182,-514370,4162
1688993739184,-514370,4162
1688993739185,-514370,4162
1688993739187,-514370,4162
1688993739194,-514370,4162
1688993739196,-514370,4162
1688993739198,-514370,4162
1688993739199,-514370,4162
1688993739200,-514370,4162
1688993739202,-514370,4162
1688993739203,-514370,4162
1688993739205,-514370,4162
1688993739207,-514370,4162
1688993739208,-514370,4162
1688993739210,-514370,4162
1688993739211,-514370,4162
1688993739213,-514370,4162
1688993739215,-514370,4162
1688993739216,-514370,4162
1688993739218,-514370,4162
1688993739219,-514370,4162
1688993739221,-514370,4162
1688993739223,-514370,4162
1688993739225,-514370,4162
1688993739227,-514370,4162
1688993739228,-514370,4162
1688993739230,-514370,4162
1688993739232,-514370,4162
1688993739234,-514370,4162
1688993739235,-514370,4162
1688993739237,-514370,4162
1688993739238,-514370,4162
1688993739239,-514370,4162
1688993739241,-514370,4162
1688993739243,-514370,4162
1688993739244,-514370,4162
1688993739246,-514370,4162
1688993739248,-514370,4162
1688993739249,-514370,4162
1688993739251,-514370,4162
1688993739253,-514370,4162
1688993739254,-514370,4162
1688993739256,-514370,4162
1688993739259,-514370,4162
1688993739261,-514370,4162
1688993739262,-514370,4162
1688993739264,-514370,4162
1688993739265,-514370,4162
1688993739267,-514370,4162
1688993739268,-514370,4162
1688993739270,-514370,4162
1688993739272,-514370,4162
1688993739273,-514370,4162
1688993739275,-514370,4162
1688993739276,-514370,4162
1688993739278,-514370,4162
1688993739279,-514370,4162
1688993739281,-514370,4162
1688993739283,-514370,4162
1688993739284,-514370,4162
1688993739286,-514370,4162
1688993739288,-514370,4162
1688993739290,-514370,4162
1688993739292,-514370,4162
1688993739294,-514370,4162
1688993739296,-514370,4162
1688993739298,-514370,4162
1688993739299,-514370,4162
1688993739300,-514370,4162
1688993739302,-514370,4162
1688993739304,-514370,4162
1688993739307,-514370,4162
1688993739308,-514370,4162
1688993739311,-514370,4162
1688993739314,-514370,4162
1688993739315,-514370,4162
1688993739317,-514370,4162
1688993739318,-514370,4162
1688993739319,-514370,4162
1688993739321,-514370,4162
1688993739324,-514370,4162
1688993739326,-514370,4162
1688993739328,-514370,4162
1688993739330,-514370,4162
1688993739332,-514370,4162
1688993739333,-514370,4162
1688993739335,-514370,4162
1688993739336,-514370,4162
1688993739338,-514370,4162
1688993739339,-514370,4162
1688993739341,-514370,4162
1688993739342,-514370,4162
1688993739344,-514370,4162
1688993739345,-514370,4162
1688993739347,-514370,4162
1688993739349,-514370,4162
1688993739350,-514370,4162
1688993739352,-514370,4162
1688993739354,-514370,4162
1688993739356,-514370,4162
1688993739358,-514370,4162
1688993739359,-514370,4162
1688993739361,-514370,4162
1688993739362,-514370,4162
1688993739364,-514370,4162
1688993739365,-514370,4162
1688993739367,-514370,4162
1688993739369,-514370,4162
1688993739371,-514370,4162
1688993739372,-514370,4162
1688993739374,-514370,4162
1688993739376,-514370,4162
1688993739378,-514370,4162
1688993739380,-514370,4162
1688993739381,-514370,4162
1688993739383,-514370,4162
1688993739384,-514370,4162
1688993739386,-514370,4162
1688993739389,-514370,4162
1688993739392,-514370,4162
1688993739394,-514370,4162
1688993739395,-514370,4162
1688993739397,-514370,4162
1688993739399,-514370,4162
1688993739400,-514370,4162
1688993739402,-514370,4162
1688993739403,-514370,4162
1688993739405,-514370,4162
1688993739407,-514370,4162
1688993739408,-514370,4162
1688993739410,-514370,4162
1688993739412,-514370,4162
1688993739414,-514370,4162
1688993739415,-514370,4162
1688993739417,-514370,4162
1688993739418,-514370,4162
1688993739419,-514370,4162
1688993739421,-514370,4162
1688993739424,-514370,4162
1688993739425,-514370,4162
1688993739427,-514370,4162
1688993739429,-514370,4162
1688993739431,-514370,4162
1688993739432,-514370,4162
1688993739434,-514370,4162
1688993739435,-514370,4162
1688993739437,-514370,4162
1688993739439,-514370,4162
1688993739440,-514370,4162
1688993739442,-514370,4162
1688993739443,-514370,4162
1688993739445,-514370,4162
1688993739447,-514370,4162
1688993739449,-514370,4162
1688993739451,-514370,4162
1688993739452,-514370,4162
1688993739454,-514370,4162
1688993739457,-514370,4162
1688993739459,-514370,4162
1688993739461,-514370,4162
1688993739462,-514370,4162
1688993739464,-514370,4162
1688993739466,-514370,4162
1688993739468,-514370,4162
1688993739470,-514370,4162
1688993739471,-514370,4162
1688993739472,-514370,4162
1688993739474,-514370,4162
1688993739476,-514370,4162
1688993739478,-514370,4162
1688993739480,-514370,4162
1688993739481,-514370,4162
1688993739483,-514370,4162
1688993739484,-514370,4162
1688993739485,-514370,4162
1688993739487,-514370,4162
1688993739489,-514370,4162
1688993739492,-514370,4162
1688993739494,-514370,4162
1688993739495,-514370,4162
1688993739497,-514370,4162
1688993739498,-514370,4162
1688993739500,-514370,4162
1688993739501,-514370,4162
1688993739503,-514370,4162
1688993739504,-514370,4162
1688993739505,-514370,4162
1688993739507,-514370,4162
1688993739509,-514370,4162
1688993739511,-514370,4162
1688993739512,-514370,4162
1688993739514,-514370,4162
1688993739515,-514370,4162
1688993739517,-514370,4162
1688993739518,-514370,4162
1688993739520,-514370,4162
1688993739522,-514370,4162
1688993739525,-514370,4162
1688993739526,-514370,4162
1688993739528,-514370,4162
1688993739530,-514370,4162
1688993739532,-514370,4162
1688993739533,-514370,4162
1688993739535,-514370,4162
1688993739536,-514370,4162
1688993739537,-514370,4162
1688993739538,-514370,4162
1688993739540,-514370,4162
1688993739542,-514370,4162
1688993739543,-514370,4162
1688993739545,-514370,4162
1688993739549,-514370,4162
1688993739551,-514370,4162
1688993739552,-514370,4162
1688993739554,-514370,4162
1688993739556,-514370,4162
1688993739558,-514370,4162
1688993739560,-514370,4162
1688993739561,-514370,4162
1688993739563,-514370,4162
1688993739564,-514370,4162
1688993739565,-514370,4162
1688993739567,-514370,4162
1688993739569,-514370,4162
1688993739570,-514370,4162
1688993739571,-514370,4162
1688993739573,-514370,4162
1688993739575,-514370,4162
1688993739577,-514370,4162
1688993739578,-514370,4162
1688993739580,-514370,4162
1688993739582,-514370,4162
1688993739583,-514370,4162
1688993739585,-514370,4162
1688993739589,-514370,4162
1688993739591,-514370,4162
1688993739593,-514370,4162
1688993739595,-514370,4162
1688993739597,-514370,4162
1688993739599,-514370,4162
1688993739600,-514370,4162
1688993739602,-514370,4162
1688993739603,-514370,4162
1688993739606,-514370,4162
1688993739608,-514370,4162
1688993739610,-514370,4162
1688993739611,-514370,4162
1688993739613,-514370,4162
1688993739615,-514370,4162
1688993739616,-514370,4162
1688993739618,-514370,4162
1688993739619,-514370,4162
1688993739621,-514370,4162
1688993739623,-514370,4162
1688993739625,-514370,4162
1688993739627,-514370,4162
1688993739628,-514370,4162
1688993739630,-514370,4162
1688993739631,-514370,4162
1688993739633,-514370,4162
1688993739634,-514370,4162
1688993739635,-514370,4162
1688993739637,-514370,4162
1688993739639,-514370,4162
1688993739640,-514370,4162
1688993739642,-514370,4162
1688993739644,-514370,4162
1688993739646,-514370,4162
1688993739647,-514370,4162
1688993739649,-514370,4162
1688993739651,-514370,4162
1688993739652,-514370,4162
1688993739654,-514370,4162
1688993739657,-514370,4162
1688993739659,-514370,4162
1688993739661,-514370,4162
1688993739662,-514370,4162
1688993739664,-514370,4162
1688993739666,-514370,4162
1688993739668,-514370,4162
1688993739670,-514370,4162
1688993739671,-514370,4162
1688993739673,-514370,4162
1688993739675,-514370,4162
1688993739677,-514370,4162
1688993739679,-514370,4162
1688993739681,-514370,4162
1688993739682,-514370,4162
1688993739685,-514370,4162
1688993739687,-514370,4162
1688993739689,-514370,4162
1688993739691,-514370,4162
1688993739693,-514370,4162
1688993739695,-514370,4162
1688993739697,-514370,4162
1688993739699,-514370,4162
1688993739700,-514370,4162
1688993739702,-514370,4162
1688993739703,-514370,4162
1688993739705,-514370,4162
1688993739710,-514370,4162
1688993739712,-514370,4162
1688993739714,-514370,4162
1688993739715,-514370,4162
1688993739717,-514370,4162
1688993739719,-514370,4162
1688993739721,-514370,4162
1688993739724,-514370,4162
1688993739726,-514370,4162
1688993739727,-514370,4162
1688993739729,-514370,4162
1688993739731,-514370,4162
1688993739732,-514370,4162
1688993739734,-514370,4162
1688993739736,-514370,4162
1688993739737,-514370,4162
1688993739738,-514370,4162
1688993739740,-514370,4162
1688993739742,-514370,4162
1688993739744,-514370,4162
1688993739746,-514370,4162
1688993739747,-514370,4162
1688993739749,-514370,4162
1688993739750,-514370,4162
1688993739751,-514370,4162
1688993739752,-514370,4162
1688993739754,-514370,4162
1688993739758,-514370,4162
1688993739760,-514370,4162
1688993739764,-514370,4162
1688993739766,-514370,4162
1688993739768,-514370,4162
1688993739769,-514370,4162
1688993739770,-514370,4162
1688993739772,-514370,4162
1688993739773,-514370,4162
1688993739775,-514370,4162
1688993739777,-514370,4162
1688993739778,-514370,4162
1688993739780,-514370,4162
1688993739781,-514370,4162
1688993739783,-514370,4162
1688993739784,-514370,4162
1688993739786,-514370,4162
1688993739787,-514370,4162
1688993739789,-514370,4162
1688993739792,-514370,4162
1688993739794,-514370,4162
1688993739796,-514370,4162
1688993739798,-514370,4162
1688993739799,-514370,4162
1688993739801,-514370,4162
1688993739803,-514370,4162
1688993739805,-514370,4162
1688993739806,-514370,4162
1688993739808,-514370,4162
1688993739809,-514370,4162
1688993739811,-514370,4162
1688993739812,-514370,4162
1688993739814,-514370,4162
1688993739816,-514370,4162
1688993739817,-514370,4162
1688993739819,-514370,4162
1688993739820,-514370,4162
1688993739822,-514370,4162
1688993739825,-514370,4162
1688993739827,-514370,4162
1688993739828,-514370,4162
1688993739829,-514370,4162
1688993739831,-514370,4162
1688993739832,-514370,4162
1688993739833,-514370,4162
1688993739834,-514370,4162
1688993739836,-514370,4162
1688993739837,-514370,4162
1688993739838,-514370,4162
1688993739840,-514370,4162
1688993739841,-514370,4162
1688993739845,-514370,4162
1688993739847,-514370,4162
1688993739849,-514370,4162
1688993739850,-514370,4162
1688993739852,-514370,4162
1688993739854,-514370,4162
1688993739856,-514370,4162
1688993739858,-514370,4162
1688993739862,-514370,4162
1688993739864,-514370,4162
1688993739866,-514370,4162
1688993739868,-514370,4162
1688993739870,-514370,4162
1688993739871,-514370,4162
1688993739873,-514370,4162
1688993739875,-514370,4162
1688993739877,-514370,4162
1688993739878,-514370,4162
1688993739881,-514370,4162
1688993739883,-514370,4162
1688993739884,-514370,4162
1688993739886,-514370,4162
1688993739888,-514370,4162
1688993739890,-514370,4162
1688993739893,-514370,4162
1688993739894,-514370,4162
1688993739896,-514370,4162
1688993739898,-514370,4162
1688993739899,-514370,4162
1688993739901,-514370,4162
1688993739902,-514370,4162
1688993739904,-514370,4162
1688993739905,-514370,4162
1688993739907,-514370,4162
1688993739909,-514370,4162
1688993739910,-514370,4162
1688993739912,-514370,4162
1688993739914,-514370,4162
1688993739915,-514370,4162
1688993739917,-514370,4162
1688993739918,-514370,4162
1688993739920,-514370,4162
1688993739923,-514370,4162
1688993739925,-514370,4162
1688993739927,-514370,4162
1688993739928,-514370,4162
1688993739930,-514370,4162
1688993739931,-514370,4162
1688993739932,-514370,4162
1688993739934,-514370,4162
1688993739935,-514370,4162
1688993739937,-514370,4162
1688993739938,-514370,4162
1688993739940,-514370,4162
1688993739942,-514370,4162
1688993739944,-514370,4162
1688993739946,-514370,4162
1688993739948,-514370,4162
1688993739950,-514370,4162
1688993739951,-514370,4162
1688993739953,-514370,4162
1688993739955,-514370,4162
1688993739957,-514370,4162
1688993739959,-514370,4162
1688993739961,-514370,4162
1688993739962,-514370,4162
1688993739964,-514370,4162
1688993739965,-514370,4162
1688993739967,-514370,4162
1688993739968,-514370,4162
1688993739970,-514370,4162
1688993739972,-514370,4162
1688993739973,-514370,4162
1688993739975,-514370,4162
1688993739977,-514370,4162
1688993739978,-514370,4162
1688993739981,-514370,4162
1688993739982,-514370,4162
1688993739984,-514370,4162
1688993739986,-514370,4162
1688993739988,-514370,4162
1688993739990,-514370,4162
1688993739992,-514370,4162
1688993739994,-514370,4162
1688993739995,-514370,4162
1688993739997,-514370,4162
1688993739998,-514370,4162
1688993740000,-514370,4162
1688993740002,-514370,4162
1688993740004,-514370,4162
1688993740005,-514370,4162
1688993740006,-514370,4162
1688993740008,-514370,4162
1688993740009,-514370,4162
1688993740011,-514370,4162
1688993740013,-514370,4162
1688993740014,-514370,4162
1688993740016,-514370,4162
1688993740018,-514370,4162
1688993740020,-514370,4162
1688993740021,-514370,4162
1688993740023,-514370,4162
1688993740025,-514370,4162
1688993740027,-514370,4162
1688993740029,-514370,4162
1688993740030,-514370,4162
1688993740033,-514370,4162
1688993740034,-514370,4162
1688993740038,-514370,4162
1688993740040,-514370,4162
1688993740042,-514370,4162
1688993740044,-514370,4162
1688993740046,-514370,4162
1688993740048,-514370,4162
1688993740050,-514370,4162
1688993740051,-514370,4162
1688993740053,-514370,4162
1688993740055,-514370,4162
1688993740057,-514370,4162
1688993740061,-514370,4162
1688993740064,-514370,4162
1688993740065,-514370,4162
1688993740067,-514370,4162
1688993740069,-514370,4162
1688993740070,-514370,4162
1688993740072,-514370,4162
1688993740074,-514370,4162
1688993740075,-514370,4162
1688993740076,-514370,4162
1688993740078,-514370,4162
1688993740081,-514370,4162
1688993740082,-514370,4162
1688993740084,-514370,4162
1688993740085,-514370,4162
1688993740087,-514370,4162
1688993740089,-514370,4162
1688993740090,-514370,4162
1688993740092,-514370,4162
1688993740096,-514370,4162
1688993740098,-514370,4162
1688993740100,-514370,4162
1688993740101,-514370,4162
1688993740102,-514370,4162
1688993740103,-514370,4162
1688993740105,-514370,4162
1688993740106,-514370,4162
1688993740108,-514370,4162
1688993740109,-514370,4162
1688993740111,-514370,4162
1688993740112,-514370,4162
1688993740114,-514370,4162
1688993740115,-514370,4162
1688993740117,-514370,4162
1688993740118,-514370,4162
1688993740120,-514370,4162
1688993740121,-514370,4162
1688993740123,-514370,4162
1688993740125,-514370,4162
1688993740127,-514370,4162
1688993740128,-514370,4162
1688993740129,-514370,4162
1688993740132,-514370,4162
1688993740133,-514370,4162
1688993740135,-514370,4162
1688993740136,-514370,4162
1688993740138,-514370,4162
1688993740140,-514370,4162
1688993740141,-514370,4162
1688993740142,-514370,4162
1688993740144,-514370,4162
1688993740146,-514370,4162
1688993740148,-514370,4162
1688993740149,-514370,4162
1688993740151,-514370,4162
1688993740152,-514370,4162
1688993740154,-514370,4162
1688993740156,-514370,4162
1688993740158,-514370,4162
1688993740160,-514370,4162
1688993740162,-514370,4162
1688993740163,-514370,4162
1688993740165,-514370,4162
1688993740166,-514370,4162
1688993740168,-514370,4162
1688993740169,-514370,4162
1688993740171,-514370,4162
1688993740172,-514370,4162
1688993740174,-514370,4162
1688993740176,-514370,4162
1688993740178,-514370,4162
1688993740180,-514370,4162
1688993740181,-514370,4162
1688993740183,-514370,4162
1688993740184,-514370,4162
1688993740186,-514370,4162
1688993740187,-514370,4162
1688993740190,-514370,4162
1688993740192,-514370,4162
1688993740194,-514370,4162
1688993740196,-514370,4162
1688993740198,-514370,4162
1688993740199,-514370,4162
1688993740201,-514370,4162
1688993740202,-514370,4162
1688993740204,-514370,4162
1688993740205,-514370,4162
1688993740207,-514370,4162
1688993740209,-514370,4162
1688993740210,-514370,4162
1688993740212,-514370,4162
1688993740214,-514370,4162
1688993740215,-514370,4162
1688993740217,-514370,4162
1688993740219,-514370,4162
1688993740220,-514370,4162
1688993740222,-514370,4162
1688993740224,-514370,4162
1688993740225,-514370,4162
1688993740228,-514370,4162
1688993740230,-514370,4162
1688993740231,-514370,4162
1688993740232,-514370,4162
1688993740234,-514370,4162
1688993740235,-514370,4162
1688993740237,-514370,4162
1688993740239,-514370,4162
1688993740240,-514370,4162
1688993740242,-514370,4162
1688993740243,-514370,4162
1688993740245,-514370,4162
1688993740246,-514370,4162
1688993740248,-514370,4162
1688993740250,-514370,4162
1688993740251,-514370,4162
1688993740252,-514370,4162
1688993740253,-514370,4162
1688993740255,-514370,4162
1688993740258,-514370,4162
1688993740261,-514370,4162
1688993740262,-514370,4162
1688993740264,-514370,4162
1688993740265,-514370,4162
1688993740266,-514370,4162
1688993740268,-514370,4162
1688993740269,-514370,4162
1688993740271,-514370,4162
1688993740272,-514370,4162
1688993740273,-514370,4162
1688993740275,-514370,4162
1688993740277,-514370,4162
1688993740279,-514370,4162
1688993740281,-514370,4162
1688993740282,-514370,4162
1688993740283,-514370,4162
1688993740285,-514370,4162
1688993740286,-514370,4162
1688993740288,-514370,4162
1688993740291,-514370,4162
1688993740292,-514370,4162
1688993740294,-514370,4162
1688993740296,-514370,4162
1688993740298,-514370,4162
1688993740299,-514370,4162
1688993740301,-514370,4162
1688993740302,-514370,4162
1688993740304,-514370,4162
1688993740305,-514370,4162
1688993740307,-514370,4162
1688993740308,-514370,4162
1688993740310,-514370,4162
1688993740311,-514370,4162
1688993740313,-514370,4162
1688993740314,-514370,4162
1688993740316,-514370,4162
1688993740318,-514370,4162
1688993740319,-514370,4162
1688993740322,-514370,4162
1688993740325,-514370,4162
1688993740327,-514370,4162
1688993740329,-514370,4162
1688993740330,-514370,4162
1688993740332,-514370,4162
1688993740334,-514370,4162
1688993740336,-514370,4162
1688993740338,-514370,4162
1688993740340,-514370,4162
1688993740341,-514370,4162
1688993740342,-514370,4162
1688993740344,-514370,4162
1688993740346,-514370,4162
1688993740348,-514370,4162
1688993740349,-514370,4162
1688993740351,-514370,4162
1688993740352,-514370,4162
1688993740355,-514370,4162
1688993740357,-514370,4162
1688993740359,-514370,4162
1688993740360,-514370,4162
1688993740362,-514370,4162
1688993740364,-514370,4162
1688993740365,-514370,4162
1688993740367,-514370,4162
1688993740368,-514370,4162
1688993740369,-514370,4162
1688993740371,-514370,4162
1688993740372,-514370,4162
1688993740375,-514370,4162
1688993740376,-514370,4162
1688993740378,-514370,4162
1688993740380,-514370,4162
1688993740382,-514370,4162
1688993740383,-514370,4162
1688993740385,-514370,4162
1688993740386,-514370,4162
1688993740388,-514370,4162
1688993740391,-514370,4162
1688993740393,-514370,4162
1688993740395,-514370,4162
1688993740397,-514370,4162
1688993740398,-514370,4162
1688993740400,-514370,4162
1688993740402,-514370,4162
1688993740403,-514370,4162
1688993740405,-514370,4162
1688993740407,-514370,4162
1688993740408,-514370,4162
1688993740409,-514370,4162
1688993740411,-514370,4162
1688993740413,-514370,4162
1688993740415,-514370,4162
1688993740417,-514370,4162
1688993740418,-514370,4162
1688993740420,-514370,4162
1688993740422,-514370,4162
1688993740425,-514370,4162
1688993740426,-514370,4162
1688993740428,-514370,4162
1688993740430,-514370,4162
1688993740431,-514370,4162
1688993740433,-514370,4162
1688993740435,-514370,4162
1688993740437,-514370,4162
1688993740438,-514370,4162
1688993740440,-514370,4162
1688993740441,-514370,4162
1688993740443,-514370,4162
1688993740445,-514370,4162
1688993740447,-514370,4162
1688993740448,-514370,4162
1688993740450,-514370,4162
1688993740452,-514370,4162
1688993740454,-514370,4162
1688993740456,-514370,4162
1688993740458,-514370,4162
1688993740460,-514370,4162
1688993740461,-514370,4162
1688993740463,-514370,4162
1688993740465,-514370,4162
1688993740466,-514370,4162
1688993740468,-514370,4162
1688993740469,-514370,4162
1688993740471,-514370,4162
1688993740473,-514370,4162
1688993740474,-514370,4162
1688993740476,-514370,4162
1688993740477,-514370,4162
1688993740478,-514370,4162
1688993740480,-514370,4162
1688993740482,-514370,4162
1688993740483,-514370,4162
1688993740485,-514370,4162
1688993740486,-514370,4162
1688993740488,-514370,4162
1688993740492,-514370,4162
1688993740494,-514370,4162
1688993740496,-514370,4162
1688993740497,-514370,4162
1688993740499,-514370,4162
1688993740500,-514370,4162
1688993740502,-514370,4162
1688993740503,-514370,4162
1688993740505,-514370,4162
1688993740506,-514370,4162
1688993740507,-514370,4162
1688993740509,-514370,4162
1688993740511,-514370,4162
1688993740513,-514370,4162
1688993740515,-514370,4162
1688993740517,-514370,4162
1688993740518,-514370,4162
1688993740519,-514370,4162
1688993740521,-514370,4162
1688993740524,-514370,4162
1688993740526,-514370,4162
1688993740528,-514370,4162
1688993740530,-514370,4162
1688993740531,-514370,4162
1688993740533,-514370,4162
1688993740535,-514370,4162
1688993740536,-514370,4162
1688993740538,-514370,4162
1688993740539,-514370,4162
1688993740541,-514370,4162
1688993740542,-514370,4162
1688993740544,-514370,4162
1688993740545,-514370,4162
1688993740547,-514370,4162
1688993740549,-514370,4162
1688993740550,-514370,4162
1688993740552,-514370,4162
1688993740554,-514370,4162
1688993740556,-514370,4162
1688993740558,-514370,4162
1688993740560,-514370,4162
1688993740562,-514370,4162
1688993740563,-514370,4162
1688993740564,-514370,4162
1688993740566,-514370,4162
1688993740568,-514370,4162
1688993740569,-514370,4162
1688993740571,-514370,4162
1688993740573,-514370,4162
1688993740575,-514370,4162
1688993740577,-514370,4162
1688993740578,-514370,4162
1688993740580,-514370,4162
1688993740582,-514370,4162
1688993740583,-514370,4162
1688993740585,-514370,4162
1688993740586,-514370,4162
1688993740588,-514370,4162
1688993740590,-514370,4162
1688993740592,-514370,4162
1688993740594,-514370,4162
1688993740596,-514370,4162
1688993740597,-514370,4162
1688993740599,-514370,4162
1688993740601,-514370,4162
1688993740602,-514370,4162
1688993740604,-514370,4162
1688993740606,-514370,4162
1688993740607,-514370,4162
1688993740609,-514370,4162
1688993740611,-514370,4162
1688993740613,-514370,4162
1688993740615,-514370,4162
1688993740617,-514370,4162
1688993740618,-514370,4162
1688993740620,-514370,4162
1688993740622,-514370,4162
1688993740625,-514370,4162
1688993740627,-514370,4162
1688993740628,-514370,4162
1688993740630,-514370,4162
1688993740632,-514370,4162
1688993740633,-514370,4162
1688993740635,-514370,4162
1688993740637,-514370,4162
1688993740638,-514370,4162
1688993740640,-514370,4162
1688993740641,-514370,4162
1688993740643,-514370,4162
1688993740645,-514370,4162
1688993740646,-514370,4162
1688993740648,-514370,4162
1688993740649,-514370,4162
1688993740651,-514370,4162
1688993740653,-514370,4162
1688993740655,-514370,4162
1688993740657,-514370,4162
1688993740659,-514370,4162
1688993740661,-514370,4162
1688993740662,-514370,4162
1688993740664,-514370,4162
1688993740665,-514370,4162
1688993740667,-514370,4162
1688993740668,-514370,4162
1688993740670,-514370,4162
1688993740672,-514370,4162
1688993740673,-514370,4162
1688993740675,-514370,4162
1688993740677,-514370,4162
1688993740678,-514370,4162
1688993740680,-514370,4162
1688993740682,-514370,4162
1688993740683,-514370,4162
1688993740684,-514370,4162
1688993740685,-514370,4162
1688993740687,-514370,4162
1688993740690,-514370,4162
1688993740692,-514370,4162
1688993740694,-514370,4162
1688993740696,-514370,4162
1688993740697,-514370,4162
1688993740699,-514370,4162
1688993740700,-514370,4162
1688993740702,-514370,4162
1688993740703,-514370,4162
1688993740704,-514370,4162
1688993740706,-514370,4162
1688993740707,-514370,4162
1688993740709,-514370,4162
1688993740711,-514370,4162
1688993740712,-514370,4162
1688993740714,-514370,4162
1688993740715,-514370,4162
1688993740717,-514370,4162
1688993740718,-514370,4162
1688993740720,-514370,4162
1688993740725,-514370,4162
1688993740727,-514370,4162
1688993740729,-514370,4162
1688993740731,-514370,4162
1688993740732,-514370,4162
1688993740734,-514370,4162
1688993740735,-514370,4162
1688993740737,-514370,4162
1688993740738,-514370,4162
1688993740740,-514370,4162
1688993740741,-514370,4162
1688993740743,-514370,4162
1688993740744,-514370,4162
1688993740746,-514370,4162
1688993740748,-514370,4162
1688993740750,-514370,4162
1688993740751,-514370,4162
1688993740753,-514370,4162
1688993740754,-514370,4162
1688993740757,-514370,4162
1688993740759,-514370,4162
1688993740760,-514370,4162
1688993740762,-514370,4162
1688993740764,-514370,4162
1688993740765,-514370,4162
1688993740766,-514370,4162
1688993740768,-514370,4162
1688993740770,-514370,4162
1688993740771,-514370,4162
1688993740773,-514370,4162
1688993740775,-514370,4162
1688993740776,-514370,4162
1688993740778,-514370,4162
1688993740780,-514370,4162
1688993740781,-514370,4162
1688993740783,-514370,4162
1688993740784,-514370,4162
1688993740786,-514370,4162
1688993740788,-514370,4162
1688993740790,-514370,4162
1688993740792,-514370,4162
1688993740794,-514370,4162
1688993740795,-514370,4162
1688993740797,-514370,4162
1688993740798,-514370,4162
1688993740800,-514370,4162
1688993740802,-514370,4162
1688993740803,-514370,4162
1688993740805,-514370,4162
1688993740806,-514370,4162
1688993740808,-514370,4162
1688993740810,-514370,4162
1688993740812,-514370,4162
1688993740813,-514370,4162
1688993740815,-514370,4162
1688993740816,-514370,4162
1688993740818,-514370,4162
1688993740819,-514370,4162
1688993740821,-514370,4162
1688993740822,-514370,4162
1688993740825,-514370,4162
1688993740827,-514370,4162
1688993740828,-514370,4162
1688993740830,-514370,4162
1688993740831,-514370,4162
1688993740833,-514370,4162
1688993740834,-514370,4162
1688993740836,-514370,4162
1688993740837,-514370,4162
1688993740839,-514370,4162
1688993740840,-514370,4162
1688993740842,-514370,4162
1688993740844,-514370,4162
1688993740846,-514370,4162
1688993740848,-514370,4162
1688993740849,-514370,4162
1688993740851,-514370,4162
1688993740853,-514370,4162
1688993740855,-514370,4162
1688993740857,-514370,4162
1688993740859,-514370,4162
1688993740861,-514370,4162
1688993740863,-514370,4162
1688993740864,-514370,4162
1688993740866,-514370,4162
1688993740868,-514370,4162
1688993740870,-514370,4162
1688993740871,-514370,4162
1688993740873,-514370,4162
1688993740874,-514370,4162
1688993740876,-514370,4162
1688993740878,-514370,4162
1688993740881,-514370,4162
1688993740882,-514370,4162
1688993740883,-514370,4162
1688993740885,-514370,4162
1688993740887,-514370,4162
1688993740890,-514370,4162
1688993740891,-514370,4162
1688993740893,-514370,4162
1688993740895,-514370,4162
1688993740896,-514370,4162
1688993740897,-514370,4162
1688993740899,-514370,4162
1688993740900,-514370,4162
1688993740902,-514370,4162
1688993740903,-514370,4162
1688993740905,-514370,4162
1688993740907,-514370,4162
1688993740908,-514370,4162
1688993740910,-514370,4162
1688993740912,-514370,4162
1688993740913,-514370,4162
1688993740915,-514370,4162
1688993740916,-514370,4162
1688993740918,-514370,4162
1688993740919,-514370,4162
1688993740921,-514370,4162
1688993740923,-514370,4162
1688993740926,-514370,4162
1688993740928,-514370,4162
1688993740930,-514370,4162
1688993740931,-514370,4162
1688993740932,-514370,4162
1688993740934,-514370,4162
1688993740935,-514370,4162
1688993740937,-514370,4162
1688993740938,-514370,4162
1688993740940,-514370,4162
1688993740941,-514370,4162
1688993740942,-514370,4162
1688993740944,-514370,4162
1688993740946,-514370,4162
1688993740948,-514370,4162
1688993740949,-514370,4162
1688993740951,-514370,4162
1688993740952,-514370,4162
1688993740954,-514370,4162
1688993740956,-514370,4162
1688993740958,-514370,4162
1688993740960,-514370,4162
1688993740961,-514370,4162
1688993740963,-514370,4162
1688993740965,-514370,4162
1688993740967,-514370,4162
1688993740968,-514370,4162
1688993740970,-514370,4162
1688993740971,-514370,4162
1688993740973,-514370,4162
1688993740975,-514370,4162
1688993740977,-514370,4162
1688993740978,-514370,4162
1688993740980,-514370,4162
1688993740981,-514370,4162
1688993740983,-514370,4162
1688993740985,-514370,4162
1688993740987,-514370,4162
1688993740989,-514370,4162
1688993740992,-514370,4162
1688993740993,-514370,4162
1688993740995,-514370,4162
1688993740996,-514370,4162
1688993740998,-514370,4162
1688993741000,-514370,4162
1688993741001,-514370,4162
1688993741003,-514370,4162
1688993741005,-514370,4162
1688993741007,-514370,4162
1688993741008,-514370,4162
1688993741010,-514370,4162
1688993741011,-514370,4162
1688993741013,-514370,4162
1688993741015,-514370,4162
1688993741017,-514370,4162
1688993741018,-514370,4162
1688993741020,-514370,4162
1688993741021,-514370,4162
1688993741024,-514370,4162
1688993741025,-514370,4162
1688993741027,-514370,4162
1688993741028,-514370,4162
1688993741030,-514370,4162
1688993741031,-514370,4162
1688993741033,-514370,4162
1688993741034,-514370,4162
1688993741036,-514370,4162
1688993741037,-514370,4162
1688993741039,-514370,4162
1688993741040,-514370,4162
1688993741041,-514370,4162
1688993741043,-514370,4162
1688993741045,-514370,4162
1688993741047,-514370,4162
1688993741048,-514370,4162
1688993741050,-514370,4162
1688993741052,-514370,4162
1688993741053,-514370,4162
1688993741056,-514370,4162
1688993741058,-514370,4162
1688993741059,-514370,4162
1688993741061,-514370,4162
1688993741063,-514370,4162
1688993741065,-514370,4162
1688993741067,-514370,4162
1688993741068,-514370,4162
1688993741070,-514370,4162
1688993741072,-514370,4162
1688993741074,-514370,4162
1688993741075,-514370,4162
1688993741076,-514370,4162
1688993741077,-514370,4162
1688993741079,-514370,4162
1688993741081,-514370,4162
1688993741082,-514370,4162
1688993741085,-514370,4162
1688993741086,-514370,4162
1688993741088,-514370,4162
1688993741091,-514370,4162
1688993741092,-514370,4162
1688993741094,-514370,4162
1688993741095,-514370,4162
1688993741097,-514370,4162
1688993741098,-514370,4162
1688993741100,-514370,4162
1688993741101,-514370,4162
1688993741103,-514370,4162
1688993741105,-514370,4162
1688993741107,-514370,4162
1688993741108,-514370,4162
1688993741110,-514370,4162
1688993741111,-514370,4162
1688993741113,-514370,4162
1688993741115,-514370,4162
1688993741117,-514370,4162
1688993741118,-514370,4162
1688993741119,-514370,4162
1688993741121,-514370,4162
1688993741123,-514370,4162
1688993741125,-514370,4162
1688993741127,-514370,4162
1688993741129,-514370,4162
1688993741130,-514370,4162
1688993741132,-514370,4162
1688993741133,-514370,4162
1688993741135,-514370,4162
1688993741136,-514370,4162
1688993741138,-514370,4162
1688993741139,-514370,4162
1688993741141,-514370,4162
1688993741143,-514370,4162
1688993741144,-514370,4162
1688993741146,-514370,4162
1688993741148,-514370,4162
1688993741149,-514370,4162
1688993741151,-514370,4162
1688993741152,-514370,4162
1688993741154,-514370,4162
1688993741156,-514370,4162
1688993741159,-514370,4162
1688993741160,-514370,4162
1688993741162,-514370,4162
1688993741163,-514370,4162
1688993741165,-514370,4162
1688993741167,-514370,4162
1688993741168,-514370,4162
1688993741170,-514370,4162
1688993741171,-514370,4162
1688993741173,-514370,4162
1688993741175,-514370,4162
1688993741176,-514370,4162
1688993741178,-514370,4162
1688993741179,-514370,4162
1688993741181,-514370,4162
1688993741183,-514370,4162
1688993741185,-514370,4162
1688993741186,-514370,4162
1688993741188,-514370,4162
1688993741191,-514370,4162
1688993741193,-514370,4162
1688993741194,-514370,4162
1688993741196,-514370,4162
1688993741197,-514370,4162
1688993741199,-514370,4162
1688993741201,-514370,4162
1688993741202,-514370,4162
1688993741204,-514370,4162
1688993741206,-514370,4162
1688993741207,-514370,4162
1688993741209,-514370,4162
1688993741210,-514370,4162
1688993741212,-514370,4162
1688993741214,-514370,4162
1688993741215,-514370,4162
1688993741217,-514370,4162
1688993741219,-514370,4162
1688993741221,-514370,4162
1688993741223,-514370,4162
1688993741225,-514370,4162
1688993741226,-514370,4162
1688993741228,-514370,4162
1688993741230,-514370,4162
1688993741231,-514370,4162
1688993741233,-514370,4162
1688993741234,-514370,4162
1688993741235,-514370,4162
1688993741237,-514370,4162
1688993741238,-514370,4162
1688993741240,-514370,4162
1688993741242,-514370,4162
1688993741243,-514370,4162
1688993741245,-514370,4162
1688993741247,-514370,4162
1688993741248,-514370,4162
1688993741250,-514370,4162
1688993741251,-514370,4162
1688993741252,-514370,4162
1688993741255,-514370,4162
1688993741257,-514370,4162
1688993741259,-514370,4162
1688993741261,-514370,4162
1688993741262,-514370,4162
1688993741264,-514370,4162
1688993741265,-514370,4162
1688993741267,-514370,4162
1688993741268,-514370,4162
1688993741269,-514370,4162
1688993741271,-514370,4162
1688993741272,-514370,4162
1688993741274,-514370,4162
1688993741275,-514370,4162
1688993741277,-514370,4162
1688993741279,-514370,4162
1688993741281,-514370,4162
1688993741283,-514370,4162
1688993741284,-514370,4162
1688993741286,-514370,4162
1688993741288,-514370,4162
1688993741290,-514370,4162
1688993741292,-514370,4162
1688993741294,-514370,4162
1688993741295,-514370,4162
1688993741297,-514370,4162
1688993741299,-514370,4162
1688993741301,-514370,4162
1688993741302,-514370,4162
1688993741304,-514370,4162
1688993741305,-514370,4162
1688993741307,-514370,4162
1688993741309,-514370,4162
1688993741310,-514370,4162
1688993741312,-514370,4162
1688993741314,-514370,4162
1688993741315,-514370,4162
1688993741317,-514370,4162
1688993741318,-514370,4162
1688993741320,-514370,4162
1688993741322,-514370,4162
1688993741324,-514370,4162
1688993741327,-514370,4162
1688993741328,-514370,4162
1688993741330,-514370,4162
1688993741331,-514370,4162
1688993741332,-514370,4162
1688993741334,-514370,4162
1688993741336,-514370,4162
1688993741337,-514370,4162
1688993741339,-514370,4162
1688993741341,-514370,4162
1688993741342,-514370,4162
1688993741344,-514370,4162
1688993741345,-514370,4162
1688993741347,-514370,4162
1688993741349,-514370,4162
1688993741350,-514370,4162
1688993741352,-514370,4162
1688993741353,-514370,4162
1688993741355,-514370,4162
1688993741357,-514370,4162
1688993741359,-514370,4162
1688993741361,-514370,4162
1688993741363,-514370,4162
1688993741364,-514370,4162
1688993741366,-514370,4162
1688993741367,-514370,4162
1688993741369,-514370,4162
1688993741370,-514370,4162
1688993741371,-514370,4162
1688993741373,-514370,4162
1688993741374,-514370,4162
1688993741376,-514370,4162
1688993741378,-514370,4162
1688993741380,-514370,4162
1688993741381,-514370,4162
1688993741383,-514370,4162
1688993741384,-514370,4162
1688993741386,-514370,4162
1688993741388,-514370,4162
1688993741390,-514370,4162
1688993741392,-514370,4162
1688993741394,-514370,4162
1688993741395,-514370,4162
1688993741397,-514370,4162
1688993741398,-514370,4162
1688993741401,-514370,4162
1688993741402,-514370,4162
1688993741404,-514370,4162
1688993741405,-514370,4162
1688993741406,-514370,4162
1688993741408,-514370,4162
1688993741409,-514370,4162
1688993741411,-514370,4162
1688993741412,-514370,4162
1688993741414,-514370,4162
1688993741415,-514370,4162
1688993741417,-514370,4162
1688993741419,-514370,4162
1688993741421,-514370,4162
1688993741422,-514370,4162
1688993741425,-514370,4162
1688993741426,-514370,4162
1688993741428,-514370,4162
1688993741430,-514370,4162
1688993741431,-514370,4162
1688993741432,-514370,4162
1688993741434,-514370,4162
1688993741435,-514370,4162
1688993741437,-514370,4162
1688993741439,-514370,4162
1688993741441,-514370,4162
1688993741442,-514370,4162
1688993741444,-514370,4162
1688993741446,-514370,4162
1688993741448,-514370,4162
1688993741449,-514370,4162
1688993741451,-514370,4162
1688993741452,-514370,4162
1688993741454,-514370,4162
1688993741456,-514370,4162
1688993741459,-514370,4162
1688993741461,-514370,4162
1688993741462,-514370,4162
1688993741464,-514370,4162
1688993741466,-514370,4162
1688993741468,-514370,4162
1688993741469,-514370,4162
1688993741471,-514370,4162
1688993741472,-514370,4162
1688993741474,-514370,4162
1688993741475,-514370,4162
1688993741478,-514370,4162
1688993741479,-514370,4162
1688993741481,-514370,4162
1688993741483,-514370,4162
1688993741485,-514370,4162
1688993741486,-514370,4162
1688993741488,-514370,4162
1688993741491,-514370,4162
1688993741493,-514370,4162
1688993741495,-514370,4162
1688993741496,-514370,4162
1688993741498,-514370,4162
1688993741500,-514370,4162
1688993741502,-514370,4162
1688993741503,-514370,4162
1688993741505,-514370,4162
1688993741507,-514370,4162
1688993741508,-514370,4162
1688993741511,-514370,4162
1688993741512,-514370,4162
1688993741514,-514370,4162
1688993741516,-514370,4162
1688993741518,-514370,4162
1688993741520,-514370,4162
1688993741525,-514370,4162
1688993741527,-514370,4162
1688993741528,-514370,4162
1688993741530,-514370,4162
1688993741532,-514370,4162
1688993741533,-514370,4162
1688993741536,-514370,4162
1688993741538,-514370,4162
1688993741539,-514370,4162
1688993741541,-514370,4162
1688993741543,-514370,4162
1688993741544,-514370,4162
1688993741546,-514370,4162
1688993741548,-514370,4162
1688993741549,-514370,4162
1688993741551,-514370,4162
1688993741552,-514370,4162
1688993741554,-514370,4162
1688993741556,-514370,4162
1688993741559,-514370,4162
1688993741560,-514370,4162
1688993741562,-514370,4162
1688993741564,-514370,4162
1688993741566,-514370,4162
1688993741567,-514370,4162
1688993741569,-514370,4162
1688993741571,-514370,4162
1688993741572,-514370,4162
1688993741574,-514370,4162
1688993741576,-514370,4162
1688993741578,-514370,4162
1688993741580,-514370,4162
1688993741581,-514370,4162
1688993741583,-514370,4162
1688993741584,-514370,4162
1688993741586,-514370,4162
1688993741588,-514370,4162
1688993741590,-514370,4162
1688993741592,-514370,4162
1688993741595,-514370,4162
1688993741597,-514370,4162
1688993741599,-514370,4162
1688993741601,-514370,4162
1688993741602,-514370,4162
1688993741604,-514370,4162
1688993741605,-514370,4162
1688993741607,-514370,4162
1688993741608,-514370,4162
1688993741610,-514370,4162
1688993741611,-514370,4162
1688993741613,-514370,4162
1688993741615,-514370,4162
1688993741617,-514370,4162
1688993741618,-514370,4162
1688993741620,-514370,4162
1688993741621,-514370,4162
1688993741624,-514370,4162
1688993741626,-514370,4162
1688993741627,-514370,4162
1688993741629,-514370,4162
1688993741631,-514370,4162
1688993741632,-514370,4162
1688993741634,-514370,4162
1688993741636,-514370,4162
1688993741637,-514370,4162
1688993741639,-514370,4162
1688993741641,-514370,4162
1688993741642,-514370,4162
1688993741645,-514370,4162
1688993741647,-514370,4162
1688993741648,-514370,4162
1688993741650,-514370,4162
1688993741652,-514370,4162
1688993741653,-514370,4162
1688993741655,-514370,4162
1688993741660,-514370,4162
1688993741661,-514370,4162
1688993741663,-514370,4162
1688993741664,-514370,4162
1688993741666,-514370,4162
1688993741667,-514370,4162
1688993741669,-514370,4162
1688993741670,-514370,4162
1688993741672,-514370,4162
1688993741673,-514370,4162
1688993741675,-514370,4162
1688993741677,-514370,4162
1688993741679,-514370,4162
1688993741681,-514370,4162
1688993741682,-514370,4162
1688993741684,-514370,4162
1688993741685,-514370,4162
1688993741687,-514370,4162
1688993741688,-514370,4162
1688993741692,-514370,4162
1688993741694,-514370,4162
1688993741696,-514370,4162
1688993741698,-514370,4162
1688993741699,-514370,4162
1688993741701,-514370,4162
1688993741702,-514370,4162
1688993741704,-514370,4162
1688993741705,-514370,4162
1688993741707,-514370,4162
1688993741708,-514370,4162
1688993741710,-514370,4162
1688993741712,-514370,4162
1688993741714,-514370,4162
1688993741716,-514370,4162
1688993741718,-514370,4162
1688993741719,-514370,4162
1688993741721,-514370,4162
1688993741725,-514370,4162
1688993741727,-514370,4162
1688993741729,-514370,4162
1688993741730,-514370,4162
1688993741732,-514370,4162
1688993741734,-514370,4162
1688993741735,-514370,4162
1688993741737,-514370,4162
1688993741739,-514370,4162
1688993741740,-514370,4162
1688993741742,-514370,4162
1688993741744,-514370,4162
1688993741745,-514370,4162
1688993741747,-514370,4162
1688993741749,-514370,4162
1688993741750,-514370,4162
1688993741752,-514370,4162
1688993741754,-514370,4162
1688993741756,-514370,4162
1688993741758,-514370,4162
1688993741760,-514370,4162
1688993741762,-514370,4162
1688993741763,-514370,4162
1688993741765,-514370,4162
1688993741766,-514370,4162
1688993741768,-514370,4162
1688993741769,-514370,4162
1688993741771,-514370,4162
1688993741772,-514370,4162
1688993741775,-514370,4162
1688993741776,-514370,4162
1688993741778,-514370,4162
1688993741780,-514370,4162
1688993741781,-514370,4162
1688993741783,-514370,4162
1688993741784,-514370,4162
1688993741786,-514370,4162
1688993741788,-514370,4162
1688993741790,-514370,4162
1688993741792,-514370,4162
1688993741795,-514370,4162
1688993741796,-514370,4162
1688993741798,-514370,4162
1688993741800,-514370,4162
1688993741801,-514370,4162
1688993741803,-514370,4162
1688993741804,-514370,4162
1688993741806,-514370,4162
1688993741807,-514370,4162
1688993741809,-514370,4162
1688993741811,-514370,4162
1688993741813,-514370,4162
1688993741814,-514370,4162
1688993741816,-514370,4162
1688993741818,-514370,4162
1688993741819,-514370,4162
1688993741821,-514370,4162
1688993741823,-514370,4162
1688993741825,-514370,4162
1688993741827,-514370,4162
1688993741829,-514370,4162
1688993741831,-514370,4162
1688993741833,-514370,4162
1688993741834,-514370,4162
1688993741836,-514370,4162
1688993741838,-514370,4162
1688993741839,-514370,4162
1688993741841,-514370,4162
1688993741842,-514370,4162
1688993741844,-514370,4162
1688993741846,-514370,4162
1688993741847,-514370,4162
1688993741849,-514370,4162
1688993741851,-514370,4162
1688993741852,-514370,4162
1688993741854,-514370,4162
1688993741856,-514370,4162
1688993741859,-514370,4162
1688993741860,-514370,4162
1688993741862,-514370,4162
1688993741864,-514370,4162
1688993741865,-514370,4162
1688993741867,-514370,4162
1688993741868,-514370,4162
1688993741870,-514370,4162
1688993741871,-514370,4162
1688993741874,-514370,4162
1688993741875,-514370,4162
1688993741877,-514370,4162
1688993741878,-514370,4162
1688993741880,-514370,4162
1688993741881,-514370,4162
1688993741883,-514370,4162
1688993741884,-514370,4162
1688993741885,-514370,4162
1688993741887,-514370,4162
1688993741889,-514370,4162
1688993741892,-514370,4162
1688993741894,-514370,4162
1688993741895,-514370,4162
1688993741897,-514370,4162
1688993741898,-514370,4162
1688993741899,-514370,4162
1688993741901,-514370,4162
1688993741902,-514370,4162
1688993741904,-514370,4162
1688993741906,-514370,4162
1688993741907,-514370,4162
1688993741909,-514370,4162
1688993741911,-514370,4162
1688993741913,-514370,4162
1688993741914,-514370,4162
1688993741916,-514370,4162
1688993741918,-514370,4162
1688993741919,-514370,4162
1688993741921,-514370,4162
1688993741923,-514370,4162
1688993741925,-514370,4162
1688993741927,-514370,4162
1688993741929,-514370,4162
1688993741932,-514370,4162
1688993741933,-514370,4162
1688993741935,-514370,4162
1688993741936,-514370,4162
1688993741938,-514370,4162
1688993741939,-514370,4162
1688993741941,-514370,4162
1688993741942,-514370,4162
1688993741944,-514370,4162
1688993741946,-514370,4162
1688993741947,-514370,4162
1688993741949,-514370,4162
1688993741951,-514370,4162
1688993741952,-514370,4162
1688993741954,-514370,4162
1688993741956,-514370,4162
1688993741957,-514370,4162
1688993741960,-514370,4162
1688993741961,-514370,4162
1688993741963,-514370,4162
1688993741964,-514370,4162
1688993741966,-514370,4162
1688993741968,-514370,4162
1688993741969,-514370,4162
1688993741971,-514370,4162
1688993741973,-514370,4162
1688993741975,-514370,4162
1688993741976,-514370,4162
1688993741978,-514370,4162
1688993741979,-514370,4162
1688993741981,-514370,4162
1688993741982,-514370,4162
1688993741984,-514370,4162
1688993741985,-514370,4162
1688993741987,-514370,4162
1688993741989,-514370,4162
1688993741991,-514370,4162
1688993741993,-514370,4162
1688993741994,-514370,4162
1688993741996,-514370,4162
1688993741997,-514370,4162
1688993741999,-514370,4162
1688993742001,-514370,4162
1688993742002,-514370,4162
1688993742004,-514370,4162
1688993742006,-514370,4162
1688993742007,-514370,4162
1688993742008,-514370,4162
1688993742010,-514370,4162
1688993742012,-514370,4162
1688993742014,-514370,4162
1688993742016,-514370,4162
1688993742017,-514370,4162
1688993742019,-514370,4162
1688993742020,-514370,4162
1688993742024,-514370,4162
1688993742026,-514370,4162
1688993742028,-514370,4162
1688993742030,-514370,4162
1688993742031,-514370,4162
1688993742033,-514370,4162
1688993742035,-514370,4162
1688993742036,-514370,4162
1688993742038,-514370,4162
1688993742039,-514370,4162
1688993742041,-514370,4162
1688993742043,-514370,4162
1688993742044,-514370,4162
1688993742046,-514370,4162
1688993742048,-514370,4162
1688993742050,-514370,4162
1688993742052,-514370,4162
1688993742054,-514370,4162
1688993742056,-514370,4162
1688993742058,-514370,4162
1688993742060,-514370,4162
1688993742062,-514370,4162
1688993742064,-514370,4162
1688993742065,-514370,4162
1688993742067,-514370,4162
1688993742069,-514370,4162
1688993742071,-514370,4162
1688993742072,-514370,4162
1688993742074,-514370,4162
1688993742076,-514370,4162
1688993742078,-514370,4162
1688993742079,-514370,4162
1688993742081,-514370,4162
1688993742082,-514370,4162
1688993742084,-514370,4162
1688993742085,-514370,4162
1688993742087,-514370,4162
1688993742089,-514370,4162
1688993742091,-514370,4162
1688993742093,-514370,4162
1688993742094,-514370,4162
1688993742096,-514370,4162
1688993742097,-514370,4162
1688993742099,-514370,4162
1688993742100,-514370,4162
1688993742102,-514370,4162
1688993742103,-514370,4162
1688993742105,-514370,4162
1688993742106,-514370,4162
1688993742108,-514370,4162
1688993742110,-514370,4162
1688993742112,-514370,4162
1688993742113,-514370,4162
1688993742115,-514370,4162
1688993742116,-514370,4162
1688993742118,-514370,4162
1688993742119,-514370,4162
1688993742121,-514370,4162
1688993742124,-514370,4162
1688993742126,-514370,4162
1688993742128,-514370,4162
1688993742130,-514370,4162
1688993742131,-514370,4162
1688993742133,-514370,4162
1688993742134,-514370,4162
1688993742136,-514370,4162
1688993742137,-514370,4162
1688993742139,-514370,4162
1688993742140,-514370,4162
1688993742142,-514370,4162
1688993742143,-514370,4162
1688993742144,-514370,4162
1688993742146,-514370,4162
1688993742148,-514370,4162
1688993742150,-514370,4162
1688993742151,-514370,4162
1688993742153,-514370,4162
1688993742154,-514370,4162
1688993742157,-514370,4162
1688993742159,-514370,4162
1688993742161,-514370,4162
1688993742162,-514370,4162
1688993742164,-514370,4162
1688993742165,-514370,4162
1688993742168,-514370,4162
1688993742169,-514370,4162
1688993742171,-514370,4162
1688993742172,-514370,4162
1688993742174,-514370,4162
1688993742175,-514370,4162
1688993742177,-514370,4162
1688993742178,-514370,4162
1688993742180,-514370,4162
1688993742181,-514370,4162
1688993742183,-514370,4162
1688993742184,-514370,4162
1688993742186,-514370,4162
1688993742188,-514370,4162
1688993742190,-514370,4162
1688993742193,-514370,4162
1688993742194,-514370,4162
1688993742196,-514370,4162
1688993742198,-514370,4162
1688993742199,-514370,4162
1688993742201,-514370,4162
1688993742202,-514370,4162
1688993742204,-514370,4162
1688993742206,-514370,4162
1688993742208,-514370,4162
1688993742209,-514370,4162
1688993742211,-514370,4162
1688993742212,-514370,4162
1688993742214,-514370,4162
1688993742215,-514370,4162
1688993742217,-514370,4162
1688993742218,-514370,4162
1688993742219,-514370,4162
1688993742221,-514370,4162
1688993742224,-514370,4162
1688993742226,-514370,4162
1688993742228,-514370,4162
1688993742229,-514370,4162
1688993742231,-514370,4162
1688993742232,-514370,4162
1688993742234,-514370,4162
1688993742235,-514370,4162
1688993742238,-514370,4162
1688993742240,-514370,4162
1688993742242,-514370,4162
1688993742244,-514370,4162
1688993742246,-514370,4162
1688993742248,-514370,4162
1688993742249,-514370,4162
1688993742251,-514370,4162
1688993742252,-514370,4162
1688993742254,-514370,4162
1688993742256,-514370,4162
1688993742258,-514370,4162
1688993742260,-514370,4162
1688993742262,-514370,4162
1688993742264,-514370,4162
1688993742265,-514370,4162
1688993742269,-514370,4162
1688993742270,-514370,4162
1688993742272,-514370,4162
1688993742274,-514370,4162
1688993742275,-514370,4162
1688993742277,-514370,4162
1688993742279,-514370,4162
1688993742281,-514370,4162
1688993742282,-514370,4162
1688993742284,-514370,4162
1688993742286,-514370,4162
1688993742288,-514370,4162
1688993742291,-514370,4162
1688993742293,-514370,4162
1688993742294,-514370,4162
1688993742296,-514370,4162
1688993742297,-514370,4162
1688993742299,-514370,4162
1688993742301,-514370,4162
1688993742302,-514370,4162
1688993742304,-514370,4162
1688993742306,-514370,4162
1688993742308,-514370,4162
1688993742309,-514370,4162
1688993742311,-514370,4162
1688993742313,-514370,4162
1688993742314,-514370,4162
1688993742316,-514370,4162
1688993742317,-514370,4162
1688993742319,-514370,4162
1688993742321,-514370,4162
1688993742323,-514370,4162
1688993742325,-514370,4162
1688993742327,-514370,4162
1688993742329,-514370,4162
1688993742330,-514370,4162
1688993742331,-514370,4162
1688993742333,-514370,4162
1688993742334,-514370,4162
1688993742335,-514370,4162
1688993742337,-514370,4162
1688993742338,-514370,4162
1688993742340,-514370,4162
1688993742341,-514370,4162
1688993742342,-514370,4162
1688993742344,-514370,4162
1688993742347,-514370,4162
1688993742348,-514370,4162
1688993742350,-514370,4162
1688993742352,-514370,4162
1688993742355,-514370,4162
1688993742357,-514370,4162
1688993742358,-514370,4162
1688993742360,-514370,4162
1688993742362,-514370,4162
1688993742364,-514370,4162
1688993742365,-514370,4162
1688993742367,-514370,4162
1688993742368,-514370,4162
1688993742370,-514370,4162
1688993742371,-514370,4162
1688993742373,-514370,4162
1688993742375,-514370,4162
1688993742376,-514370,4162
1688993742378,-514370,4162
1688993742379,-514370,4162
1688993742381,-514370,4162
1688993742382,-514370,4162
1688993742384,-514370,4162
1688993742385,-514370,4162
1688993742387,-514370,4162
1688993742389,-514370,4162
1688993742391,-514370,4162
1688993742393,-514370,4162
1688993742395,-514370,4162
1688993742396,-514370,4162
1688993742398,-514370,4162
1688993742399,-514370,4162
1688993742400,-514370,4162
1688993742402,-514370,4162
1688993742404,-514370,4162
1688993742406,-514370,4162
1688993742407,-514370,4162
1688993742409,-514370,4162
1688993742410,-514370,4162
1688993742412,-514370,4162
1688993742414,-514370,4162
1688993742415,-514370,4162
1688993742417,-514370,4162
1688993742418,-514370,4162
1688993742420,-514370,4162
1688993742421,-514370,4162
1688993742423,-514370,4162
1688993742425,-514370,4162
1688993742427,-514370,4162
1688993742428,-514370,4162
1688993742430,-514370,4162
1688993742431,-514370,4162
1688993742432,-514370,4162
1688993742434,-514370,4162
1688993742436,-514370,4162
1688993742437,-514370,4162
1688993742439,-514370,4162
1688993742440,-514370,4162
1688993742442,-514370,4162
1688993742444,-514370,4162
1688993742446,-514370,4162
1688993742448,-514370,4162
1688993742449,-514370,4162
1688993742451,-514370,4162
1688993742452,-514370,4162
1688993742454,-514370,4162
1688993742456,-514370,4162
1688993742458,-514370,4162
1688993742460,-514370,4162
1688993742462,-514370,4162
1688993742464,-514370,4162
1688993742465,-514370,4162
1688993742467,-514370,4162
1688993742469,-514370,4162
1688993742470,-514370,4162
1688993742471,-514370,4162
1688993742473,-514370,4162
1688993742475,-514370,4162
1688993742476,-514370,4162
1688993742477,-514370,4162
1688993742479,-514370,4162
1688993742481,-514370,4162
1688993742482,-514370,4162
1688993742484,-514370,4162
1688993742485,-514370,4162
1688993742487,-514370,4162
1688993742490,-514370,4162
1688993742492,-514370,4162
1688993742494,-514370,4162
1688993742495,-514370,4162
1688993742497,-514370,4162
1688993742499,-514370,4162
1688993742500,-514370,4162
1688993742502,-514370,4162
1688993742504,-514370,4162
1688993742505,-514370,4162
1688993742507,-514370,4162
1688993742508,-514370,4162
1688993742511,-514370,4162
1688993742515,-514370,4162
1688993742516,-514370,4162
1688993742518,-514370,4162
1688993742519,-514370,4162
1688993742521,-514370,4162
1688993742524,-514370,4162
1688993742527,-514370,4162
1688993742528,-514370,4162
1688993742530,-514370,4162
1688993742531,-514370,4162
1688993742532,-514370,4162
1688993742534,-514370,4162
1688993742535,-514370,4162
1688993742536,-514370,4162
1688993742537,-514370,4162
1688993742539,-514370,4162
1688993742540,-514370,4162
1688993742542,-514370,4162
1688993742544,-514370,4162
1688993742545,-514370,4162
1688993742547,-514370,4162
1688993742548,-514370,4162
1688993742549,-514370,4162
1688993742551,-514370,4162
1688993742552,-514370,4162
1688993742553,-514370,4162
1688993742554,-514370,4162
1688993742557,-514370,4162
1688993742559,-514370,4162
1688993742561,-514370,4162
1688993742562,-514370,4162
1688993742564,-514370,4162
1688993742565,-514370,4162
1688993742566,-514370,4162
1688993742567,-514370,4162
1688993742569,-514370,4162
1688993742570,-514370,4162
1688993742572,-514370,4162
1688993742574,-514370,4162
1688993742576,-514370,4162
1688993742577,-514370,4162
1688993742579,-514370,4162
1688993742581,-514370,4162
1688993742583,-514370,4162
1688993742585,-514370,4162
1688993742586,-514370,4162
1688993742588,-514370,4162
1688993742591,-514370,4162
1688993742592,-514370,4162
1688993742594,-514370,4162
1688993742595,-514370,4162
1688993742597,-514370,4162
1688993742598,-514370,4162
1688993742600,-514370,4162
1688993742601,-514370,4162
1688993742603,-514370,4162
1688993742604,-514370,4162
1688993742605,-514370,4162
1688993742607,-514370,4162
1688993742608,-514370,4162
1688993742609,-514370,4162
1688993742611,-514370,4162
1688993742613,-514370,4162
1688993742614,-514370,4162
1688993742616,-514370,4162
1688993742617,-514370,4162
1688993742619,-514370,4162
1688993742621,-514370,4162
1688993742625,-514370,4162
1688993742627,-514370,4162
1688993742628,-514370,4162
1688993742630,-514370,4162
1688993742632,-514370,4162
1688993742633,-514370,4162
1688993742634,-514370,4162
1688993742635,-514370,4162
1688993742637,-514370,4162
1688993742638,-514370,4162
1688993742640,-514370,4162
1688993742642,-514370,4162
1688993742644,-514370,4162
1688993742645,-514370,4162
1688993742647,-514370,4162
1688993742649,-514370,4162
1688993742650,-514370,4162
1688993742651,-514370,4162
1688993742653,-514370,4162
1688993742655,-514370,4162
1688993742657,-514370,4162
1688993742659,-514370,4162
1688993742661,-514370,4162
1688993742662,-514370,4162
1688993742664,-514370,4162
1688993742665,-514370,4162
1688993742667,-514370,4162
1688993742668,-514370,4162
1688993742670,-514370,4162
1688993742671,-514370,4162
1688993742672,-514370,4162
1688993742674,-514370,4162
1688993742675,-514370,4162
1688993742676,-514370,4162
1688993742679,-514370,4162
1688993742681,-514370,4162
1688993742682,-514370,4162
1688993742684,-514370,4162
1688993742685,-514370,4162
1688993742687,-514370,4162
1688993742689,-514370,4162
1688993742691,-514370,4162
1688993742693,-514370,4162
1688993742694,-514370,4162
1688993742696,-514370,4162
1688993742698,-514370,4162
1688993742700,-514370,4162
1688993742701,-514370,4162
1688993742703,-514370,4162
1688993742704,-514370,4162
1688993742706,-514370,4162
1688993742707,-514370,4162
1688993742709,-514370,4162
1688993742710,-514370,4162
1688993742712,-514370,4162
1688993742714,-514370,4162
1688993742715,-514370,4162
1688993742717,-514370,4162
1688993742718,-514370,4162
1688993742720,-514370,4162
1688993742722,-514370,4162
1688993742724,-514370,4162
1688993742726,-514370,4162
1688993742728,-514370,4162
1688993742729,-514370,4162
1688993742731,-514370,4162
1688993742732,-514370,4162
1688993742733,-514370,4162
1688993742735,-514370,4162
1688993742737,-514370,4162
1688993742738,-514370,4162
1688993742740,-514370,4162
1688993742741,-514370,4162
1688993742742,-514370,4162
1688993742744,-514370,4162
1688993742746,-514370,4162
1688993742747,-514370,4162
1688993742749,-514370,4162
1688993742750,-514370,4162
1688993742751,-514370,4162
1688993742752,-514370,4162
1688993742754,-514370,4162
1688993742756,-514370,4162
1688993742758,-514370,4162
1688993742760,-514370,4162
1688993742761,-514370,4162
1688993742763,-514370,4162
1688993742764,-514370,4162
1688993742765,-514370,4162
1688993742767,-514370,4162
1688993742768,-514370,4162
1688993742770,-514370,4162
1688993742771,-514370,4162
1688993742772,-514370,4162
1688993742774,-514370,4162
1688993742775,-514370,4162
1688993742779,-514370,4162
1688993742781,-514370,4162
1688993742782,-514370,4162
1688993742784,-514370,4162
1688993742790,-514370,4162
1688993742794,-514370,4162
1688993742795,-514370,4162
1688993742797,-514370,4162
1688993742799,-514370,4162
1688993742801,-514370,4162
1688993742803,-514370,4162
1688993742805,-514370,4162
1688993742806,-514370,4162
1688993742808,-514370,4162
1688993742809,-514370,4162
1688993742811,-514370,4162
1688993742814,-514370,4162
1688993742816,-514370,4162
1688993742818,-514370,4162
1688993742819,-514370,4162
1688993742821,-514370,4162
1688993742822,-514370,4162
1688993742824,-514370,4162
1688993742826,-514370,4162
1688993742827,-514370,4162
1688993742829,-514370,4162
1688993742830,-514370,4162
1688993742832,-514370,4162
1688993742833,-514370,4162
1688993742834,-514370,4162
1688993742836,-514370,4162
1688993742838,-514370,4162
1688993742839,-514370,4162
1688993742840,-514370,4162
1688993742842,-514370,4162
1688993742844,-514370,4162
1688993742845,-514370,4162
1688993742846,-514370,4162
1688993742848,-514370,4162
1688993742849,-514370,4162
1688993742850,-514370,4162
1688993742852,-514370,4162
1688993742853,-514370,4162
1688993742855,-514370,4162
1688993742857,-514370,4162
1688993742859,-514370,4162
1688993742861,-514370,4162
1688993742862,-514370,4162
1688993742864,-514370,4162
1688993742865,-514370,4162
1688993742867,-514370,4162
1688993742868,-514370,4162
1688993742870,-514370,4162
1688993742871,-514370,4162
1688993742872,-514370,4162
1688993742874,-514370,4162
1688993742875,-514370,4162
1688993742877,-514370,4162
1688993742879,-514370,4162
1688993742880,-514370,4162
1688993742882,-514370,4162
1688993742884,-514370,4162
1688993742885,-514370,4162
1688993742887,-514370,4162
1688993742888,-514370,4162
1688993742890,-514370,4162
1688993742892,-514370,4162
1688993742894,-514370,4162
1688993742895,-514370,4162
1688993742897,-514370,4162
1688993742899,-514370,4162
1688993742900,-514370,4162
1688993742902,-514370,4162
1688993742903,-514370,4162
1688993742904,-514370,4162
1688993742905,-514370,4162
1688993742907,-514370,4162
1688993742908,-514370,4162
1688993742910,-514370,4162
1688993742911,-514370,4162
1688993742913,-514370,4162
1688993742916,-514370,4162
1688993742918,-514370,4162
1688993742919,-514370,4162
1688993742921,-514370,4162
1688993742924,-514370,4162
1688993742926,-514370,4162
1688993742928,-514370,4162
1688993742929,-514370,4162
1688993742931,-514370,4162
1688993742932,-514370,4162
1688993742934,-514370,4162
1688993742935,-514370,4162
1688993742938,-514370,4162
1688993742939,-514370,4162
1688993742940,-514370,4162
1688993742942,-514370,4162
1688993742943,-514370,4162
1688993742945,-514370,4162
1688993742947,-514370,4162
1688993742949,-514370,4162
1688993742950,-514370,4162
1688993742952,-514370,4162
1688993742953,-514370,4162
1688993742955,-514370,4162
1688993742958,-514370,4162
1688993742960,-514370,4162
1688993742961,-514370,4162
1688993742963,-514370,4162
1688993742964,-514370,4162
1688993742966,-514370,4162
1688993742968,-514370,4162
1688993742969,-514370,4162
1688993742971,-514370,4162
1688993742972,-514370,4162
1688993742974,-514370,4162
1688993742975,-514370,4162
1688993742977,-514370,4162
1688993742979,-514370,4162
1688993742981,-514370,4162
1688993742983,-514370,4162
1688993742984,-514370,4162
1688993742985,-514370,4162
1688993742987,-514370,4162
1688993742989,-514370,4162
1688993742991,-514370,4162
1688993742993,-514370,4162
1688993742995,-514370,4162
1688993742997,-514370,4162
1688993742999,-514370,4162
1688993743001,-514370,4162
1688993743002,-514370,4162
1688993743004,-514370,4162
1688993743005,-514370,4162
1688993743007,-514370,4162
1688993743009,-514370,4162
1688993743010,-514370,4162
1688993743011,-514370,4162
1688993743013,-514370,4162
1688993743015,-514370,4162
1688993743017,-514370,4162
1688993743019,-514370,4162
1688993743021,-514370,4162
1688993743023,-514370,4162
1688993743025,-514370,4162
1688993743027,-514370,4162
1688993743029,-514370,4162
1688993743030,-514370,4162
1688993743032,-514370,4162
1688993743034,-514370,4162
1688993743035,-514370,4162
1688993743037,-514370,4162
1688993743039,-514370,4162
1688993743040,-514370,4162
1688993743041,-514370,4162
1688993743043,-514370,4162
1688993743044,-514370,4162
1688993743046,-514370,4162
1688993743048,-514370,4162
1688993743049,-514370,4162
1688993743051,-514370,4162
1688993743052,-514370,4162
1688993743054,-514370,4162
1688993743057,-514370,4162
1688993743059,-514370,4162
1688993743062,-514370,4162
1688993743064,-514370,4162
1688993743065,-514370,4162
1688993743067,-514370,4162
1688993743068,-514370,4162
1688993743070,-514370,4162
1688993743071,-514370,4162
1688993743073,-514370,4162
1688993743075,-514370,4162
1688993743076,-514370,4162
1688993743078,-514370,4162
1688993743080,-514370,4162
1688993743081,-514370,4162
1688993743083,-514370,4162
1688993743084,-514370,4162
1688993743086,-514370,4162
1688993743088,-514370,4162
1688993743090,-514370,4162
1688993743092,-514370,4162
1688993743094,-514370,4162
1688993743095,-514370,4162
1688993743097,-514370,4162
1688993743099,-514370,4162
1688993743100,-514370,4162
1688993743101,-514370,4162
1688993743102,-514370,4162
1688993743104,-514370,4162
1688993743106,-514370,4162
1688993743107,-514370,4162
1688993743108,-514370,4162
1688993743110,-514370,4162
1688993743112,-514370,4162
1688993743114,-514370,4162
1688993743116,-514370,4162
1688993743118,-514370,4162
1688993743119,-514370,4162
1688993743121,-514370,4162
1688993743124,-514370,4162
1688993743126,-514370,4162
1688993743128,-514370,4162
1688993743130,-514370,4162
1688993743131,-514370,4162
1688993743133,-514370,4162
1688993743135,-514370,4162
1688993743137,-514370,4162
1688993743138,-514370,4162
1688993743140,-514370,4162
1688993743142,-514370,4162
1688993743144,-514370,4162
1688993743145,-514370,4162
1688993743147,-514370,4162
1688993743148,-514370,4162
1688993743150,-514370,4162
1688993743151,-514370,4162
1688993743153,-514370,4162
1688993743155,-514370,4162
1688993743157,-514370,4162
1688993743159,-514370,4162
1688993743161,-514370,4162
1688993743163,-514370,4162
1688993743165,-514370,4162
1688993743167,-514370,4162
1688993743169,-514370,4162
1688993743170,-514370,4162
1688993743172,-514370,4162
1688993743174,-514370,4162
1688993743176,-514370,4162
1688993743178,-514370,4162
1688993743179,-514370,4162
1688993743181,-514370,4162
1688993743183,-514370,4162
1688993743185,-514370,4162
1688993743186,-514370,4162
1688993743188,-514370,4162
1688993743192,-514370,4162
1688993743194,-514370,4162
1688993743196,-514370,4162
1688993743197,-514370,4162
1688993743199,-514370,4162
1688993743201,-514370,4162
1688993743202,-514370,4162
1688993743204,-514370,4162
1688993743206,-514370,4162
1688993743207,-514370,4162
1688993743209,-514370,4162
1688993743211,-514370,4162
1688993743213,-514370,4162
1688993743215,-514370,4162
1688993743217,-514370,4162
1688993743218,-514370,4162
1688993743220,-514370,4162
1688993743222,-514370,4162
1688993743224,-514370,4162
1688993743226,-514370,4162
1688993743228,-514370,4162
1688993743230,-514370,4162
1688993743232,-514370,4162
1688993743233,-514370,4162
1688993743235,-514370,4162
1688993743236,-514370,4162
1688993743238,-514370,4162
1688993743239,-514370,4162
1688993743240,-514370,4162
1688993743242,-514370,4162
1688993743243,-514370,4162
1688993743245,-514370,4162
1688993743247,-514370,4162
1688993743248,-514370,4162
1688993743250,-514370,4162
1688993743252,-514370,4162
1688993743253,-514370,4162
1688993743255,-514370,4162
1688993743259,-514370,4162
1688993743261,-514370,4162
1688993743262,-514370,4162
1688993743264,-514370,4162
1688993743265,-514370,4162
1688993743267,-514370,4162
1688993743269,-514370,4162
1688993743271,-514370,4162
1688993743273,-514370,4162
1688993743274,-514370,4162
1688993743275,-514370,4162
1688993743277,-514370,4162
1688993743278,-514370,4162
1688993743280,-514370,4162
1688993743282,-514370,4162
1688993743283,-514370,4162
1688993743285,-514370,4162
1688993743286,-514370,4162
1688993743289,-514370,4162
1688993743291,-514370,4162
1688993743293,-514370,4162
1688993743294,-514370,4162
1688993743296,-514370,4162
1688993743297,-514370,4162
1688993743299,-514370,4162
1688993743301,-514370,4162
1688993743302,-514370,4162
1688993743304,-514370,4162
1688993743306,-514370,4162
1688993743307,-514370,4162
1688993743309,-514370,4162
1688993743311,-514370,4162
1688993743313,-514370,4162
1688993743315,-514370,4162
1688993743317,-514370,4162
1688993743319,-514370,4162
1688993743320,-514370,4162
1688993743322,-514370,4162
1688993743324,-514370,4162
1688993743326,-514370,4162
1688993743328,-514370,4162
1688993743330,-514370,4162
1688993743331,-514370,4162
1688993743333,-514370,4162
1688993743334,-514370,4162
1688993743336,-514370,4162
1688993743337,-514370,4162
1688993743338,-514370,4162
1688993743340,-514370,4162
1688993743342,-514370,4162
1688993743343,-514370,4162
1688993743345,-514370,4162
1688993743347,-514370,4162
1688993743348,-514370,4162
1688993743351,-514370,4162
1688993743352,-514370,4162
1688993743354,-514370,4162
1688993743357,-514370,4162
1688993743359,-514370,4162
1688993743360,-514370,4162
1688993743362,-514370,4162
1688993743363,-514370,4162
1688993743364,-514370,4162
1688993743366,-514370,4162
1688993743367,-514370,4162
1688993743369,-514370,4162
1688993743371,-514370,4162
1688993743372,-514370,4162
1688993743374,-514370,4162
1688993743375,-514370,4162
1688993743377,-514370,4162
1688993743378,-514370,4162
1688993743382,-514370,4162
1688993743384,-514370,4162
1688993743385,-514370,4162
1688993743387,-514370,4162
1688993743389,-514370,4162
1688993743393,-514370,4162
1688993743395,-514370,4162
1688993743397,-514370,4162
1688993743398,-514370,4162
1688993743400,-514370,4162
1688993743402,-514370,4162
1688993743404,-514370,4162
1688993743405,-514370,4162
1688993743407,-514370,4162
1688993743408,-514370,4162
1688993743411,-514370,4162
1688993743413,-514370,4162
1688993743414,-514370,4162
1688993743416,-514370,4162
1688993743418,-514370,4162
1688993743419,-514370,4162
1688993743421,-514370,4162
1688993743423,-514370,4162
1688993743425,-514370,4162
1688993743427,-514370,4162
1688993743429,-514370,4162
1688993743431,-514370,4162
1688993743432,-514370,4162
1688993743434,-514370,4162
1688993743435,-514370,4162
1688993743437,-514370,4162
1688993743438,-514370,4162
1688993743439,-514370,4162
1688993743441,-514370,4162
1688993743442,-514370,4162
1688993743444,-514370,4162
1688993743446,-514370,4162
1688993743448,-514370,4162
1688993743450,-514370,4162
1688993743451,-514370,4162
1688993743453,-514370,4162
1688993743455,-514370,4162
1688993743457,-514370,4162
1688993743459,-514370,4162
1688993743461,-514370,4162
1688993743463,-514370,4162
1688993743464,-514370,4162
1688993743466,-514370,4162
1688993743468,-514370,4162
1688993743470,-514370,4162
1688993743472,-514370,4162
1688993743473,-514370,4162
1688993743475,-514370,4162
1688993743476,-514370,4162
1688993743478,-514370,4162
1688993743480,-514370,4162
1688993743481,-514370,4162
1688993743483,-514370,4162
1688993743484,-514370,4162
1688993743486,-514370,4162
1688993743488,-514370,4162
1688993743491,-514370,4162
1688993743492,-514370,4162
1688993743494,-514370,4162
1688993743495,-514370,4162
1688993743497,-514370,4162
1688993743498,-514370,4162
1688993743499,-514370,4162
1688993743501,-514370,4162
1688993743502,-514370,4162
1688993743504,-514370,4162
1688993743505,-514370,4162
1688993743506,-514370,4162
1688993743508,-514370,4162
1688993743510,-514370,4162
1688993743512,-514370,4162
1688993743513,-514370,4162
1688993743515,-514370,4162
1688993743517,-514370,4162
1688993743518,-514370,4162
1688993743519,-514370,4162
1688993743523,-514370,4162
1688993743525,-514370,4162
1688993743527,-514370,4162
1688993743529,-514370,4162
1688993743531,-514370,4162
1688993743532,-514370,4162
1688993743534,-514370,4162
1688993743535,-514370,4162
1688993743538,-514370,4162
1688993743541,-514370,4162
1688993743542,-514370,4162
1688993743543,-514370,4162
1688993743545,-514370,4162
1688993743548,-514370,4162
1688993743549,-514370,4162
1688993743551,-514370,4162
1688993743552,-514370,4162
1688993743554,-514370,4162
1688993743557,-514370,4162
1688993743559,-514370,4162
1688993743561,-514370,4162
1688993743562,-514370,4162
1688993743564,-514370,4162
1688993743566,-514370,4162
1688993743567,-514370,4162
1688993743569,-514370,4162
1688993743570,-514370,4162
1688993743572,-514370,4162
1688993743573,-514370,4162
1688993743575,-514370,4162
1688993743576,-514370,4162
1688993743578,-514370,4162
1688993743579,-514370,4162
1688993743581,-514370,4162
1688993743582,-514370,4162
1688993743584,-514370,4162
1688993743586,-514370,4162
1688993743588,-514370,4162
1688993743590,-514370,4162
1688993743592,-514370,4162
1688993743594,-514370,4162
1688993743595,-514370,4162
1688993743597,-514370,4162
1688993743599,-514370,4162
1688993743601,-514370,4162
1688993743602,-514370,4162
1688993743604,-514370,4162
1688993743606,-514370,4162
1688993743608,-514370,4162
1688993743610,-514370,4162
1688993743611,-514370,4162
1688993743613,-514370,4162
1688993743614,-514370,4162
1688993743616,-514370,4162
1688993743618,-514370,4162
1688993743619,-514370,4162
1688993743621,-514370,4162
1688993743623,-514370,4162
1688993743625,-514370,4162
1688993743627,-514370,4162
1688993743629,-514370,4162
1688993743630,-514370,4162
1688993743632,-514370,4162
1688993743633,-514370,4162
1688993743634,-514370,4162
1688993743636,-514370,4162
1688993743637,-514370,4162
1688993743639,-514370,4162
1688993743640,-514370,4162
1688993743642,-514370,4162
1688993743644,-514370,4162
1688993743646,-514370,4162
1688993743648,-514370,4162
1688993743649,-514370,4162
1688993743651,-514370,4162
1688993743652,-514370,4162
1688993743654,-514370,4162
1688993743657,-514370,4162
1688993743659,-514370,4162
1688993743661,-514370,4162
1688993743662,-514370,4162
1688993743664,-514370,4162
1688993743667,-514370,4162
1688993743669,-514370,4162
1688993743670,-514370,4162
1688993743672,-514370,4162
1688993743674,-514370,4162
1688993743675,-514370,4162
1688993743677,-514370,4162
1688993743678,-514370,4162
1688993743680,-514370,4162
1688993743681,-514370,4162
1688993743683,-514370,4162
1688993743684,-514370,4162
1688993743686,-514370,4162
1688993743688,-514370,4162
1688993743690,-514370,4162
1688993743692,-514370,4162
1688993743694,-514370,4162
1688993743695,-514370,4162
1688993743700,-514370,4162
1688993743702,-514370,4162
1688993743703,-514370,4162
1688993743705,-514370,4162
1688993743706,-514370,4162
1688993743708,-514370,4162
1688993743709,-514370,4162
1688993743711,-514370,4162
1688993743713,-514370,4162
1688993743715,-514370,4162
1688993743716,-514370,4162
1688993743718,-514370,4162
1688993743719,-514370,4162
1688993743721,-514370,4162
1688993743724,-514370,4162
1688993743726,-514370,4162
1688993743728,-514370,4162
1688993743730,-514370,4162
1688993743731,-514370,4162
1688993743732,-514370,4162
1688993743734,-514370,4162
1688993743735,-514370,4162
1688993743737,-514370,4162
1688993743738,-514370,4162
1688993743740,-514370,4162
1688993743742,-514370,4162
1688993743743,-514370,4162
1688993743745,-514370,4162
1688993743747,-514370,4162
1688993743748,-514370,4162
1688993743750,-514370,4162
1688993743751,-514370,4162
1688993743753,-514370,4162
1688993743755,-514370,4162
1688993743757,-514370,4162
1688993743759,-514370,4162
1688993743761,-514370,4162
1688993743762,-514370,4162
1688993743764,-514370,4162
1688993743766,-514370,4162
1688993743768,-514370,4162
1688993743769,-514370,4162
1688993743770,-514370,4162
1688993743772,-514370,4162
1688993743774,-514370,4162
1688993743775,-514370,4162
1688993743777,-514370,4162
1688993743778,-514370,4162
1688993743780,-514370,4162
1688993743782,-514370,4162
1688993743784,-514370,4162
1688993743786,-514370,4162
1688993743788,-514370,4162
1688993743791,-514370,4162
1688993743794,-514370,4162
1688993743796,-514370,4162
1688993743798,-514370,4162
1688993743800,-514370,4162
1688993743805,-514370,4162
1688993743807,-514370,4162
1688993743809,-514370,4162
1688993743810,-514370,4162
1688993743812,-514370,4162
1688993743814,-514370,4162
1688993743816,-514370,4162
1688993743818,-514370,4162
1688993743819,-514370,4162
1688993743821,-514370,4162
1688993743825,-514370,4162
1688993743827,-514370,4162
1688993743829,-514370,4162
1688993743831,-514370,4162
1688993743832,-514370,4162
1688993743834,-514370,4162
1688993743835,-514370,4162
1688993743836,-514370,4162
1688993743838,-514370,4162
1688993743839,-514370,4162
1688993743841,-514370,4162
1688993743842,-514370,4162
1688993743844,-514370,4162
1688993743846,-514370,4162
1688993743848,-514370,4162
1688993743850,-514370,4162
1688993743851,-514370,4162
1688993743853,-514370,4162
1688993743854,-514370,4162
1688993743859,-514370,4162
1688993743861,-514370,4162
1688993743863,-514370,4162
1688993743864,-514370,4162
1688993743866,-514370,4162
1688993743867,-514370,4162
1688993743869,-514370,4162
1688993743870,-514370,4162
1688993743872,-514370,4162
1688993743874,-514370,4162
1688993743875,-514370,4162
1688993743876,-514370,4162
1688993743878,-514370,4162
1688993743880,-514370,4162
1688993743882,-514370,4162
1688993743884,-514370,4162
1688993743885,-514370,4162
1688993743887,-514370,4162
1688993743890,-514370,4162
1688993743892,-514370,4162
1688993743893,-514370,4162
1688993743895,-514370,4162
1688993743896,-514370,4162
1688993743898,-514370,4162
1688993743900,-514370,4162
1688993743901,-514370,4162
1688993743904,-514370,4162
1688993743905,-514370,4162
1688993743906,-514370,4162
1688993743908,-514370,4162
1688993743909,-514370,4162
1688993743911,-514370,4162
1688993743913,-514370,4162
1688993743914,-514370,4162
1688993743916,-514370,4162
1688993743918,-514370,4162
1688993743919,-514370,4162
1688993743921,-514370,4162
1688993743924,-514370,4162
1688993743926,-514370,4162
1688993743927,-514370,4162
1688993743929,-514370,4162
1688993743931,-514370,4162
1688993743932,-514370,4162
1688993743933,-514370,4162
1688993743935,-514370,4162
1688993743937,-514370,4162
1688993743938,-514370,4162
1688993743940,-514370,4162
1688993743941,-514370,4162
1688993743943,-514370,4162
1688993743944,-514370,4162
1688993743946,-514370,4162
1688993743948,-514370,4162
1688993743950,-514370,4162
1688993743951,-514370,4162
1688993743952,-514370,4162
1688993743956,-514370,4162
1688993743958,-514370,4162
1688993743960,-514370,4162
1688993743962,-514370,4162
1688993743964,-514370,4162
1688993743965,-514370,4162
1688993743967,-514370,4162
1688993743968,-514370,4162
1688993743969,-514370,4162
1688993743971,-514370,4162
1688993743972,-514370,4162
1688993743974,-514370,4162
1688993743975,-514370,4162
1688993743977,-514370,4162
1688993743979,-514370,4162
1688993743982,-514370,4162
1688993743983,-514370,4162
1688993743985,-514370,4162
1688993743987,-514370,4162
1688993743989,-514370,4162
1688993743992,-514370,4162
1688993743994,-514370,4162
1688993743997,-514370,4162
1688993743998,-514370,4162
1688993744000,-514370,4162
1688993744001,-514370,4162
1688993744003,-514370,4162
1688993744004,-514370,4162
1688993744006,-514370,4162
1688993744007,-514370,4162
1688993744009,-514370,4162
1688993744010,-514370,4162
1688993744011,-514370,4162
1688993744013,-514370,4162
1688993744015,-514370,4162
1688993744016,-514370,4162
1688993744018,-514370,4162
1688993744019,-514370,4162
1688993744022,-514370,4162
1688993744024,-514370,4162
1688993744025,-514370,4162
1688993744027,-514370,4162
1688993744029,-514370,4162
1688993744030,-514370,4162
1688993744034,-514370,4162
1688993744037,-514370,4162
1688993744038,-514370,4162
1688993744040,-514370,4162
1688993744042,-514370,4162
1688993744043,-514370,4162
1688993744045,-514370,4162
1688993744050,-514370,4162
1688993744052,-514370,4162
1688993744054,-514370,4162
1688993744058,-514370,4162
1688993744060,-514370,4162
1688993744062,-514370,4162
1688993744064,-514370,4162
1688993744065,-514370,4162
1688993744067,-514370,4162
1688993744068,-514370,4162
1688993744070,-514370,4162
1688993744072,-514370,4162
1688993744073,-514370,4162
1688993744075,-514370,4162
1688993744076,-514370,4162
1688993744078,-514370,4162
1688993744080,-514370,4162
1688993744082,-514370,4162
1688993744083,-514370,4162
1688993744085,-514370,4162
1688993744087,-514370,4162
1688993744090,-514370,4162
1688993744093,-514370,4162
1688993744094,-514370,4162
1688993744096,-514370,4162
1688993744098,-514370,4162
1688993744099,-514370,4162
1688993744101,-514370,4162
1688993744103,-514370,4162
1688993744104,-514370,4162
1688993744106,-514370,4162
1688993744107,-514370,4162
1688993744109,-514370,4162
1688993744110,-514370,4162
1688993744112,-514370,4162
1688993744114,-514370,4162
1688993744115,-514370,4162
1688993744117,-514370,4162
1688993744119,-514370,4162
1688993744121,-514370,4162
1688993744123,-514370,4162
1688993744125,-514370,4162
1688993744127,-514370,4162
1688993744129,-514370,4162
1688993744131,-514370,4162
1688993744132,-514370,4162
1688993744134,-514370,4162
1688993744135,-514370,4162
1688993744137,-514370,4162
1688993744139,-514370,4162
1688993744141,-514370,4162
1688993744142,-514370,4162
1688993744144,-514370,4162
1688993744145,-514370,4162
1688993744147,-514370,4162
1688993744149,-514370,4162
1688993744150,-514370,4162
1688993744152,-514370,4162
1688993744153,-514370,4162
1688993744155,-514370,4162
1688993744158,-514370,4162
1688993744160,-514370,4162
1688993744162,-514370,4162
1688993744163,-514370,4162
1688993744164,-514370,4162
1688993744165,-514370,4162
1688993744167,-514370,4162
1688993744169,-514370,4162
1688993744171,-514370,4162
1688993744172,-514370,4162
1688993744174,-514370,4162
1688993744175,-514370,4162
1688993744176,-514370,4162
1688993744178,-514370,4162
1688993744180,-514370,4162
1688993744182,-514370,4162
1688993744184,-514370,4162
1688993744185,-514370,4162
1688993744187,-514370,4162
1688993744189,-514370,4162
1688993744191,-514370,4162
1688993744193,-514370,4162
1688993744196,-514370,4162
1688993744197,-514370,4162
1688993744199,-514370,4162
1688993744201,-514370,4162
1688993744202,-514370,4162
1688993744203,-514370,4162
1688993744205,-514370,4162
1688993744206,-514370,4162
1688993744208,-514370,4162
1688993744209,-514370,4162
1688993744211,-514370,4162
1688993744212,-514370,4162
1688993744214,-514370,4162
1688993744216,-514370,4162
1688993744218,-514370,4162
1688993744220,-514370,4162
1688993744222,-514370,4162
1688993744224,-514370,4162
1688993744226,-514370,4162
1688993744227,-514370,4162
1688993744229,-514370,4162
1688993744230,-514370,4162
1688993744231,-514370,4162
1688993744233,-514370,4162
1688993744235,-514370,4162
1688993744238,-514370,4162
1688993744240,-514370,4162
1688993744241,-514370,4162
1688993744244,-514370,4162
1688993744246,-514370,4162
1688993744247,-514370,4162
1688993744249,-514370,4162
1688993744251,-514370,4162
1688993744252,-514370,4162
1688993744254,-514370,4162
1688993744256,-514370,4162
1688993744260,-514370,4162
1688993744262,-514370,4162
1688993744264,-514370,4162
1688993744265,-514370,4162
1688993744267,-514370,4162
1688993744269,-514370,4162
1688993744270,-514370,4162
1688993744272,-514370,4162
1688993744274,-514370,4162
1688993744275,-514370,4162
1688993744277,-514370,4162
1688993744279,-514370,4162
1688993744281,-514370,4162
1688993744282,-514370,4162
1688993744284,-514370,4162
1688993744285,-514370,4162
1688993744287,-514370,4162
1688993744289,-514370,4162
1688993744291,-514370,4162
1688993744293,-514370,4162
1688993744294,-514370,4162
1688993744296,-514370,4162
1688993744298,-514370,4162
1688993744299,-514370,4162
1688993744301,-514370,4162
1688993744302,-514370,4162
1688993744303,-514370,4162
1688993744305,-514370,4162
1688993744306,-514370,4162
1688993744307,-514370,4162
1688993744309,-514370,4162
1688993744311,-514370,4162
1688993744312,-514370,4162
1688993744314,-514370,4162
1688993744317,-514370,4162
1688993744318,-514370,4162
1688993744320,-514370,4162
1688993744322,-514370,4162
1688993744324,-514370,4162
1688993744326,-514370,4162
1688993744328,-514370,4162
1688993744330,-514370,4162
1688993744331,-514370,4162
1688993744333,-514370,4162
1688993744335,-514370,4162
1688993744337,-514370,4162
1688993744338,-514370,4162
1688993744340,-514370,4162
1688993744342,-514370,4162
1688993744344,-514370,4162
1688993744345,-514370,4162
1688993744347,-514370,4162
1688993744348,-514370,4162
1688993744350,-514370,4162
1688993744351,-514370,4162
1688993744353,-514370,4162
1688993744355,-514370,4162
1688993744358,-514370,4162
1688993744359,-514370,4162
1688993744361,-514370,4162
1688993744363,-514370,4162
1688993744364,-514370,4162
1688993744366,-514370,4162
1688993744368,-514370,4162
1688993744369,-514370,4162
1688993744371,-514370,4162
1688993744372,-514370,4162
1688993744374,-514370,4162
1688993744375,-514370,4162
1688993744377,-514370,4162
1688993744379,-514370,4162
1688993744382,-514370,4162
1688993744384,-514370,4162
1688993744386,-514370,4162
1688993744388,-514370,4162
1688993744391,-514370,4162
1688993744393,-514370,4162
1688993744395,-514370,4162
1688993744397,-514370,4162
1688993744399,-514370,4162
1688993744400,-514370,4162
1688993744402,-514370,4162
1688993744404,-514370,4162
1688993744406,-514370,4162
1688993744408,-514370,4162
1688993744409,-514370,4162
1688993744411,-514370,4162
1688993744413,-514370,4162
1688993744415,-514370,4162
1688993744417,-514370,4162
1688993744419,-514370,4162
1688993744421,-514370,4162
1688993744428,-514370,4162
1688993744430,-514370,4162
1688993744432,-514370,4162
1688993744434,-514370,4162
1688993744435,-514370,4162
1688993744437,-514370,4162
1688993744438,-514370,4162
1688993744440,-514370,4162
1688993744441,-514370,4162
1688993744443,-514370,4162
1688993744445,-514370,4162
1688993744447,-514370,4162
1688993744448,-514370,4162
1688993744449,-514370,4162
1688993744451,-514370,4162
1688993744452,-514370,4162
1688993744454,-514370,4162
1688993744456,-514370,4162
1688993744459,-514370,4162
1688993744461,-514370,4162
1688993744462,-514370,4162
1688993744464,-514370,4162
1688993744465,-514370,4162
1688993744467,-514370,4162
1688993744468,-514370,4162
1688993744470,-514370,4162
1688993744472,-514370,4162
1688993744474,-514370,4162
1688993744475,-514370,4162
1688993744477,-514370,4162
1688993744479,-514370,4162
1688993744481,-514370,4162
1688993744482,-514370,4162
1688993744484,-514370,4162
1688993744486,-514370,4162
1688993744488,-514370,4162
1688993744491,-514370,4162
1688993744493,-514370,4162
1688993744494,-514370,4162
1688993744496,-514370,4162
1688993744497,-514370,4162
1688993744498,-514370,4162
1688993744500,-514370,4162
1688993744502,-514370,4162
1688993744503,-514370,4162
1688993744505,-514370,4162
1688993744506,-514370,4162
1688993744507,-514370,4162
1688993744509,-514370,4162
1688993744510,-514370,4162
1688993744512,-514370,4162
1688993744514,-514370,4162
1688993744516,-514370,4162
1688993744518,-514370,4162
1688993744519,-514370,4162
1688993744521,-514370,4162
1688993744525,-514370,4162
1688993744527,-514370,4162
1688993744528,-514370,4162
1688993744530,-514370,4162
1688993744532,-514370,4162
1688993744534,-514370,4162
1688993744535,-514370,4162
1688993744537,-514370,4162
1688993744538,-514370,4162
1688993744540,-514370,4162
1688993744542,-514370,4162
1688993744545,-514370,4162
1688993744548,-514370,4162
1688993744550,-514370,4162
1688993744552,-514370,4162
1688993744554,-514370,4162
1688993744556,-514370,4162
1688993744558,-514370,4162
1688993744560,-514370,4162
1688993744562,-514370,4162
1688993744563,-514370,4162
1688993744565,-514370,4162
1688993744566,-514370,4162
1688993744568,-514370,4162
1688993744569,-514370,4162
1688993744571,-514370,4162
1688993744573,-514370,4162
1688993744574,-514370,4162
1688993744576,-514370,4162
1688993744578,-514370,4162
1688993744579,-514370,4162
1688993744581,-514370,4162
1688993744582,-514370,4162
1688993744583,-514370,4162
1688993744585,-514370,4162
1688993744586,-514370,4162
1688993744588,-514370,4162
1688993744592,-514370,4162
1688993744594,-514370,4162
1688993744595,-514370,4162
1688993744597,-514370,4162
1688993744599,-514370,4162
1688993744600,-514370,4162
1688993744602,-514370,4162
1688993744604,-514370,4162
1688993744605,-514370,4162
1688993744606,-514370,4162
1688993744608,-514370,4162
1688993744610,-514370,4162
1688993744612,-514370,4162
1688993744614,-514370,4162
1688993744616,-514370,4162
1688993744618,-514370,4162
1688993744619,-514370,4162
1688993744621,-514370,4162
1688993744623,-514370,4162
1688993744625,-514370,4162
1688993744627,-514370,4162
1688993744629,-514370,4162
1688993744631,-514370,4162
1688993744632,-514370,4162
1688993744634,-514370,4162
1688993744636,-514370,4162
1688993744637,-514370,4162
1688993744638,-514370,4162
1688993744640,-514370,4162
1688993744642,-514370,4162
1688993744643,-514370,4162
1688993744645,-514370,4162
1688993744646,-514370,4162
1688993744648,-514370,4162
1688993744650,-514370,4162
1688993744652,-514370,4162
1688993744654,-514370,4162
1688993744656,-514370,4162
1688993744658,-514370,4162
1688993744660,-514370,4162
1688993744662,-514370,4162
1688993744664,-514370,4162
1688993744665,-514370,4162
1688993744666,-514370,4162
1688993744668,-514370,4162
1688993744669,-514370,4162
1688993744671,-514370,4162
1688993744674,-514370,4162
1688993744675,-514370,4162
1688993744677,-514370,4162
1688993744679,-514370,4162
1688993744681,-514370,4162
1688993744682,-514370,4162
1688993744684,-514370,4162
1688993744685,-514370,4162
1688993744687,-514370,4162
1688993744689,-514370,4162
1688993744691,-514370,4162
1688993744693,-514370,4162
1688993744694,-514370,4162
1688993744695,-514370,4162
1688993744697,-514370,4162
1688993744699,-514370,4162
1688993744700,-514370,4162
1688993744702,-514370,4162
1688993744703,-514370,4162
1688993744704,-514370,4162
1688993744706,-514370,4162
1688993744707,-514370,4162
1688993744709,-514370,4162
1688993744711,-514370,4162
1688993744713,-514370,4162
1688993744715,-514370,4162
1688993744716,-514370,4162
1688993744718,-514370,4162
1688993744719,-514370,4162
1688993744721,-514370,4162
1688993744724,-514370,4162
1688993744725,-514370,4162
1688993744727,-514370,4162
1688993744729,-514370,4162
1688993744731,-514370,4162
1688993744733,-514370,4162
1688993744734,-514370,4162
1688993744736,-514370,4162
1688993744738,-514370,4162
1688993744739,-514370,4162
1688993744741,-514370,4162
1688993744743,-514370,4162
1688993744745,-514370,4162
1688993744746,-514370,4162
1688993744748,-514370,4162
1688993744750,-514370,4162
1688993744751,-514370,4162
1688993744753,-514370,4162
1688993744755,-514370,4162
1688993744758,-514370,4162
1688993744760,-514370,4162
1688993744761,-514370,4162
1688993744763,-514370,4162
1688993744764,-514370,4162
1688993744766,-514370,4162
1688993744768,-514370,4162
1688993744769,-514370,4162
1688993744771,-514370,4162
1688993744772,-514370,4162
1688993744774,-514370,4162
1688993744775,-514370,4162
1688993744777,-514370,4162
1688993744778,-514370,4162
1688993744780,-514370,4162
1688993744781,-514370,4162
1688993744783,-514370,4162
1688993744784,-514370,4162
1688993744786,-514370,4162
1688993744788,-514370,4162
1688993744791,-514370,4162
1688993744793,-514370,4162
1688993744795,-514370,4162
1688993744796,-514370,4162
1688993744798,-514370,4162
1688993744799,-514370,4162
1688993744801,-514370,4162
1688993744802,-514370,4162
1688993744804,-514370,4162
1688993744805,-514370,4162
1688993744807,-514370,4162
1688993744809,-514370,4162
1688993744811,-514370,4162
1688993744813,-514370,4162
1688993744814,-514370,4162
1688993744816,-514370,4162
1688993744818,-514370,4162
1688993744819,-514370,4162
1688993744821,-514370,4162
1688993744823,-514370,4162
1688993744826,-514370,4162
1688993744828,-514370,4162
1688993744829,-514370,4162
1688993744831,-514370,4162
1688993744832,-514370,4162
1688993744834,-514370,4162
1688993744836,-514370,4162
1688993744837,-514370,4162
1688993744839,-514370,4162
1688993744841,-514370,4162
1688993744842,-514370,4162
1688993744844,-514370,4162
1688993744846,-514370,4162
1688993744848,-514370,4162
1688993744850,-514370,4162
1688993744852,-514370,4162
1688993744854,-514370,4162
1688993744856,-514370,4162
1688993744858,-514370,4162
1688993744860,-514370,4162
1688993744861,-514370,4162
1688993744863,-514370,4162
1688993744864,-514370,4162
1688993744866,-514370,4162
1688993744868,-514370,4162
1688993744870,-514370,4162
1688993744871,-514370,4162
1688993744873,-514370,4162
1688993744874,-514370,4162
1688993744876,-514370,4162
1688993744877,-514370,4162
1688993744879,-514370,4162
1688993744881,-514370,4162
1688993744882,-514370,4162
1688993744883,-514370,4162
1688993744884,-514370,4162
1688993744886,-514370,4162
1688993744888,-514370,4162
1688993744894,-514370,4162
1688993744895,-514370,4162
1688993744897,-514370,4162
1688993744899,-514370,4162
1688993744900,-514370,4162
1688993744902,-514370,4162
1688993744904,-514370,4162
1688993744906,-514370,4162
1688993744907,-514370,4162
1688993744909,-514370,4162
1688993744911,-514370,4162
1688993744913,-514370,4162
1688993744914,-514370,4162
1688993744916,-514370,4162
1688993744918,-514370,4162
1688993744919,-514370,4162
1688993744921,-514370,4162
1688993744925,-514370,4162
1688993744927,-514370,4162
1688993744929,-514370,4162
1688993744931,-514370,4162
1688993744932,-514370,4162
1688993744934,-514370,4162
1688993744936,-514370,4162
1688993744937,-514370,4162
1688993744939,-514370,4162
1688993744941,-514370,4162
1688993744942,-514370,4162
1688993744944,-514370,4162
1688993744947,-514370,4162
1688993744948,-514370,4162
1688993744950,-514370,4162
1688993744951,-514370,4162
1688993744953,-514370,4162
1688993744955,-514370,4162
1688993744957,-514370,4162
1688993744959,-514370,4162
1688993744961,-514370,4162
1688993744963,-514370,4162
1688993744964,-514370,4162
1688993744966,-514370,4162
1688993744968,-514370,4162
1688993744969,-514370,4162
1688993744971,-514370,4162
1688993744972,-514370,4162
1688993744974,-514370,4162
1688993744976,-514370,4162
1688993744977,-514370,4162
1688993744979,-514370,4162
1688993744981,-514370,4162
1688993744982,-514370,4162
1688993744984,-514370,4162
1688993744986,-514370,4162
1688993744988,-514370,4162
1688993744990,-514370,4162
1688993744992,-514370,4162
1688993744994,-514370,4162
1688993744996,-514370,4162
1688993744998,-514370,4162
1688993744999,-514370,4162
1688993745001,-514370,4162
1688993745002,-514370,4162
1688993745004,-514370,4162
1688993745005,-514370,4162
1688993745007,-514370,4162
1688993745008,-514370,4162
1688993745010,-514370,4162
1688993745011,-514370,4162
1688993745013,-514370,4162
1688993745015,-514370,4162
1688993745016,-514370,4162
1688993745017,-514370,4162
1688993745019,-514370,4162
1688993745021,-514370,4162
1688993745023,-514370,4162
1688993745025,-514370,4162
1688993745027,-514370,4162
1688993745029,-514370,4162
1688993745031,-514370,4162
1688993745033,-514370,4162
1688993745035,-514370,4162
1688993745037,-514370,4162
1688993745038,-514370,4162
1688993745040,-514370,4162
1688993745042,-514370,4162
1688993745044,-514370,4162
1688993745046,-514370,4162
1688993745048,-514370,4162
1688993745050,-514370,4162
1688993745051,-514370,4162
1688993745053,-514370,4162
1688993745055,-514370,4162
1688993745058,-514370,4162
1688993745060,-514370,4162
1688993745061,-514370,4162
1688993745064,-514370,4162
1688993745066,-514370,4162
1688993745068,-514370,4162
1688993745069,-514370,4162
1688993745071,-514370,4162
1688993745072,-514370,4162
1688993745074,-514370,4162
1688993745076,-514370,4162
1688993745077,-514370,4162
1688993745079,-514370,4162
1688993745081,-514370,4162
1688993745082,-514370,4162
1688993745084,-514370,4162
1688993745085,-514370,4162
1688993745087,-514370,4162
1688993745090,-514370,4162
1688993745092,-514370,4162
1688993745094,-514370,4162
1688993745095,-514370,4162
1688993745097,-514370,4162
1688993745098,-514370,4162
1688993745100,-514370,4162
1688993745102,-514370,4162
1688993745104,-514370,4162
1688993745105,-514370,4162
1688993745107,-514370,4162
1688993745109,-514370,4162
1688993745111,-514370,4162
1688993745112,-514370,4162
1688993745114,-514370,4162
1688993745116,-514370,4162
1688993745117,-514370,4162
1688993745119,-514370,4162
1688993745121,-514370,4162
1688993745123,-514370,4162
1688993745125,-514370,4162
1688993745127,-514370,4162
1688993745129,-514370,4162
1688993745131,-514370,4162
1688993745132,-514370,4162
1688993745134,-514370,4162
1688993745135,-514370,4162
1688993745137,-514370,4162
1688993745138,-514370,4162
1688993745140,-514370,4162
1688993745142,-514370,4162
1688993745144,-514370,4162
1688993745146,-514370,4162
1688993745148,-514370,4162
1688993745149,-514370,4162
1688993745151,-514370,4162
1688993745152,-514370,4162
1688993745154,-514370,4162
1688993745157,-514370,4162
1688993745158,-514370,4162
1688993745160,-514370,4162
1688993745162,-514370,4162
1688993745163,-514370,4162
1688993745165,-514370,4162
1688993745166,-514370,4162
1688993745169,-514370,4162
1688993745170,-514370,4162
1688993745172,-514370,4162
1688993745173,-514370,4162
1688993745174,-514370,4162
1688993745176,-514370,4162
1688993745178,-514370,4162
1688993745179,-514370,4162
1688993745181,-514370,4162
1688993745184,-514370,4162
1688993745186,-514370,4162
1688993745188,-514370,4162
1688993745190,-514370,4162
1688993745192,-514370,4162
1688993745194,-514370,4162
1688993745195,-514370,4162
1688993745197,-514370,4162
1688993745198,-514370,4162
1688993745200,-514370,4162
1688993745202,-514370,4162
1688993745204,-514370,4162
1688993745206,-514370,4162
1688993745208,-514370,4162
1688993745210,-514370,4162
1688993745211,-514370,4162
1688993745213,-514370,4162
1688993745215,-514370,4162
1688993745216,-514370,4162
1688993745218,-514370,4162
1688993745219,-514370,4162
1688993745221,-514370,4162
1688993745224,-514370,4162
1688993745226,-514370,4162
1688993745227,-514370,4162
1688993745229,-514370,4162
1688993745230,-514370,4162
1688993745232,-514370,4162
1688993745234,-514370,4162
1688993745235,-514370,4162
1688993745237,-514370,4162
1688993745238,-514370,4162
1688993745239,-514370,4162
1688993745241,-514370,4162
1688993745243,-514370,4162
1688993745245,-514370,4162
1688993745247,-514370,4162
1688993745248,-514370,4162
1688993745250,-514370,4162
1688993745252,-514370,4162
1688993745253,-514370,4162
1688993745255,-514370,4162
1688993745258,-514370,4162
1688993745260,-514370,4162
1688993745263,-514370,4162
1688993745264,-514370,4162
1688993745266,-514370,4162
1688993745268,-514370,4162
1688993745269,-514370,4162
1688993745271,-514370,4162
1688993745272,-514370,4162
1688993745274,-514370,4162
1688993745275,-514370,4162
1688993745277,-514370,4162
1688993745279,-514370,4162
1688993745281,-514370,4162
1688993745282,-514370,4162
1688993745284,-514370,4162
1688993745285,-514370,4162
1688993745287,-514370,4162
1688993745290,-514370,4162
1688993745291,-514370,4162
1688993745293,-514370,4162
1688993745295,-514370,4162
1688993745296,-514370,4162
1688993745298,-514370,4162
1688993745299,-514370,4162
1688993745301,-514370,4162
1688993745302,-514370,4162
1688993745304,-514370,4162
1688993745306,-514370,4162
1688993745307,-514370,4162
1688993745309,-514370,4162
1688993745310,-514370,4162
1688993745312,-514370,4162
1688993745314,-514370,4162
1688993745315,-514370,4162
1688993745316,-514370,4162
1688993745318,-514370,4162
1688993745319,-514370,4162
1688993745321,-514370,4162
1688993745325,-514370,4162
1688993745327,-514370,4162
1688993745328,-514370,4162
1688993745329,-514370,4162
1688993745331,-514370,4162
1688993745332,-514370,4162
1688993745333,-514370,4162
1688993745334,-514370,4162
1688993745336,-514370,4162
1688993745337,-514370,4162
1688993745339,-514370,4162
1688993745341,-514370,4162
1688993745343,-514370,4162
1688993745344,-514370,4162
1688993745346,-514370,4162
1688993745348,-514370,4162
1688993745349,-514370,4162
1688993745350,-514370,4162
1688993745352,-514370,4162
1688993745354,-514370,4162
1688993745356,-514370,4162
1688993745358,-514370,4162
1688993745360,-514370,4162
1688993745361,-514370,4162
1688993745363,-514370,4162
1688993745365,-514370,4162
1688993745366,-514370,4162
1688993745368,-514370,4162
1688993745369,-514370,4162
1688993745371,-514370,4162
1688993745372,-514370,4162
1688993745373,-514370,4162
1688993745375,-514370,4162
1688993745377,-514370,4162
1688993745379,-514370,4162
1688993745381,-514370,4162
1688993745383,-514370,4162
1688993745384,-514370,4162
1688993745386,-514370,4162
1688993745388,-514370,4162
1688993745390,-514370,4162
1688993745392,-514370,4162
1688993745394,-514370,4162
1688993745396,-514370,4162
1688993745397,-514370,4162
1688993745399,-514370,4162
1688993745401,-514370,4162
1688993745403,-514370,4162
1688993745404,-514370,4162
1688993745406,-514370,4162
1688993745407,-514370,4162
1688993745409,-514370,4162
1688993745410,-514370,4162
1688993745412,-514370,4162
1688993745414,-514370,4162
1688993745415,-514370,4162
1688993745418,-514370,4162
1688993745419,-514370,4162
1688993745421,-514370,4162
1688993745424,-514370,4162
1688993745426,-514370,4162
1688993745429,-514370,4162
1688993745431,-514370,4162
1688993745432,-514370,4162
1688993745434,-514370,4162
1688993745435,-514370,4162
1688993745437,-514370,4162
1688993745438,-514370,4162
1688993745440,-514370,4162
1688993745441,-514370,4162
1688993745443,-514370,4162
1688993745445,-514370,4162
1688993745447,-514370,4162
1688993745448,-514370,4162
1688993745449,-514370,4162
1688993745451,-514370,4162
1688993745452,-514370,4162
1688993745454,-514370,4162
1688993745456,-514370,4162
1688993745458,-514370,4162
1688993745460,-514370,4162
1688993745462,-514370,4162
1688993745464,-514370,4162
1688993745466,-514370,4162
1688993745467,-514370,4162
1688993745469,-514370,4162
1688993745470,-514370,4162
1688993745472,-514370,4162
1688993745473,-514370,4162
1688993745474,-514370,4162
1688993745476,-514370,4162
1688993745478,-514370,4162
1688993745480,-514370,4162
1688993745482,-514370,4162
1688993745483,-514370,4162
1688993745485,-514370,4162
1688993745486,-514370,4162
1688993745489,-514370,4162
1688993745491,-514370,4162
1688993745492,-514370,4162
1688993745494,-514370,4162
1688993745496,-514370,4162
1688993745498,-514370,4162
1688993745499,-514370,4162
1688993745501,-514370,4162
1688993745502,-514370,4162
1688993745504,-514370,4162
1688993745506,-514370,4162
1688993745507,-514370,4162
1688993745509,-514370,4162
1688993745511,-514370,4162
1688993745514,-514370,4162
1688993745515,-514370,4162
1688993745518,-514370,4162
1688993745519,-514370,4162
1688993745521,-514370,4162
1688993745523,-514370,4162
1688993745525,-514370,4162
1688993745528,-514370,4162
1688993745529,-514370,4162
1688993745531,-514370,4162
1688993745532,-514370,4162
1688993745534,-514370,4162
1688993745536,-514370,4162
1688993745538,-514370,4162
1688993745540,-514370,4162
1688993745542,-514370,4162
1688993745544,-514370,4162
1688993745545,-514370,4162
1688993745547,-514370,4162
1688993745549,-514370,4162
1688993745550,-514370,4162
1688993745552,-514370,4162
1688993745554,-514370,4162
1688993745555,-514370,4162
1688993745558,-514370,4162
1688993745560,-514370,4162
1688993745561,-514370,4162
1688993745562,-514370,4162
1688993745564,-514370,4162
1688993745566,-514370,4162
1688993745567,-514370,4162
1688993745568,-514370,4162
1688993745570,-514370,4162
1688993745571,-514370,4162
1688993745573,-514370,4162
1688993745574,-514370,4162
1688993745575,-514370,4162
1688993745578,-514370,4162
1688993745579,-514370,4162
1688993745581,-514370,4162
1688993745582,-514370,4162
1688993745584,-514370,4162
1688993745585,-514370,4162
1688993745587,-514370,4162
1688993745589,-514370,4162
1688993745591,-514370,4162
1688993745593,-514370,4162
1688993745595,-514370,4162
1688993745597,-514370,4162
1688993745599,-514370,4162
1688993745600,-514370,4162
1688993745601,-514370,4162
1688993745603,-514370,4162
1688993745604,-514370,4162
1688993745606,-514370,4162
1688993745607,-514370,4162
1688993745609,-514370,4162
1688993745611,-514370,4162
1688993745613,-514370,4162
1688993745615,-514370,4162
1688993745616,-514370,4162
1688993745618,-514370,4162
1688993745619,-514370,4162
1688993745621,-514370,4162
1688993745623,-514370,4162
1688993745625,-514370,4162
1688993745627,-514370,4162
1688993745628,-514370,4162
1688993745630,-514370,4162
1688993745632,-514370,4162
1688993745634,-514370,4162
1688993745635,-514370,4162
1688993745637,-514370,4162
1688993745639,-514370,4162
1688993745640,-514370,4162
1688993745641,-514370,4162
1688993745643,-514370,4162
1688993745645,-514370,4162
1688993745646,-514370,4162
1688993745648,-514370,4162
1688993745649,-514370,4162
1688993745651,-514370,4162
1688993745652,-514370,4162
1688993745654,-514370,4162
1688993745657,-514370,4162
1688993745658,-514370,4162
1688993745660,-514370,4162
1688993745661,-514370,4162
1688993745663,-514370,4162
1688993745664,-514370,4162
1688993745666,-514370,4162
1688993745667,-514370,4162
1688993745669,-514370,4162
1688993745670,-514370,4162
1688993745672,-514370,4162
1688993745674,-514370,4162
1688993745675,-514370,4162
1688993745677,-514370,4162
1688993745679,-514370,4162
1688993745681,-514370,4162
1688993745682,-514370,4162
1688993745684,-514370,4162
1688993745686,-514370,4162
1688993745688,-514370,4162
1688993745690,-514370,4162
1688993745692,-514370,4162
1688993745694,-514370,4162
1688993745696,-514370,4162
1688993745698,-514370,4162
1688993745699,-514370,4162
1688993745701,-514370,4162
1688993745702,-514370,4162
1688993745704,-514370,4162
1688993745709,-514370,4162
1688993745711,-514370,4162
1688993745713,-514370,4162
1688993745715,-514370,4162
1688993745717,-514370,4162
1688993745719,-514370,4162
1688993745721,-514370,4162
1688993745725,-514370,4162
1688993745727,-514370,4162
1688993745729,-514370,4162
1688993745731,-514370,4162
1688993745733,-514370,4162
1688993745735,-514370,4162
1688993745737,-514370,4162
1688993745738,-514370,4162
1688993745739,-514370,4162
1688993745741,-514370,4162
1688993745742,-514370,4162
1688993745743,-514370,4162
1688993745745,-514370,4162
1688993745746,-514370,4162
1688993745748,-514370,4162
1688993745749,-514370,4162
1688993745750,-514370,4162
1688993745752,-514370,4162
1688993745754,-514370,4162
1688993745756,-514370,4162
1688993745758,-514370,4162
1688993745759,-514370,4162
1688993745761,-514370,4162
1688993745762,-514370,4162
1688993745763,-514370,4162
1688993745765,-514370,4162
1688993745766,-514370,4162
1688993745768,-514370,4162
1688993745769,-514370,4162
1688993745771,-514370,4162
1688993745772,-514370,4162
1688993745774,-514370,4162
1688993745775,-514370,4162
1688993745776,-514370,4162
1688993745778,-514370,4162
1688993745779,-514370,4162
1688993745782,-514370,4162
1688993745784,-514370,4162
1688993745785,-514370,4162
1688993745787,-514370,4162
1688993745789,-514370,4162
1688993745792,-514370,4162
1688993745794,-514370,4162
1688993745796,-514370,4162
1688993745797,-514370,4162
1688993745799,-514370,4162
1688993745801,-514370,4162
1688993745802,-514370,4162
1688993745804,-514370,4162
1688993745806,-514370,4162
1688993745807,-514370,4162
1688993745809,-514370,4162
1688993745811,-514370,4162
1688993745812,-514370,4162
1688993745814,-514370,4162
1688993745816,-514370,4162
1688993745818,-514370,4162
1688993745820,-514370,4162
1688993745823,-514370,4162
1688993745825,-514370,4162
1688993745827,-514370,4162
1688993745829,-514370,4162
1688993745831,-514370,4162
1688993745833,-514370,4162
1688993745834,-514370,4162
1688993745836,-514370,4162
1688993745837,-514370,4162
1688993745839,-514370,4162
1688993745841,-514370,4162
1688993745842,-514370,4162
1688993745844,-514370,4162
1688993745845,-514370,4162
1688993745847,-514370,4162
1688993745849,-514370,4162
1688993745851,-514370,4162
1688993745853,-514370,4162
1688993745855,-514370,4162
1688993745857,-514370,4162
1688993745859,-514370,4162
1688993745861,-514370,4162
1688993745863,-514370,4162
1688993745864,-514370,4162
1688993745866,-514370,4162
1688993745867,-514370,4162
1688993745869,-514370,4162
1688993745871,-514370,4162
1688993745873,-514370,4162
1688993745874,-514370,4162
1688993745876,-514370,4162
1688993745878,-514370,4162
1688993745880,-514370,4162
1688993745881,-514370,4162
1688993745883,-514370,4162
1688993745885,-514370,4162
1688993745886,-514370,4162
1688993745888,-514370,4162
1688993745891,-514370,4162
1688993745892,-514370,4162
1688993745894,-514370,4162
1688993745896,-514370,4162
1688993745897,-514370,4162
1688993745899,-514370,4162
1688993745901,-514370,4162
1688993745902,-514370,4162
1688993745904,-514370,4162
1688993745905,-514370,4162
1688993745907,-514370,4162
1688993745908,-514370,4162
1688993745910,-514370,4162
1688993745912,-514370,4162
1688993745915,-514370,4162
1688993745917,-514370,4162
1688993745918,-514370,4162
1688993745920,-514370,4162
1688993745923,-514370,4162
1688993745925,-514370,4162
1688993745927,-514370,4162
1688993745928,-514370,4162
1688993745930,-514370,4162
1688993745932,-514370,4162
1688993745934,-514370,4162
1688993745936,-514370,4162
1688993745937,-514370,4162
1688993745939,-514370,4162
1688993745941,-514370,4162
1688993745942,-514370,4162
1688993745944,-514370,4162
1688993745946,-514370,4162
1688993745948,-514370,4162
1688993745949,-514370,4162
1688993745951,-514370,4162
1688993745953,-514370,4162
1688993745955,-514370,4162
1688993745958,-514370,4162
1688993745960,-514370,4162
1688993745962,-514370,4162
1688993745963,-514370,4162
1688993745965,-514370,4162
1688993745967,-514370,4162
1688993745969,-514370,4162
1688993745970,-514370,4162
1688993745972,-514370,4162
1688993745975,-514370,4162
1688993745977,-514370,4162
1688993745979,-514370,4162
1688993745981,-514370,4162
1688993745982,-514370,4162
1688993745984,-514370,4162
1688993745986,-514370,4162
1688993745988,-514370,4162
1688993745993,-514370,4162
1688993745995,-514370,4162
1688993745996,-514370,4162
1688993745998,-514370,4162
1688993745999,-514370,4162
1688993746001,-514370,4162
1688993746002,-514370,4162
1688993746004,-514370,4162
1688993746006,-514370,4162
1688993746007,-514370,4162
1688993746009,-514370,4162
1688993746011,-514370,4162
1688993746013,-514370,4162
1688993746015,-514370,4162
1688993746016,-514370,4162
1688993746018,-514370,4162
1688993746020,-514370,4162
1688993746024,-514370,4162
1688993746026,-514370,4162
1688993746028,-514370,4162
1688993746029,-514370,4162
1688993746031,-514370,4162
1688993746032,-514370,4162
1688993746034,-514370,4162
1688993746036,-514370,4162
1688993746037,-514370,4162
1688993746039,-514370,4162
1688993746040,-514370,4162
1688993746041,-514370,4162
1688993746043,-514370,4162
1688993746045,-514370,4162
1688993746047,-514370,4162
1688993746048,-514370,4162
1688993746050,-514370,4162
1688993746052,-514370,4162
1688993746053,-514370,4162
1688993746055,-514370,4162
1688993746058,-514370,4162
1688993746060,-514370,4162
1688993746061,-514370,4162
1688993746063,-514370,4162
1688993746064,-514370,4162
1688993746065,-514370,4162
1688993746067,-514370,4162
1688993746069,-514370,4162
1688993746071,-514370,4162
1688993746072,-514370,4162
1688993746074,-514370,4162
1688993746076,-514370,4162
1688993746078,-514370,4162
1688993746080,-514370,4162
1688993746081,-514370,4162
1688993746083,-514370,4162
1688993746085,-514370,4162
1688993746086,-514370,4162
1688993746089,-514370,4162
1688993746091,-514370,4162
1688993746093,-514370,4162
1688993746095,-514370,4162
1688993746096,-514370,4162
1688993746098,-514370,4162
1688993746099,-514370,4162
1688993746101,-514370,4162
1688993746102,-514370,4162
1688993746104,-514370,4162
1688993746105,-514370,4162
1688993746107,-514370,4162
1688993746109,-514370,4162
1688993746111,-514370,4162
1688993746112,-514370,4162
1688993746114,-514370,4162
1688993746115,-514370,4162
1688993746117,-514370,4162
1688993746119,-514370,4162
1688993746121,-514370,4162
1688993746122,-514370,4162
1688993746124,-514370,4162
1688993746126,-514370,4162
1688993746128,-514370,4162
1688993746130,-514370,4162
1688993746132,-514370,4162
1688993746134,-514370,4162
1688993746135,-514370,4162
1688993746136,-514370,4162
1688993746138,-514370,4162
1688993746139,-514370,4162
1688993746141,-514370,4162
1688993746142,-514370,4162
1688993746144,-514370,4162
1688993746146,-514370,4162
1688993746148,-514370,4162
1688993746150,-514370,4162
1688993746151,-514370,4162
1688993746153,-514370,4162
1688993746155,-514370,4162
1688993746158,-514370,4162
1688993746159,-514370,4162
1688993746161,-514370,4162
1688993746162,-514370,4162
1688993746164,-514370,4162
1688993746165,-514370,4162
1688993746166,-514370,4162
1688993746168,-514370,4162
1688993746170,-514370,4162
1688993746171,-514370,4162
1688993746173,-514370,4162
1688993746174,-514370,4162
1688993746176,-514370,4162
1688993746178,-514370,4162
1688993746180,-514370,4162
1688993746181,-514370,4162
1688993746183,-514370,4162
1688993746184,-514370,4162
1688993746186,-514370,4162
1688993746188,-514370,4162
1688993746190,-514370,4162
1688993746192,-514370,4162
1688993746194,-514370,4162
1688993746195,-514370,4162
1688993746197,-514370,4162
1688993746198,-514370,4162
1688993746200,-514370,4162
1688993746201,-514370,4162
1688993746202,-514370,4162
1688993746204,-514370,4162
1688993746206,-514370,4162
1688993746208,-514370,4162
1688993746210,-514370,4162
1688993746211,-514370,4162
1688993746213,-514370,4162
1688993746214,-514370,4162
1688993746216,-514370,4162
1688993746218,-514370,4162
1688993746219,-514370,4162
1688993746221,-514370,4162
1688993746224,-514370,4162
1688993746227,-514370,4162
1688993746229,-514370,4162
1688993746231,-514370,4162
1688993746232,-514370,4162
1688993746234,-514370,4162
1688993746235,-514370,4162
1688993746237,-514370,4162
1688993746238,-514370,4162
1688993746239,-514370,4162
1688993746241,-514370,4162
1688993746242,-514370,4162
1688993746244,-514370,4162
1688993746246,-514370,4162
1688993746248,-514370,4162
1688993746250,-514370,4162
1688993746251,-514370,4162
1688993746252,-514370,4162
1688993746254,-514370,4162
1688993746256,-514370,4162
1688993746258,-514370,4162
1688993746260,-514370,4162
1688993746262,-514370,4162
1688993746263,-514370,4162
1688993746265,-514370,4162
1688993746267,-514370,4162
1688993746268,-514370,4162
1688993746270,-514370,4162
1688993746271,-514370,4162
1688993746272,-514370,4162
1688993746274,-514370,4162
1688993746276,-514370,4162
1688993746278,-514370,4162
1688993746279,-514370,4162
1688993746281,-514370,4162
1688993746283,-514370,4162
1688993746284,-514370,4162
1688993746286,-514370,4162
1688993746289,-514370,4162
1688993746291,-514370,4162
1688993746292,-514370,4162
1688993746294,-514370,4162
1688993746295,-514370,4162
1688993746297,-514370,4162
1688993746298,-514370,4162
1688993746300,-514370,4162
1688993746302,-514370,4162
1688993746304,-514370,4162
1688993746305,-514370,4162
1688993746307,-514370,4162
1688993746309,-514370,4162
1688993746311,-514370,4162
1688993746312,-514370,4162
1688993746314,-514370,4162
1688993746316,-514370,4162
1688993746318,-514370,4162
1688993746319,-514370,4162
1688993746322,-514370,4162
1688993746324,-514370,4162
1688993746327,-514370,4162
1688993746328,-514370,4162
1688993746330,-514370,4162
1688993746332,-514370,4162
1688993746334,-514370,4162
1688993746335,-514370,4162
1688993746337,-514370,4162
1688993746339,-514370,4162
1688993746341,-514370,4162
1688993746342,-514370,4162
1688993746344,-514370,4162
1688993746346,-514370,4162
1688993746347,-514370,4162
1688993746348,-514370,4162
1688993746350,-514370,4162
1688993746352,-514370,4162
1688993746353,-514370,4162
1688993746355,-514370,4162
1688993746357,-514370,4162
1688993746359,-514370,4162
1688993746362,-514370,4162
1688993746364,-514370,4162
1688993746365,-514370,4162
1688993746367,-514370,4162
1688993746369,-514370,4162
1688993746370,-514370,4162
1688993746372,-514370,4162
1688993746373,-514370,4162
1688993746375,-514370,4162
1688993746376,-514370,4162
1688993746378,-514370,4162
1688993746380,-514370,4162
1688993746381,-514370,4162
1688993746384,-514370,4162
1688993746385,-514370,4162
1688993746388,-514370,4162
1688993746390,-514370,4162
1688993746392,-514370,4162
1688993746394,-514370,4162
1688993746396,-514370,4162
1688993746397,-514370,4162
1688993746399,-514370,4162
1688993746401,-514370,4162
1688993746402,-514370,4162
1688993746404,-514370,4162
1688993746406,-514370,4162
1688993746407,-514370,4162
1688993746409,-514370,4162
1688993746410,-514370,4162
1688993746412,-514370,4162
1688993746414,-514370,4162
1688993746415,-514370,4162
1688993746417,-514370,4162
1688993746418,-514370,4162
1688993746419,-514370,4162
1688993746421,-514370,4162
1688993746424,-514370,4162
1688993746426,-514370,4162
1688993746428,-514370,4162
1688993746429,-514370,4162
1688993746431,-514370,4162
1688993746432,-514370,4162
1688993746434,-514370,4162
1688993746436,-514370,4162
1688993746437,-514370,4162
1688993746438,-514370,4162
1688993746440,-514370,4162
1688993746442,-514370,4162
1688993746444,-514370,4162
1688993746445,-514370,4162
1688993746447,-514370,4162
1688993746448,-514370,4162
1688993746450,-514370,4162
1688993746452,-514370,4162
1688993746453,-514370,4162
1688993746455,-514370,4162
1688993746458,-514370,4162
1688993746460,-514370,4162
1688993746461,-514370,4162
1688993746463,-514370,4162
1688993746465,-514370,4162
1688993746467,-514370,4162
1688993746469,-514370,4162
1688993746470,-514370,4162
1688993746472,-514370,4162
1688993746473,-514370,4162
1688993746474,-514370,4162
1688993746476,-514370,4162
1688993746477,-514370,4162
1688993746479,-514370,4162
1688993746481,-514370,4162
1688993746482,-514370,4162
1688993746484,-514370,4162
1688993746486,-514370,4162
1688993746488,-514370,4162
1688993746490,-514370,4162
1688993746492,-514370,4162
1688993746494,-514370,4162
1688993746495,-514370,4162
1688993746496,-514370,4162
1688993746497,-514370,4162
1688993746499,-514370,4162
1688993746500,-514370,4162
1688993746502,-514370,4162
1688993746504,-514370,4162
1688993746505,-514370,4162
1688993746506,-514370,4162
1688993746508,-514370,4162
1688993746509,-514370,4162
1688993746511,-514370,4162
1688993746513,-514370,4162
1688993746515,-514370,4162
1688993746516,-514370,4162
1688993746518,-514370,4162
1688993746520,-514370,4162
1688993746522,-514370,4162
1688993746525,-514370,4162
1688993746527,-514370,4162
1688993746528,-514370,4162
1688993746530,-514370,4162
1688993746532,-514370,4162
1688993746534,-514370,4162
1688993746535,-514370,4162
1688993746537,-514370,4162
1688993746538,-514370,4162
1688993746540,-514370,4162
1688993746541,-514370,4162
1688993746543,-514370,4162
1688993746545,-514370,4162
1688993746547,-514370,4162
1688993746548,-514370,4162
1688993746550,-514370,4162
1688993746551,-514370,4162
1688993746553,-514370,4162
1688993746554,-514370,4162
1688993746557,-514370,4162
1688993746559,-514370,4162
1688993746560,-514370,4162
1688993746562,-514370,4162
1688993746564,-514370,4162
1688993746565,-514370,4162
1688993746567,-514370,4162
1688993746568,-514370,4162
1688993746570,-514370,4162
1688993746571,-514370,4162
1688993746572,-514370,4162
1688993746574,-514370,4162
1688993746576,-514370,4162
1688993746577,-514370,4162
1688993746579,-514370,4162
1688993746581,-514370,4162
1688993746583,-514370,4162
1688993746584,-514370,4162
1688993746585,-514370,4162
1688993746587,-514370,4162
1688993746589,-514370,4162
1688993746592,-514370,4162
1688993746593,-514370,4162
1688993746595,-514370,4162
1688993746597,-514370,4162
1688993746599,-514370,4162
1688993746601,-514370,4162
1688993746602,-514370,4162
1688993746604,-514370,4162
1688993746605,-514370,4162
1688993746607,-514370,4162
1688993746609,-514370,4162
1688993746611,-514370,4162
1688993746613,-514370,4162
1688993746614,-514370,4162
1688993746616,-514370,4162
1688993746618,-514370,4162
1688993746620,-514370,4162
1688993746623,-514370,4162
1688993746625,-514370,4162
1688993746627,-514370,4162
1688993746629,-514370,4162
1688993746631,-514370,4162
1688993746633,-514370,4162
1688993746637,-514370,4162
1688993746639,-514370,4162
1688993746641,-514370,4162
1688993746642,-514370,4162
1688993746645,-514370,4162
1688993746647,-514370,4162
1688993746649,-514370,4162
1688993746650,-514370,4162
1688993746653,-514370,4162
1688993746660,-514370,4162
1688993746664,-514370,4162
1688993746666,-514370,4162
1688993746668,-514370,4162
1688993746669,-514370,4162
1688993746671,-514370,4162
1688993746673,-514370,4162
1688993746675,-514370,4162
1688993746676,-514370,4162
1688993746678,-514370,4162
1688993746680,-514370,4162
1688993746682,-514370,4162
1688993746684,-514370,4162
1688993746685,-514370,4162
1688993746687,-514370,4162
1688993746696,-514370,4162
1688993746698,-514370,4162
1688993746700,-514370,4162
1688993746701,-514370,4162
1688993746703,-514370,4162
1688993746704,-514370,4162
1688993746706,-514370,4162
1688993746707,-514370,4162
1688993746709,-514370,4162
1688993746710,-514370,4162
1688993746712,-514370,4162
1688993746714,-514370,4162
1688993746715,-514370,4162
1688993746717,-514370,4162
1688993746719,-514370,4162
1688993746724,-514370,4162
1688993746727,-514370,4162
1688993746729,-514370,4162
1688993746730,-514370,4162
1688993746732,-514370,4162
1688993746733,-514370,4162
1688993746735,-514370,4162
1688993746736,-514370,4162
1688993746738,-514370,4162
1688993746740,-514370,4162
1688993746742,-514370,4162
1688993746743,-514370,4162
1688993746745,-514370,4162
1688993746747,-514370,4162
1688993746748,-514370,4162
1688993746750,-514370,4162
1688993746751,-514370,4162
1688993746753,-514370,4162
1688993746755,-514370,4162
1688993746758,-514370,4162
1688993746760,-514370,4162
1688993746761,-514370,4162
1688993746763,-514370,4162
1688993746764,-514370,4162
1688993746766,-514370,4162
1688993746767,-514370,4162
1688993746769,-514370,4162
1688993746770,-514370,4162
1688993746772,-514370,4162
1688993746773,-514370,4162
1688993746775,-514370,4162
1688993746777,-514370,4162
1688993746779,-514370,4162
1688993746780,-514370,4162
1688993746782,-514370,4162
1688993746787,-514370,4162
1688993746788,-514370,4162
1688993746793,-514370,4162
1688993746794,-514370,4162
1688993746796,-514370,4162
1688993746798,-514370,4162
1688993746800,-514370,4162
1688993746801,-514370,4162
1688993746803,-514370,4162
1688993746804,-514370,4162
1688993746806,-514370,4162
1688993746807,-514370,4162
1688993746809,-514370,4162
1688993746810,-514370,4162
1688993746812,-514370,4162
1688993746814,-514370,4162
1688993746815,-514370,4162
1688993746817,-514370,4162
1688993746819,-514370,4162
1688993746821,-514370,4162
1688993746824,-514370,4162
1688993746825,-514370,4162
1688993746830,-514370,4162
1688993746831,-514370,4162
1688993746833,-514370,4162
1688993746834,-514370,4162
1688993746836,-514370,4162
1688993746838,-514370,4162
1688993746839,-514370,4162
1688993746841,-514370,4162
1688993746842,-514370,4162
1688993746844,-514370,4162
1688993746845,-514370,4162
1688993746847,-514370,4162
1688993746849,-514370,4162
1688993746850,-514370,4162
1688993746851,-514370,4162
1688993746853,-514370,4162
1688993746855,-514370,4162
1688993746859,-514370,4162
1688993746861,-514370,4162
1688993746863,-514370,4162
1688993746864,-514370,4162
1688993746867,-514370,4162
1688993746869,-514370,4162
1688993746872,-514370,4162
1688993746873,-514370,4162
1688993746874,-514370,4162
1688993746876,-514370,4162
1688993746878,-514370,4162
1688993746879,-514370,4162
1688993746881,-514370,4162
1688993746882,-514370,4162
1688993746883,-514370,4162
1688993746884,-514370,4162
1688993746886,-514370,4162
1688993746887,-514370,4162
1688993746890,-514370,4162
1688993746892,-514370,4162
1688993746894,-514370,4162
1688993746897,-514370,4162
1688993746898,-514370,4162
1688993746900,-514370,4162
1688993746901,-514370,4162
1688993746902,-514370,4162
1688993746904,-514370,4162
1688993746905,-514370,4162
1688993746906,-514370,4162
1688993746908,-514370,4162
1688993746909,-514370,4162
1688993746911,-514370,4162
1688993746912,-514370,4162
1688993746914,-514370,4162
1688993746915,-514370,4162
1688993746917,-514370,4162
1688993746918,-514370,4162
1688993746920,-514370,4162
1688993746922,-514370,4162
1688993746925,-514370,4162
1688993746926,-514370,4162
1688993746928,-514370,4162
1688993746929,-514370,4162
1688993746931,-514370,4162
1688993746932,-514370,4162
1688993746933,-514370,4162
1688993746935,-514370,4162
1688993746937,-514370,4162
1688993746938,-514370,4162
1688993746939,-514370,4162
1688993746941,-514370,4162
1688993746942,-514370,4162
1688993746944,-514370,4162
1688993746945,-514370,4162
1688993746946,-514370,4162
1688993746948,-514370,4162
1688993746949,-514370,4162
1688993746951,-514370,4162
1688993746952,-514370,4162
1688993746954,-514370,4162
1688993746955,-514370,4162
1688993746957,-514370,4162
1688993746959,-514370,4162
1688993746961,-514370,4162
1688993746962,-514370,4162
1688993746964,-514370,4162
1688993746965,-514370,4162
1688993746967,-514370,4162
1688993746968,-514370,4162
1688993746970,-514370,4162
1688993746972,-514370,4162
1688993746973,-514370,4162
1688993746975,-514370,4162
1688993746977,-514370,4162
1688993746979,-514370,4162
1688993746981,-514370,4162
1688993746982,-514370,4162
1688993746984,-514370,4162
1688993746985,-514370,4162
1688993746987,-514370,4162
1688993746988,-514370,4162
1688993746991,-514370,4162
1688993746993,-514370,4162
1688993746995,-514370,4162
1688993746997,-514370,4162
1688993746998,-514370,4162
1688993747000,-514370,4162
1688993747001,-514370,4162
1688993747003,-514370,4162
1688993747004,-514370,4162
1688993747006,-514370,4162
1688993747007,-514370,4162
1688993747009,-514370,4162
1688993747011,-514370,4162
1688993747012,-514370,4162
1688993747014,-514370,4162
1688993747016,-514370,4162
1688993747018,-514370,4162
1688993747019,-514370,4162
1688993747021,-514370,4162
1688993747023,-514370,4162
1688993747025,-514370,4162
1688993747027,-514370,4162
1688993747028,-514370,4162
1688993747030,-514370,4162
1688993747031,-514370,4162
1688993747032,-514370,4162
1688993747034,-514370,4162
1688993747036,-514370,4162
1688993747037,-514370,4162
1688993747039,-514370,4162
1688993747041,-514370,4162
1688993747042,-514370,4162
1688993747044,-514370,4162
1688993747045,-514370,4162
1688993747047,-514370,4162
1688993747049,-514370,4162
1688993747050,-514370,4162
1688993747052,-514370,4162
1688993747054,-514370,4162
1688993747057,-514370,4162
1688993747059,-514370,4162
1688993747061,-514370,4162
1688993747062,-514370,4162
1688993747064,-514370,4162
1688993747065,-514370,4162
1688993747067,-514370,4162
1688993747069,-514370,4162
1688993747070,-514370,4162
1688993747072,-514370,4162
1688993747073,-514370,4162
1688993747075,-514370,4162
1688993747077,-514370,4162
1688993747078,-514370,4162
1688993747080,-514370,4162
1688993747081,-514370,4162
1688993747083,-514370,4162
1688993747084,-514370,4162
1688993747085,-514370,4162
1688993747087,-514370,4162
1688993747090,-514370,4162
1688993747092,-514370,4162
1688993747094,-514370,4162
1688993747095,-514370,4162
1688993747097,-514370,4162
1688993747098,-514370,4162
1688993747100,-514370,4162
1688993747102,-514370,4162
1688993747103,-514370,4162
1688993747105,-514370,4162
1688993747107,-514370,4162
1688993747108,-514370,4162
1688993747110,-514370,4162
1688993747112,-514370,4162
1688993747114,-514370,4162
1688993747116,-514370,4162
1688993747118,-514370,4162
1688993747119,-514370,4162
1688993747121,-514370,4162
1688993747123,-514370,4162
1688993747126,-514370,4162
1688993747128,-514370,4162
1688993747129,-514370,4162
1688993747131,-514370,4162
1688993747133,-514370,4162
1688993747135,-514370,4162
1688993747136,-514370,4162
1688993747138,-514370,4162
1688993747139,-514370,4162
1688993747141,-514370,4162
1688993747142,-514370,4162
1688993747144,-514370,4162
1688993747145,-514370,4162
1688993747147,-514370,4162
1688993747149,-514370,4162
1688993747150,-514370,4162
1688993747152,-514370,4162
1688993747154,-514370,4162
1688993747156,-514370,4162
1688993747159,-514370,4162
1688993747160,-514370,4162
1688993747162,-514370,4162
1688993747163,-514370,4162
1688993747165,-514370,4162
1688993747166,-514370,4162
1688993747168,-514370,4162
1688993747170,-514370,4162
1688993747171,-514370,4162
1688993747173,-514370,4162
1688993747175,-514370,4162
1688993747177,-514370,4162
1688993747178,-514370,4162
1688993747180,-514370,4162
1688993747182,-514370,4162
1688993747183,-514370,4162
1688993747184,-514370,4162
1688993747186,-514370,4162
1688993747188,-514370,4162
1688993747190,-514370,4162
1688993747192,-514370,4162
1688993747194,-514370,4162
1688993747195,-514370,4162
1688993747197,-514370,4162
1688993747198,-514370,4162
1688993747200,-514370,4162
1688993747201,-514370,4162
1688993747202,-514370,4162
1688993747204,-514370,4162
1688993747205,-514370,4162
1688993747207,-514370,4162
1688993747209,-514370,4162
1688993747210,-514370,4162
1688993747212,-514370,4162
1688993747214,-514370,4162
1688993747216,-514370,4162
1688993747217,-514370,4162
1688993747219,-514370,4162
1688993747221,-514370,4162
1688993747224,-514370,4162
1688993747226,-514370,4162
1688993747228,-514370,4162
1688993747229,-514370,4162
1688993747231,-514370,4162
1688993747233,-514370,4162
1688993747234,-514370,4162
1688993747236,-514370,4162
1688993747237,-514370,4162
1688993747239,-514370,4162
1688993747240,-514370,4162
1688993747242,-514370,4162
1688993747243,-514370,4162
1688993747245,-514370,4162
1688993747246,-514370,4162
1688993747248,-514370,4162
1688993747250,-514370,4162
1688993747252,-514370,4162
1688993747254,-514370,4162
1688993747257,-514370,4162
1688993747258,-514370,4162
1688993747260,-514370,4162
1688993747262,-514370,4162
1688993747264,-514370,4162
1688993747265,-514370,4162
1688993747267,-514370,4162
1688993747268,-514370,4162
1688993747270,-514370,4162
1688993747272,-514370,4162
1688993747274,-514370,4162
1688993747276,-514370,4162
1688993747277,-514370,4162
1688993747279,-514370,4162
1688993747281,-514370,4162
1688993747282,-514370,4162
1688993747284,-514370,4162
1688993747285,-514370,4162
1688993747286,-514370,4162
1688993747289,-514370,4162
1688993747291,-514370,4162
1688993747293,-514370,4162
1688993747294,-514370,4162
1688993747296,-514370,4162
1688993747297,-514370,4162
1688993747299,-514370,4162
1688993747300,-514370,4162
1688993747302,-514370,4162
1688993747303,-514370,4162
1688993747305,-514370,4162
1688993747306,-514370,4162
1688993747308,-514370,4162
1688993747310,-514370,4162
1688993747312,-514370,4162
1688993747314,-514370,4162
1688993747315,-514370,4162
1688993747317,-514370,4162
1688993747319,-514370,4162
1688993747320,-514370,4162
1688993747322,-514370,4162
1688993747325,-514370,4162
1688993747327,-514370,4162
1688993747329,-514370,4162
1688993747331,-514370,4162
1688993747333,-514370,4162
1688993747334,-514370,4162
1688993747336,-514370,4162
1688993747337,-514370,4162
1688993747339,-514370,4162
1688993747340,-514370,4162
1688993747342,-514370,4162
1688993747343,-514370,4162
1688993747345,-514370,4162
1688993747347,-514370,4162
1688993747348,-514370,4162
1688993747350,-514370,4162
1688993747351,-514370,4162
1688993747353,-514370,4162
1688993747355,-514370,4162
1688993747357,-514370,4162
1688993747359,-514370,4162
1688993747363,-514370,4162
1688993747365,-514370,4162
1688993747366,-514370,4162
1688993747368,-514370,4162
1688993747370,-514370,4162
1688993747371,-514370,4162
1688993747373,-514370,4162
1688993747375,-514370,4162
1688993747376,-514370,4162
1688993747378,-514370,4162
1688993747380,-514370,4162
1688993747381,-514370,4162
1688993747383,-514370,4162
1688993747384,-514370,4162
1688993747386,-514370,4162
1688993747388,-514370,4162
1688993747390,-514370,4162
1688993747392,-514370,4162
1688993747394,-514370,4162
1688993747395,-514370,4162
1688993747397,-514370,4162
1688993747399,-514370,4162
1688993747400,-514370,4162
1688993747402,-514370,4162
1688993747404,-514370,4162
1688993747405,-514370,4162
1688993747406,-514370,4162
1688993747408,-514370,4162
1688993747410,-514370,4162
1688993747412,-514370,4162
1688993747414,-514370,4162
1688993747415,-514370,4162
1688993747417,-514370,4162
1688993747418,-514370,4162
1688993747420,-514370,4162
1688993747422,-514370,4162
1688993747424,-514370,4162
1688993747426,-514370,4162
1688993747428,-514370,4162
1688993747430,-514370,4162
1688993747431,-514370,4162
1688993747433,-514370,4162
1688993747434,-514370,4162
1688993747436,-514370,4162
1688993747437,-514370,4162
1688993747439,-514370,4162
1688993747440,-514370,4162
1688993747441,-514370,4162
1688993747443,-514370,4162
1688993747445,-514370,4162
1688993747446,-514370,4162
1688993747448,-514370,4162
1688993747450,-514370,4162
1688993747451,-514370,4162
1688993747453,-514370,4162
1688993747455,-514370,4162
1688993747457,-514370,4162
1688993747459,-514370,4162
1688993747461,-514370,4162
1688993747462,-514370,4162
1688993747464,-514370,4162
1688993747466,-514370,4162
1688993747468,-514370,4162
1688993747470,-514370,4162
1688993747472,-514370,4162
1688993747473,-514370,4162
1688993747475,-514370,4162
1688993747477,-514370,4162
1688993747479,-514370,4162
1688993747481,-514370,4162
1688993747482,-514370,4162
1688993747483,-514370,4162
1688993747485,-514370,4162
1688993747487,-514370,4162
1688993747489,-514370,4162
1688993747490,-514370,4162
1688993747492,-514370,4162
1688993747494,-514370,4162
1688993747496,-514370,4162
1688993747497,-514370,4162
1688993747499,-514370,4162
1688993747500,-514370,4162
1688993747502,-514370,4162
1688993747504,-514370,4162
1688993747505,-514370,4162
1688993747507,-514370,4162
1688993747509,-514370,4162
1688993747511,-514370,4162
1688993747512,-514370,4162
1688993747514,-514370,4162
1688993747516,-514370,4162
1688993747517,-514370,4162
1688993747519,-514370,4162
1688993747521,-514370,4162
1688993747523,-514370,4162
1688993747525,-514370,4162
1688993747527,-514370,4162
1688993747528,-514370,4162
1688993747530,-514370,4162
1688993747532,-514370,4162
1688993747533,-514370,4162
1688993747535,-514370,4162
1688993747536,-514370,4162
1688993747538,-514370,4162
1688993747539,-514370,4162
1688993747541,-514370,4162
1688993747542,-514370,4162
1688993747543,-514370,4162
1688993747545,-514370,4162
1688993747547,-514370,4162
1688993747549,-514370,4162
1688993747551,-514370,4162
1688993747553,-514370,4162
1688993747555,-514370,4162
1688993747558,-514370,4162
1688993747560,-514370,4162
1688993747561,-514370,4162
1688993747563,-514370,4162
1688993747564,-514370,4162
1688993747566,-514370,4162
1688993747568,-514370,4162
1688993747569,-514370,4162
1688993747571,-514370,4162
1688993747572,-514370,4162
1688993747574,-514370,4162
1688993747575,-514370,4162
1688993747577,-514370,4162
1688993747579,-514370,4162
1688993747581,-514370,4162
1688993747582,-514370,4162
1688993747584,-514370,4162
1688993747585,-514370,4162
1688993747588,-514370,4162
1688993747590,-514370,4162
1688993747592,-514370,4162
1688993747594,-514370,4162
1688993747596,-514370,4162
1688993747597,-514370,4162
1688993747599,-514370,4162
1688993747601,-514370,4162
1688993747602,-514370,4162
1688993747604,-514370,4162
1688993747605,-514370,4162
1688993747607,-514370,4162
1688993747609,-514370,4162
1688993747611,-514370,4162
1688993747612,-514370,4162
1688993747614,-514370,4162
1688993747615,-514370,4162
1688993747617,-514370,4162
1688993747618,-514370,4162
1688993747620,-514370,4162
1688993747622,-514370,4162
1688993747624,-514370,4162
1688993747626,-514370,4162
1688993747627,-514370,4162
1688993747629,-514370,4162
1688993747630,-514370,4162
1688993747632,-514370,4162
1688993747633,-514370,4162
1688993747634,-514370,4162
1688993747636,-514370,4162
1688993747637,-514370,4162
1688993747639,-514370,4162
1688993747640,-514370,4162
1688993747642,-514370,4162
1688993747643,-514370,4162
1688993747645,-514370,4162
1688993747647,-514370,4162
1688993747649,-514370,4162
1688993747650,-514370,4162
1688993747652,-514370,4162
1688993747653,-514370,4162
1688993747655,-514370,4162
1688993747658,-514370,4162
1688993747660,-514370,4162
1688993747662,-514370,4162
1688993747663,-514370,4162
1688993747665,-514370,4162
1688993747667,-514370,4162
1688993747668,-514370,4162
1688993747670,-514370,4162
1688993747671,-514370,4162
1688993747672,-514370,4162
1688993747674,-514370,4162
1688993747675,-514370,4162
1688993747677,-514370,4162
1688993747679,-514370,4162
1688993747681,-514370,4162
1688993747683,-514370,4162
1688993747685,-514370,4162
1688993747686,-514370,4162
1688993747688,-514370,4162
1688993747691,-514370,4162
1688993747692,-514370,4162
1688993747695,-514370,4162
1688993747696,-514370,4162
1688993747698,-514370,4162
1688993747700,-514370,4162
1688993747702,-514370,4162
1688993747703,-514370,4162
1688993747705,-514370,4162
1688993747707,-514370,4162
1688993747708,-514370,4162
1688993747710,-514370,4162
1688993747712,-514370,4162
1688993747714,-514370,4162
1688993747716,-514370,4162
1688993747717,-514370,4162
1688993747719,-514370,4162
1688993747721,-514370,4162
1688993747724,-514370,4162
1688993747726,-514370,4162
1688993747727,-514370,4162
1688993747729,-514370,4162
1688993747731,-514370,4162
1688993747732,-514370,4162
1688993747734,-514370,4162
1688993747736,-514370,4162
1688993747737,-514370,4162
1688993747739,-514370,4162
1688993747740,-514370,4162
1688993747742,-514370,4162
1688993747744,-514370,4162
1688993747746,-514370,4162
1688993747748,-514370,4162
1688993747749,-514370,4162
1688993747751,-514370,4162
1688993747752,-514370,4162
1688993747754,-514370,4162
1688993747756,-514370,4162
1688993747759,-514370,4162
1688993747761,-514370,4162
1688993747763,-514370,4162
1688993747764,-514370,4162
1688993747766,-514370,4162
1688993747768,-514370,4162
1688993747769,-514370,4162
1688993747771,-514370,4162
1688993747772,-514370,4162
1688993747774,-514370,4162
1688993747776,-514370,4162
1688993747778,-514370,4162
1688993747779,-514370,4162
1688993747781,-514370,4162
1688993747783,-514370,4162
1688993747785,-514370,4162
1688993747787,-514370,4162
1688993747789,-514370,4162
1688993747792,-514370,4162
1688993747794,-514370,4162
1688993747795,-514370,4162
1688993747797,-514370,4162
1688993747799,-514370,4162
1688993747800,-514370,4162
1688993747802,-514370,4162
1688993747804,-514370,4162
1688993747805,-514370,4162
1688993747807,-514370,4162
1688993747809,-514370,4162
1688993747811,-514370,4162
1688993747812,-514370,4162
1688993747814,-514370,4162
1688993747816,-514370,4162
1688993747817,-514370,4162
1688993747819,-514370,4162
1688993747821,-514370,4162
1688993747824,-514370,4162
1688993747825,-514370,4162
1688993747827,-514370,4162
1688993747829,-514370,4162
1688993747830,-514370,4162
1688993747832,-514370,4162
1688993747834,-514370,4162
1688993747835,-514370,4162
1688993747837,-514370,4162
1688993747838,-514370,4162
1688993747840,-514370,4162
1688993747841,-514370,4162
1688993747843,-514370,4162
1688993747845,-514370,4162
1688993747847,-514370,4162
1688993747849,-514370,4162
1688993747852,-514370,4162
1688993747854,-514370,4162
1688993747857,-514370,4162
1688993747859,-514370,4162
1688993747861,-514370,4162
1688993747863,-514370,4162
1688993747864,-514370,4162
1688993747867,-514370,4162
1688993747868,-514370,4162
1688993747870,-514370,4162
1688993747872,-514370,4162
1688993747874,-514370,4162
1688993747875,-514370,4162
1688993747877,-514370,4162
1688993747879,-514370,4162
1688993747881,-514370,4162
1688993747883,-514370,4162
1688993747885,-514370,4162
1688993747886,-514370,4162
1688993747889,-514370,4162
1688993747891,-514370,4162
1688993747893,-514370,4162
1688993747894,-514370,4162
1688993747896,-514370,4162
1688993747897,-514370,4162
1688993747899,-514370,4162
1688993747900,-514370,4162
1688993747902,-514370,4162
1688993747903,-514370,4162
1688993747905,-514370,4162
1688993747906,-514370,4162
1688993747908,-514370,4162
1688993747909,-514370,4162
1688993747911,-514370,4162
1688993747913,-514370,4162
1688993747914,-514370,4162
1688993747915,-514370,4162
1688993747917,-514370,4162
1688993747919,-514370,4162
1688993747921,-514370,4162
1688993747923,-514370,4162
1688993747925,-514370,4162
1688993747927,-514370,4162
1688993747929,-514370,4162
1688993747931,-514370,4162
1688993747932,-514370,4162
1688993747933,-514370,4162
1688993747934,-514370,4162
1688993747936,-514370,4162
1688993747937,-514370,4162
1688993747939,-514370,4162
1688993747941,-514370,4162
1688993747942,-514370,4162
1688993747944,-514370,4162
1688993747946,-514370,4162
1688993747947,-514370,4162
1688993747949,-514370,4162
1688993747950,-514370,4162
1688993747952,-514370,4162
1688993747954,-514370,4162
1688993747956,-514370,4162
1688993747958,-514370,4162
1688993747960,-514370,4162
1688993747962,-514370,4162
1688993747963,-514370,4162
1688993747965,-514370,4162
1688993747966,-514370,4162
1688993747968,-514370,4162
1688993747969,-514370,4162
1688993747971,-514370,4162
1688993747972,-514370,4162
1688993747974,-514370,4162
1688993747975,-514370,4162
1688993747977,-514370,4162
1688993747979,-514370,4162
1688993747981,-514370,4162
1688993747983,-514370,4162
1688993747985,-514370,4162
1688993747986,-514370,4162
1688993747988,-514370,4162
1688993747990,-514370,4162
1688993747992,-514370,4162
1688993747994,-514370,4162
1688993747995,-514370,4162
1688993747997,-514370,4162
1688993747999,-514370,4162
1688993748001,-514370,4162
1688993748003,-514370,4162
1688993748005,-514370,4162
1688993748006,-514370,4162
1688993748008,-514370,4162
1688993748010,-514370,4162
1688993748011,-514370,4162
1688993748012,-514370,4162
1688993748014,-514370,4162
1688993748016,-514370,4162
1688993748018,-514370,4162
1688993748019,-514370,4162
1688993748021,-514370,4162
1688993748024,-514370,4162
1688993748027,-514370,4162
1688993748028,-514370,4162
1688993748030,-514370,4162
1688993748032,-514370,4162
1688993748033,-514370,4162
1688993748035,-514370,4162
1688993748036,-514370,4162
1688993748038,-514370,4162
1688993748039,-514370,4162
1688993748041,-514370,4162
1688993748043,-514370,4162
1688993748044,-514370,4162
1688993748046,-514370,4162
1688993748047,-514370,4162
1688993748049,-514370,4162
1688993748051,-514370,4162
1688993748052,-514370,4162
1688993748054,-514370,4162
1688993748057,-514370,4162
1688993748059,-514370,4162
1688993748061,-514370,4162
1688993748062,-514370,4162
1688993748064,-514370,4162
1688993748066,-514370,4162
1688993748067,-514370,4162
1688993748069,-514370,4162
1688993748070,-514370,4162
1688993748072,-514370,4162
1688993748073,-514370,4162
1688993748075,-514370,4162
1688993748076,-514370,4162
1688993748078,-514370,4162
1688993748080,-514370,4162
1688993748082,-514370,4162
1688993748084,-514370,4162
1688993748085,-514370,4162
1688993748087,-514370,4162
1688993748089,-514370,4162
1688993748091,-514370,4162
1688993748093,-514370,4162
1688993748094,-514370,4162
1688993748096,-514370,4162
1688993748097,-514370,4162
1688993748099,-514370,4162
1688993748101,-514370,4162
1688993748102,-514370,4162
1688993748104,-514370,4162
1688993748105,-514370,4162
1688993748107,-514370,4162
1688993748109,-514370,4162
1688993748111,-514370,4162
1688993748112,-514370,4162
1688993748114,-514370,4162
1688993748116,-514370,4162
1688993748118,-514370,4162
1688993748120,-514370,4162
1688993748122,-514370,4162
1688993748124,-514370,4162
1688993748126,-514370,4162
1688993748128,-514370,4162
1688993748130,-514370,4162
1688993748131,-514370,4162
1688993748133,-514370,4162
1688993748135,-514370,4162
1688993748138,-514370,4162
1688993748141,-514370,4162
1688993748142,-514370,4162
1688993748144,-514370,4162
1688993748145,-514370,4162
1688993748147,-514370,4162
1688993748148,-514370,4162
1688993748150,-514370,4162
1688993748151,-514370,4162
1688993748153,-514370,4162
1688993748155,-514370,4162
1688993748157,-514370,4162
1688993748159,-514370,4162
1688993748161,-514370,4162
1688993748163,-514370,4162
1688993748164,-514370,4162
1688993748166,-514370,4162
1688993748168,-514370,4162
1688993748169,-514370,4162
1688993748171,-514370,4162
1688993748172,-514370,4162
1688993748173,-514370,4162
1688993748175,-514370,4162
1688993748177,-514370,4162
1688993748179,-514370,4162
1688993748181,-514370,4162
1688993748182,-514370,4162
1688993748184,-514370,4162
1688993748185,-514370,4162
1688993748187,-514370,4162
1688993748189,-514370,4162
1688993748191,-514370,4162
1688993748193,-514370,4162
1688993748194,-514370,4162
1688993748196,-514370,4162
1688993748198,-514370,4162
1688993748200,-514370,4162
1688993748201,-514370,4162
1688993748202,-514370,4162
1688993748204,-514370,4162
1688993748205,-514370,4162
1688993748207,-514370,4162
1688993748208,-514370,4162
1688993748210,-514370,4162
1688993748212,-514370,4162
1688993748214,-514370,4162
1688993748215,-514370,4162
1688993748217,-514370,4162
1688993748219,-514370,4162
1688993748221,-514370,4162
1688993748224,-514370,4162
1688993748226,-514370,4162
1688993748227,-514370,4162
1688993748229,-514370,4162
1688993748230,-514370,4162
1688993748232,-514370,4162
1688993748233,-514370,4162
1688993748235,-514370,4162
1688993748236,-514370,4162
1688993748238,-514370,4162
1688993748239,-514370,4162
1688993748241,-514370,4162
1688993748242,-514370,4162
1688993748245,-514370,4162
1688993748247,-514370,4162
1688993748248,-514370,4162
1688993748249,-514370,4162
1688993748251,-514370,4162
1688993748252,-514370,4162
1688993748254,-514370,4162
1688993748257,-514370,4162
1688993748259,-514370,4162
1688993748261,-514370,4162
1688993748262,-514370,4162
1688993748264,-514370,4162
1688993748265,-514370,4162
1688993748267,-514370,4162
1688993748269,-514370,4162
1688993748270,-514370,4162
1688993748272,-514370,4162
1688993748273,-514370,4162
1688993748275,-514370,4162
1688993748277,-514370,4162
1688993748279,-514370,4162
1688993748280,-514370,4162
1688993748282,-514370,4162
1688993748283,-514370,4162
1688993748284,-514370,4162
1688993748286,-514370,4162
1688993748288,-514370,4162
1688993748290,-514370,4162
1688993748292,-514370,4162
1688993748293,-514370,4162
1688993748295,-514370,4162
1688993748297,-514370,4162
1688993748298,-514370,4162
1688993748300,-514370,4162
1688993748301,-514370,4162
1688993748302,-514370,4162
1688993748304,-514370,4162
1688993748305,-514370,4162
1688993748307,-514370,4162
1688993748308,-514370,4162
1688993748310,-514370,4162
1688993748312,-514370,4162
1688993748314,-514370,4162
1688993748316,-514370,4162
1688993748318,-514370,4162
1688993748319,-514370,4162
1688993748321,-514370,4162
1688993748323,-514370,4162
1688993748327,-514370,4162
1688993748329,-514370,4162
1688993748330,-514370,4162
1688993748331,-514370,4162
1688993748333,-514370,4162
1688993748335,-514370,4162
1688993748337,-514370,4162
1688993748338,-514370,4162
1688993748340,-514370,4162
1688993748341,-514370,4162
1688993748342,-514370,4162
1688993748344,-514370,4162
1688993748346,-514370,4162
1688993748348,-514370,4162
1688993748349,-514370,4162
1688993748351,-514370,4162
1688993748352,-514370,4162
1688993748354,-514370,4162
1688993748358,-514370,4162
1688993748360,-514370,4162
1688993748361,-514370,4162
1688993748363,-514370,4162
1688993748364,-514370,4162
1688993748366,-514370,4162
1688993748367,-514370,4162
1688993748369,-514370,4162
1688993748371,-514370,4162
1688993748372,-514370,4162
1688993748374,-514370,4162
1688993748375,-514370,4162
1688993748377,-514370,4162
1688993748379,-514370,4162
1688993748381,-514370,4162
1688993748382,-514370,4162
1688993748384,-514370,4162
1688993748385,-514370,4162
1688993748387,-514370,4162
1688993748389,-514370,4162
1688993748391,-514370,4162
1688993748394,-514370,4162
1688993748396,-514370,4162
1688993748397,-514370,4162
1688993748399,-514370,4162
1688993748401,-514370,4162
1688993748402,-514370,4162
1688993748403,-514370,4162
1688993748405,-514370,4162
1688993748406,-514370,4162
1688993748408,-514370,4162
1688993748409,-514370,4162
1688993748411,-514370,4162
1688993748412,-514370,4162
1688993748415,-514370,4162
1688993748416,-514370,4162
1688993748418,-514370,4162
1688993748419,-514370,4162
1688993748421,-514370,4162
1688993748423,-514370,4162
1688993748425,-514370,4162
1688993748427,-514370,4162
1688993748428,-514370,4162
1688993748430,-514370,4162
1688993748431,-514370,4162
1688993748432,-514370,4162
1688993748435,-514370,4162
1688993748436,-514370,4162
1688993748438,-514370,4162
1688993748439,-514370,4162
1688993748441,-514370,4162
1688993748442,-514370,4162
1688993748444,-514370,4162
1688993748445,-514370,4162
1688993748447,-514370,4162
1688993748448,-514370,4162
1688993748450,-514370,4162
1688993748451,-514370,4162
1688993748453,-514370,4162
1688993748455,-514370,4162
1688993748458,-514370,4162
1688993748459,-514370,4162
1688993748461,-514370,4162
1688993748463,-514370,4162
1688993748464,-514370,4162
1688993748466,-514370,4162
1688993748467,-514370,4162
1688993748469,-514370,4162
1688993748470,-514370,4162
1688993748472,-514370,4162
1688993748474,-514370,4162
1688993748475,-514370,4162
1688993748476,-514370,4162
1688993748478,-514370,4162
1688993748479,-514370,4162
1688993748481,-514370,4162
1688993748482,-514370,4162
1688993748483,-514370,4162
1688993748485,-514370,4162
1688993748487,-514370,4162
1688993748488,-514370,4162
1688993748491,-514370,4162
1688993748493,-514370,4162
1688993748495,-514370,4162
1688993748496,-514370,4162
1688993748498,-514370,4162
1688993748499,-514370,4162
1688993748501,-514370,4162
1688993748502,-514370,4162
1688993748504,-514370,4162
1688993748505,-514370,4162
1688993748507,-514370,4162
1688993748509,-514370,4162
1688993748511,-514370,4162
1688993748513,-514370,4162
1688993748514,-514370,4162
1688993748516,-514370,4162
1688993748517,-514370,4162
1688993748519,-514370,4162
1688993748520,-514370,4162
1688993748522,-514370,4162
1688993748525,-514370,4162
1688993748526,-514370,4162
1688993748528,-514370,4162
1688993748529,-514370,4162
1688993748531,-514370,4162
1688993748533,-514370,4162
1688993748534,-514370,4162
1688993748536,-514370,4162
1688993748537,-514370,4162
1688993748539,-514370,4162
1688993748540,-514370,4162
1688993748542,-514370,4162
1688993748543,-514370,4162
1688993748545,-514370,4162
1688993748547,-514370,4162
1688993748549,-514370,4162
1688993748551,-514370,4162
1688993748552,-514370,4162
1688993748555,-514370,4162
1688993748557,-514370,4162
1688993748559,-514370,4162
1688993748561,-514370,4162
1688993748562,-514370,4162
1688993748564,-514370,4162
1688993748566,-514370,4162
1688993748567,-514370,4162
1688993748569,-514370,4162
1688993748571,-514370,4162
1688993748572,-514370,4162
1688993748574,-514370,4162
1688993748576,-514370,4162
1688993748577,-514370,4162
1688993748579,-514370,4162
1688993748581,-514370,4162
1688993748582,-514370,4162
1688993748584,-514370,4162
1688993748585,-514370,4162
1688993748587,-514370,4162
1688993748589,-514370,4162
1688993748592,-514370,4162
1688993748596,-514370,4162
1688993748598,-514370,4162
1688993748599,-514370,4162
1688993748601,-514370,4162
1688993748603,-514370,4162
1688993748605,-514370,4162
1688993748606,-514370,4162
1688993748608,-514370,4162
1688993748610,-514370,4162
1688993748612,-514370,4162
1688993748614,-514370,4162
1688993748615,-514370,4162
1688993748617,-514370,4162
1688993748619,-514370,4162
1688993748620,-514370,4162
1688993748622,-514370,4162
1688993748625,-514370,4162
1688993748626,-514370,4162
1688993748628,-514370,4162
1688993748629,-514370,4162
1688993748631,-514370,4162
1688993748632,-514370,4162
1688993748634,-514370,4162
1688993748635,-514370,4162
1688993748637,-514370,4162
1688993748639,-514370,4162
1688993748640,-514370,4162
1688993748642,-514370,4162
1688993748644,-514370,4162
1688993748645,-514370,4162
1688993748647,-514370,4162
1688993748649,-514370,4162
1688993748652,-514370,4162
1688993748653,-514370,4162
1688993748655,-514370,4162
1688993748661,-514370,4162
1688993748662,-514370,4162
1688993748664,-514370,4162
1688993748666,-514370,4162
1688993748668,-514370,4162
1688993748669,-514370,4162
1688993748671,-514370,4162
1688993748673,-514370,4162
1688993748674,-514370,4162
1688993748676,-514370,4162
1688993748677,-514370,4162
1688993748679,-514370,4162
1688993748681,-514370,4162
1688993748683,-514370,4162
1688993748688,-514370,4162
1688993748691,-514370,4162
1688993748693,-514370,4162
1688993748695,-514370,4162
1688993748696,-514370,4162
1688993748698,-514370,4162
1688993748700,-514370,4162
1688993748702,-514370,4162
1688993748704,-514370,4162
1688993748706,-514370,4162
1688993748708,-514370,4162
1688993748710,-514370,4162
1688993748712,-514370,4162
1688993748714,-514370,4162
1688993748716,-514370,4162
1688993748718,-514370,4162
1688993748719,-514370,4162
1688993748724,-514370,4162
1688993748726,-514370,4162
1688993748730,-514370,4162
1688993748731,-514370,4162
1688993748733,-514370,4162
1688993748735,-514370,4162
1688993748736,-514370,4162
1688993748738,-514370,4162
1688993748739,-514370,4162
1688993748741,-514370,4162
1688993748742,-514370,4162
1688993748744,-514370,4162
1688993748746,-514370,4162
1688993748748,-514370,4162
1688993748750,-514370,4162
1688993748751,-514370,4162
1688993748753,-514370,4162
1688993748755,-514370,4162
1688993748758,-514370,4162
1688993748760,-514370,4162
1688993748762,-514370,4162
1688993748763,-514370,4162
1688993748765,-514370,4162
1688993748767,-514370,4162
1688993748769,-514370,4162
1688993748770,-514370,4162
1688993748772,-514370,4162
1688993748774,-514370,4162
1688993748775,-514370,4162
1688993748777,-514370,4162
1688993748779,-514370,4162
1688993748781,-514370,4162
1688993748782,-514370,4162
1688993748784,-514370,4162
1688993748786,-514370,4162
1688993748788,-514370,4162
1688993748791,-514370,4162
1688993748793,-514370,4162
1688993748795,-514370,4162
1688993748797,-514370,4162
1688993748798,-514370,4162
1688993748800,-514370,4162
1688993748801,-514370,4162
1688993748803,-514370,4162
1688993748804,-514370,4162
1688993748806,-514370,4162
1688993748808,-514370,4162
1688993748810,-514370,4162
1688993748811,-514370,4162
1688993748813,-514370,4162
1688993748814,-514370,4162
1688993748816,-514370,4162
1688993748818,-514370,4162
1688993748819,-514370,4162
1688993748821,-514370,4162
1688993748824,-514370,4162
1688993748826,-514370,4162
1688993748828,-514370,4162
1688993748829,-514370,4162
1688993748831,-514370,4162
1688993748832,-514370,4162
1688993748834,-514370,4162
1688993748835,-514370,4162
1688993748837,-514370,4162
1688993748838,-514370,4162
1688993748840,-514370,4162
1688993748841,-514370,4162
1688993748843,-514370,4162
1688993748845,-514370,4162
1688993748847,-514370,4162
1688993748848,-514370,4162
1688993748850,-514370,4162
1688993748851,-514370,4162
1688993748852,-514370,4162
1688993748855,-514370,4162
1688993748859,-514370,4162
1688993748860,-514370,4162
1688993748862,-514370,4162
1688993748864,-514370,4162
1688993748866,-514370,4162
1688993748868,-514370,4162
1688993748869,-514370,4162
1688993748871,-514370,4162
1688993748872,-514370,4162
1688993748874,-514370,4162
1688993748875,-514370,4162
1688993748877,-514370,4162
1688993748878,-514370,4162
1688993748880,-514370,4162
1688993748881,-514370,4162
1688993748883,-514370,4162
1688993748884,-514370,4162
1688993748886,-514370,4162
1688993748888,-514370,4162
1688993748890,-514370,4162
1688993748892,-514370,4162
1688993748894,-514370,4162
1688993748895,-514370,4162
1688993748897,-514370,4162
1688993748898,-514370,4162
1688993748900,-514370,4162
1688993748901,-514370,4162
1688993748903,-514370,4162
1688993748904,-514370,4162
1688993748906,-514370,4162
1688993748908,-514370,4162
1688993748909,-514370,4162
1688993748911,-514370,4162
1688993748912,-514370,4162
1688993748914,-514370,4162
1688993748916,-514370,4162
1688993748917,-514370,4162
1688993748918,-514370,4162
1688993748920,-514370,4162
1688993748922,-514370,4162
1688993748925,-514370,4162
1688993748927,-514370,4162
1688993748929,-514370,4162
1688993748931,-514370,4162
1688993748932,-514370,4162
1688993748934,-514370,4162
1688993748935,-514370,4162
1688993748936,-514370,4162
1688993748938,-514370,4162
1688993748939,-514370,4162
1688993748940,-514370,4162
1688993748942,-514370,4162
1688993748943,-514370,4162
1688993748945,-514370,4162
1688993748947,-514370,4162
1688993748949,-514370,4162
1688993748950,-514370,4162
1688993748952,-514370,4162
1688993748953,-514370,4162
1688993748955,-514370,4162
1688993748958,-514370,4162
1688993748959,-514370,4162
1688993748961,-514370,4162
1688993748962,-514370,4162
1688993748964,-514370,4162
1688993748965,-514370,4162
1688993748967,-514370,4162
1688993748969,-514370,4162
1688993748971,-514370,4162
1688993748972,-514370,4162
1688993748974,-514370,4162
1688993748975,-514370,4162
1688993748977,-514370,4162
1688993748978,-514370,4162
1688993748980,-514370,4162
1688993748981,-514370,4162
1688993748983,-514370,4162
1688993748985,-514370,4162
1688993748989,-514370,4162
1688993748991,-514370,4162
1688993748993,-514370,4162
1688993748995,-514370,4162
1688993748997,-514370,4162
1688993748999,-514370,4162
1688993749001,-514370,4162
1688993749002,-514370,4162
1688993749004,-514370,4162
1688993749006,-514370,4162
1688993749008,-514370,4162
1688993749009,-514370,4162
1688993749011,-514370,4162
1688993749013,-514370,4162
1688993749015,-514370,4162
1688993749016,-514370,4162
1688993749018,-514370,4162
1688993749020,-514370,4162
1688993749022,-514370,4162
1688993749024,-514370,4162
1688993749026,-514370,4162
1688993749028,-514370,4162
1688993749029,-514370,4162
1688993749031,-514370,4162
1688993749032,-514370,4162
1688993749034,-514370,4162
1688993749035,-514370,4162
1688993749037,-514370,4162
1688993749039,-514370,4162
1688993749040,-514370,4162
1688993749042,-514370,4162
1688993749044,-514370,4162
1688993749046,-514370,4162
1688993749048,-514370,4162
1688993749049,-514370,4162
1688993749051,-514370,4162
1688993749052,-514370,4162
1688993749054,-514370,4162
1688993749056,-514370,4162
1688993749058,-514370,4162
1688993749060,-514370,4162
1688993749062,-514370,4162
1688993749063,-514370,4162
1688993749065,-514370,4162
1688993749067,-514370,4162
1688993749068,-514370,4162
1688993749070,-514370,4162
1688993749071,-514370,4162
1688993749073,-514370,4162
1688993749074,-514370,4162
1688993749076,-514370,4162
1688993749077,-514370,4162
1688993749079,-514370,4162
1688993749081,-514370,4162
1688993749083,-514370,4162
1688993749085,-514370,4162
1688993749086,-514370,4162
1688993749089,-514370,4162
1688993749091,-514370,4162
1688993749093,-514370,4162
1688993749095,-514370,4162
1688993749096,-514370,4162
1688993749098,-514370,4162
1688993749099,-514370,4162
1688993749101,-514370,4162
1688993749102,-514370,4162
1688993749104,-514370,4162
1688993749105,-514370,4162
1688993749107,-514370,4162
1688993749109,-514370,4162
1688993749111,-514370,4162
1688993749113,-514370,4162
1688993749114,-514370,4162
1688993749116,-514370,4162
1688993749118,-514370,4162
1688993749119,-514370,4162
1688993749121,-514370,4162
1688993749126,-514370,4162
1688993749128,-514370,4162
1688993749129,-514370,4162
1688993749131,-514370,4162
1688993749132,-514370,4162
1688993749134,-514370,4162
1688993749135,-514370,4162
1688993749137,-514370,4162
1688993749138,-514370,4162
1688993749140,-514370,4162
1688993749141,-514370,4162
1688993749143,-514370,4162
1688993749145,-514370,4162
1688993749147,-514370,4162
1688993749148,-514370,4162
1688993749150,-514370,4162
1688993749151,-514370,4162
1688993749152,-514370,4162
1688993749154,-514370,4162
1688993749156,-514370,4162
1688993749158,-514370,4162
1688993749160,-514370,4162
1688993749161,-514370,4162
1688993749163,-514370,4162
1688993749165,-514370,4162
1688993749166,-514370,4162
1688993749168,-514370,4162
1688993749169,-514370,4162
1688993749171,-514370,4162
1688993749172,-514370,4162
1688993749174,-514370,4162
1688993749175,-514370,4162
1688993749177,-514370,4162
1688993749179,-514370,4162
1688993749182,-514370,4162
1688993749184,-514370,4162
1688993749185,-514370,4162
1688993749187,-514370,4162
1688993749189,-514370,4162
1688993749191,-514370,4162
1688993749193,-514370,4162
1688993749194,-514370,4162
1688993749196,-514370,4162
1688993749198,-514370,4162
1688993749199,-514370,4162
1688993749201,-514370,4162
1688993749203,-514370,4162
1688993749204,-514370,4162
1688993749206,-514370,4162
1688993749209,-514370,4162
1688993749210,-514370,4162
1688993749212,-514370,4162
1688993749214,-514370,4162
1688993749215,-514370,4162
1688993749217,-514370,4162
1688993749219,-514370,4162
1688993749221,-514370,4162
1688993749223,-514370,4162
1688993749225,-514370,4162
1688993749227,-514370,4162
1688993749229,-514370,4162
1688993749231,-514370,4162
1688993749232,-514370,4162
1688993749234,-514370,4162
1688993749235,-514370,4162
1688993749237,-514370,4162
1688993749238,-514370,4162
1688993749240,-514370,4162
1688993749241,-514370,4162
1688993749243,-514370,4162
1688993749244,-514370,4162
1688993749247,-514370,4162
1688993749248,-514370,4162
1688993749250,-514370,4162
1688993749251,-514370,4162
1688993749252,-514370,4162
1688993749254,-514370,4162
1688993749258,-514370,4162
1688993749260,-514370,4162
1688993749262,-514370,4162
1688993749263,-514370,4162
1688993749265,-514370,4162
1688993749267,-514370,4162
1688993749268,-514370,4162
1688993749269,-514370,4162
1688993749271,-514370,4162
1688993749272,-514370,4162
1688993749274,-514370,4162
1688993749276,-514370,4162
1688993749277,-514370,4162
1688993749279,-514370,4162
1688993749282,-514370,4162
1688993749283,-514370,4162
1688993749285,-514370,4162
1688993749287,-514370,4162
1688993749289,-514370,4162
1688993749291,-514370,4162
1688993749293,-514370,4162
1688993749294,-514370,4162
1688993749296,-514370,4162
1688993749297,-514370,4162
1688993749299,-514370,4162
1688993749301,-514370,4162
1688993749302,-514370,4162
1688993749304,-514370,4162
1688993749305,-514370,4162
1688993749307,-514370,4162
1688993749308,-514370,4162
1688993749310,-514370,4162
1688993749312,-514370,4162
1688993749314,-514370,4162
1688993749316,-514370,4162
1688993749318,-514370,4162
1688993749320,-514370,4162
1688993749323,-514370,4162
1688993749325,-514370,4162
1688993749327,-514370,4162
1688993749328,-514370,4162
1688993749330,-514370,4162
1688993749332,-514370,4162
1688993749333,-514370,4162
1688993749335,-514370,4162
1688993749337,-514370,4162
1688993749338,-514370,4162
1688993749340,-514370,4162
1688993749342,-514370,4162
1688993749343,-514370,4162
1688993749345,-514370,4162
1688993749347,-514370,4162
1688993749348,-514370,4162
1688993749350,-514370,4162
1688993749352,-514370,4162
1688993749357,-514370,4162
1688993749360,-514370,4162
1688993749362,-514370,4162
1688993749364,-514370,4162
1688993749365,-514370,4162
1688993749367,-514370,4162
1688993749368,-514370,4162
1688993749369,-514370,4162
1688993749373,-514370,4162
1688993749375,-514370,4162
1688993749377,-514370,4162
1688993749379,-514370,4162
1688993749381,-514370,4162
1688993749382,-514370,4162
1688993749384,-514370,4162
1688993749385,-514370,4162
1688993749387,-514370,4162
1688993749389,-514370,4162
1688993749391,-514370,4162
1688993749393,-514370,4162
1688993749395,-514370,4162
1688993749396,-514370,4162
1688993749398,-514370,4162
1688993749402,-514370,4162
1688993749404,-514370,4162
1688993749405,-514370,4162
1688993749406,-514370,4162
1688993749408,-514370,4162
1688993749409,-514370,4162
1688993749411,-514370,4162
1688993749412,-514370,4162
1688993749414,-514370,4162
1688993749416,-514370,4162
1688993749418,-514370,4162
1688993749419,-514370,4162
1688993749421,-514370,4162
1688993749422,-514370,4162
1688993749425,-514370,4162
1688993749427,-514370,4162
1688993749429,-514370,4162
1688993749430,-514370,4162
1688993749431,-514370,4162
1688993749432,-514370,4162
1688993749434,-514370,4162
1688993749436,-514370,4162
1688993749437,-514370,4162
1688993749439,-514370,4162
1688993749440,-514370,4162
1688993749442,-514370,4162
1688993749444,-514370,4162
1688993749445,-514370,4162
1688993749448,-514370,4162
1688993749452,-514370,4162
1688993749454,-514370,4162
1688993749457,-514370,4162
1688993749459,-514370,4162
1688993749461,-514370,4162
1688993749463,-514370,4162
1688993749465,-514370,4162
1688993749466,-514370,4162
1688993749468,-514370,4162
1688993749470,-514370,4162
1688993749471,-514370,4162
1688993749472,-514370,4162
1688993749474,-514370,4162
1688993749476,-514370,4162
1688993749477,-514370,4162
1688993749479,-514370,4162
1688993749481,-514370,4162
1688993749483,-514370,4162
1688993749484,-514370,4162
1688993749485,-514370,4162
1688993749487,-514370,4162
1688993749490,-514370,4162
1688993749492,-514370,4162
1688993749493,-514370,4162
1688993749495,-514370,4162
1688993749496,-514370,4162
1688993749498,-514370,4162
1688993749501,-514370,4162
1688993749502,-514370,4162
1688993749504,-514370,4162
1688993749505,-514370,4162
1688993749507,-514370,4162
1688993749509,-514370,4162
1688993749510,-514370,4162
1688993749512,-514370,4162
1688993749514,-514370,4162
1688993749515,-514370,4162
1688993749517,-514370,4162
1688993749519,-514370,4162
1688993749521,-514370,4162
1688993749527,-514370,4162
1688993749528,-514370,4162
1688993749530,-514370,4162
1688993749532,-514370,4162
1688993749533,-514370,4162
1688993749534,-514370,4162
1688993749537,-514370,4162
1688993749538,-514370,4162
1688993749540,-514370,4162
1688993749542,-514370,4162
1688993749543,-514370,4162
1688993749544,-514370,4162
1688993749546,-514370,4162
1688993749547,-514370,4162
1688993749548,-514370,4162
1688993749550,-514370,4162
1688993749552,-514370,4162
1688993749554,-514370,4162
1688993749556,-514370,4162
1688993749559,-514370,4162
1688993749561,-514370,4162
1688993749562,-514370,4162
1688993749564,-514370,4162
1688993749565,-514370,4162
1688993749567,-514370,4162
1688993749569,-514370,4162
1688993749570,-514370,4162
1688993749572,-514370,4162
1688993749573,-514370,4162
1688993749575,-514370,4162
1688993749576,-514370,4162
1688993749578,-514370,4162
1688993749580,-514370,4162
1688993749581,-514370,4162
1688993749583,-514370,4162
1688993749584,-514370,4162
1688993749586,-514370,4162
1688993749588,-514370,4162
1688993749592,-514370,4162
1688993749594,-514370,4162
1688993749595,-514370,4162
1688993749597,-514370,4162
1688993749599,-514370,4162
1688993749601,-514370,4162
1688993749602,-514370,4162
1688993749604,-514370,4162
1688993749605,-514370,4162
1688993749606,-514370,4162
1688993749608,-514370,4162
1688993749609,-514370,4162
1688993749611,-514370,4162
1688993749612,-514370,4162
1688993749614,-514370,4162
1688993749616,-514370,4162
1688993749618,-514370,4162
1688993749619,-514370,4162
1688993749621,-514370,4162
1688993749623,-514370,4162
1688993749625,-514370,4162
1688993749627,-514370,4162
1688993749629,-514370,4162
1688993749630,-514370,4162
1688993749632,-514370,4162
1688993749634,-514370,4162
1688993749635,-514370,4162
1688993749637,-514370,4162
1688993749639,-514370,4162
1688993749640,-514370,4162
1688993749642,-514370,4162
1688993749643,-514370,4162
1688993749645,-514370,4162
1688993749647,-514370,4162
1688993749649,-514370,4162
1688993749650,-514370,4162
1688993749652,-514370,4162
1688993749654,-514370,4162
1688993749657,-514370,4162
1688993749658,-514370,4162
1688993749660,-514370,4162
1688993749662,-514370,4162
1688993749664,-514370,4162
1688993749665,-514370,4162
1688993749667,-514370,4162
1688993749669,-514370,4162
1688993749671,-514370,4162
1688993749672,-514370,4162
1688993749675,-514370,4162
1688993749676,-514370,4162
1688993749678,-514370,4162
1688993749680,-514370,4162
1688993749682,-514370,4162
1688993749683,-514370,4162
1688993749685,-514370,4162
1688993749686,-514370,4162
1688993749689,-514370,4162
1688993749691,-514370,4162
1688993749693,-514370,4162
1688993749695,-514370,4162
1688993749697,-514370,4162
1688993749698,-514370,4162
1688993749700,-514370,4162
1688993749701,-514370,4162
1688993749703,-514370,4162
1688993749705,-514370,4162
1688993749706,-514370,4162
1688993749708,-514370,4162
1688993749710,-514370,4162
1688993749711,-514370,4162
1688993749714,-514370,4162
1688993749716,-514370,4162
1688993749718,-514370,4162
1688993749719,-514370,4162
1688993749721,-514370,4162
1688993749724,-514370,4162
1688993749726,-514370,4162
1688993749728,-514370,4162
1688993749730,-514370,4162
1688993749732,-514370,4162
1688993749734,-514370,4162
1688993749736,-514370,4162
1688993749737,-514370,4162
1688993749739,-514370,4162
1688993749741,-514370,4162
1688993749742,-514370,4162
1688993749744,-514370,4162
1688993749745,-514370,4162
1688993749747,-514370,4162
1688993749748,-514370,4162
1688993749750,-514370,4162
1688993749751,-514370,4162
1688993749753,-514370,4162
1688993749755,-514370,4162
1688993749758,-514370,4162
1688993749760,-514370,4162
1688993749762,-514370,4162
1688993749763,-514370,4162
1688993749765,-514370,4162
1688993749766,-514370,4162
1688993749768,-514370,4162
1688993749769,-514370,4162
1688993749770,-514370,4162
1688993749772,-514370,4162
1688993749773,-514370,4162
1688993749775,-514370,4162
1688993749777,-514370,4162
1688993749778,-514370,4162
1688993749780,-514370,4162
1688993749781,-514370,4162
1688993749782,-514370,4162
1688993749784,-514370,4162
1688993749785,-514370,4162
1688993749787,-514370,4162
1688993749789,-514370,4162
1688993749792,-514370,4162
1688993749795,-514370,4162
1688993749796,-514370,4162
1688993749798,-514370,4162
1688993749799,-514370,4162
1688993749801,-514370,4162
1688993749802,-514370,4162
1688993749804,-514370,4162
1688993749805,-514370,4162
1688993749807,-514370,4162
1688993749809,-514370,4162
1688993749811,-514370,4162
1688993749813,-514370,4162
1688993749815,-514370,4162
1688993749817,-514370,4162
1688993749818,-514370,4162
1688993749819,-514370,4162
1688993749821,-514370,4162
1688993749824,-514370,4162
1688993749828,-514370,4162
1688993749829,-514370,4162
1688993749831,-514370,4162
1688993749833,-514370,4162
1688993749835,-514370,4162
1688993749836,-514370,4162
1688993749838,-514370,4162
1688993749839,-514370,4162
1688993749841,-514370,4162
1688993749842,-514370,4162
1688993749844,-514370,4162
1688993749846,-514370,4162
1688993749848,-514370,4162
1688993749850,-514370,4162
1688993749851,-514370,4162
1688993749854,-514370,4162
1688993749855,-514370,4162
1688993749859,-514370,4162
1688993749863,-514370,4162
1688993749865,-514370,4162
1688993749867,-514370,4162
1688993749869,-514370,4162
1688993749871,-514370,4162
1688993749873,-514370,4162
1688993749875,-514370,4162
1688993749878,-514370,4162
1688993749880,-514370,4162
1688993749882,-514370,4162
1688993749884,-514370,4162
1688993749886,-514370,4162
1688993749888,-514370,4162
1688993749892,-514370,4162
1688993749893,-514370,4162
1688993749895,-514370,4162
1688993749897,-514370,4162
1688993749898,-514370,4162
1688993749900,-514370,4162
1688993749901,-514370,4162
1688993749902,-514370,4162
1688993749904,-514370,4162
1688993749905,-514370,4162
1688993749907,-514370,4162
1688993749908,-514370,4162
1688993749910,-514370,4162
1688993749912,-514370,4162
1688993749914,-514370,4162
1688993749915,-514370,4162
1688993749917,-514370,4162
1688993749919,-514370,4162
1688993749920,-514370,4162
1688993749922,-514370,4162
1688993749925,-514370,4162
1688993749927,-514370,4162
1688993749928,-514370,4162
1688993749929,-514370,4162
1688993749931,-514370,4162
1688993749933,-514370,4162
1688993749934,-514370,4162
1688993749935,-514370,4162
1688993749937,-514370,4162
1688993749939,-514370,4162
1688993749940,-514370,4162
1688993749942,-514370,4162
1688993749944,-514370,4162
1688993749945,-514370,4162
1688993749947,-514370,4162
1688993749948,-514370,4162
1688993749950,-514370,4162
1688993749952,-514370,4162
1688993749954,-514370,4162
1688993749956,-514370,4162
1688993749958,-514370,4162
1688993749960,-514370,4162
1688993749961,-514370,4162
1688993749963,-514370,4162
1688993749964,-514370,4162
1688993749965,-514370,4162
1688993749967,-514370,4162
1688993749969,-514370,4162
1688993749970,-514370,4162
1688993749972,-514370,4162
1688993749973,-514370,4162
1688993749974,-514370,4162
1688993749976,-514370,4162
1688993749977,-514370,4162
1688993749979,-514370,4162
1688993749981,-514370,4162
1688993749982,-514370,4162
1688993749984,-514370,4162
1688993749985,-514370,4162
1688993749987,-514370,4162
1688993749990,-514370,4162
1688993749992,-514370,4162
1688993749994,-514370,4162
1688993749996,-514370,4162
1688993749997,-514370,4162
1688993749999,-514370,4162
1688993750001,-514370,4162
1688993750002,-514370,4162
1688993750004,-514370,4162
1688993750006,-514370,4162
1688993750007,-514370,4162
1688993750009,-514370,4162
1688993750011,-514370,4162
1688993750014,-514370,4162
1688993750016,-514370,4162
1688993750018,-514370,4162
1688993750019,-514370,4162
1688993750021,-514370,4162
1688993750024,-514370,4162
1688993750025,-514370,4162
1688993750027,-514370,4162
1688993750029,-514370,4162
1688993750031,-514370,4162
1688993750032,-514370,4162
1688993750034,-514370,4162
1688993750035,-514370,4162
1688993750037,-514370,4162
1688993750038,-514370,4162
1688993750040,-514370,4162
1688993750041,-514370,4162
1688993750043,-514370,4162
1688993750044,-514370,4162
1688993750046,-514370,4162
1688993750048,-514370,4162
1688993750050,-514370,4162
1688993750051,-514370,4162
1688993750053,-514370,4162
1688993750055,-514370,4162
1688993750057,-514370,4162
1688993750058,-514370,4162
1688993750060,-514370,4162
1688993750062,-514370,4162
1688993750064,-514370,4162
1688993750066,-514370,4162
1688993750067,-514370,4162
1688993750069,-514370,4162
1688993750071,-514370,4162
1688993750072,-514370,4162
1688993750074,-514370,4162
1688993750075,-514370,4162
1688993750077,-514370,4162
1688993750078,-514370,4162
1688993750080,-514370,4162
1688993750081,-514370,4162
1688993750083,-514370,4162
1688993750085,-514370,4162
1688993750087,-514370,4162
1688993750089,-514370,4162
1688993750091,-514370,4162
1688993750093,-514370,4162
1688993750095,-514370,4162
1688993750097,-514370,4162
1688993750098,-514370,4162
1688993750100,-514370,4162
1688993750101,-514370,4162
1688993750103,-514370,4162
1688993750104,-514370,4162
1688993750105,-514370,4162
1688993750107,-514370,4162
1688993750108,-514370,4162
1688993750110,-514370,4162
1688993750112,-514370,4162
1688993750114,-514370,4162
1688993750116,-514370,4162
1688993750117,-514370,4162
1688993750119,-514370,4162
1688993750121,-514370,4162
1688993750122,-514370,4162
1688993750125,-514370,4162
1688993750127,-514370,4162
1688993750129,-514370,4162
1688993750131,-514370,4162
1688993750132,-514370,4162
1688993750134,-514370,4162
1688993750135,-514370,4162
1688993750137,-514370,4162
1688993750138,-514370,4162
1688993750140,-514370,4162
1688993750141,-514370,4162
1688993750142,-514370,4162
1688993750144,-514370,4162
1688993750146,-514370,4162
1688993750148,-514370,4162
1688993750150,-514370,4162
1688993750152,-514370,4162
1688993750153,-514370,4162
1688993750155,-514370,4162
1688993750158,-514370,4162
1688993750159,-514370,4162
1688993750161,-514370,4162
1688993750162,-514370,4162
1688993750164,-514370,4162
1688993750166,-514370,4162
1688993750168,-514370,4162
1688993750170,-514370,4162
1688993750171,-514370,4162
1688993750172,-514370,4162
1688993750174,-514370,4162
1688993750175,-514370,4162
1688993750177,-514370,4162
1688993750179,-514370,4162
1688993750180,-514370,4162
1688993750182,-514370,4162
1688993750183,-514370,4162
1688993750185,-514370,4162
1688993750186,-514370,4162
1688993750188,-514370,4162
1688993750190,-514370,4162
1688993750193,-514370,4162
1688993750195,-514370,4162
1688993750196,-514370,4162
1688993750197,-514370,4162
1688993750199,-514370,4162
1688993750200,-514370,4162
1688993750202,-514370,4162
1688993750204,-514370,4162
1688993750205,-514370,4162
1688993750208,-514370,4162
1688993750209,-514370,4162
1688993750211,-514370,4162
1688993750213,-514370,4162
1688993750214,-514370,4162
1688993750215,-514370,4162
1688993750217,-514370,4162
1688993750219,-514370,4162
1688993750220,-514370,4162
1688993750222,-514370,4162
1688993750225,-514370,4162
1688993750226,-514370,4162
1688993750228,-514370,4162
1688993750229,-514370,4162
1688993750231,-514370,4162
1688993750232,-514370,4162
1688993750234,-514370,4162
1688993750235,-514370,4162
1688993750237,-514370,4162
1688993750239,-514370,4162
1688993750240,-514370,4162
1688993750242,-514370,4162
1688993750244,-514370,4162
1688993750245,-514370,4162
1688993750247,-514370,4162
1688993750249,-514370,4162
1688993750251,-514370,4162
1688993750252,-514370,4162
1688993750254,-514370,4162
1688993750257,-514370,4162
1688993750259,-514370,4162
1688993750260,-514370,4162
1688993750262,-514370,4162
1688993750264,-514370,4162
1688993750265,-514370,4162
1688993750268,-514370,4162
1688993750269,-514370,4162
1688993750271,-514370,4162
1688993750272,-514370,4162
1688993750274,-514370,4162
1688993750275,-514370,4162
1688993750277,-514370,4162
1688993750279,-514370,4162
1688993750280,-514370,4162
1688993750282,-514370,4162
1688993750283,-514370,4162
1688993750285,-514370,4162
1688993750287,-514370,4162
1688993750291,-514370,4162
1688993750292,-514370,4162
1688993750294,-514370,4162
1688993750296,-514370,4162
1688993750297,-514370,4162
1688993750299,-514370,4162
1688993750301,-514370,4162
1688993750303,-514370,4162
1688993750305,-514370,4162
1688993750307,-514370,4162
1688993750309,-514370,4162
1688993750311,-514370,4162
1688993750312,-514370,4162
1688993750315,-514370,4162
1688993750317,-514370,4162
1688993750319,-514370,4162
1688993750321,-514370,4162
1688993750323,-514370,4162
1688993750326,-514370,4162
1688993750328,-514370,4162
1688993750330,-514370,4162
1688993750333,-514370,4162
1688993750335,-514370,4162
1688993750340,-514370,4162
1688993750344,-514370,4162
1688993750347,-514370,4162
1688993750351,-514370,4162
1688993750352,-514370,4162
1688993750355,-514370,4162
1688993750357,-514370,4162
1688993750361,-514370,4162
1688993750363,-514370,4162
1688993750365,-514370,4162
1688993750366,-514370,4162
1688993750369,-514370,4162
1688993750371,-514370,4162
1688993750372,-514370,4162
1688993750374,-514370,4162
1688993750376,-514370,4162
1688993750377,-514370,4162
1688993750379,-514370,4162
1688993750381,-514370,4162
1688993750383,-514370,4162
1688993750385,-514370,4162
1688993750387,-514370,4162
1688993750389,-514370,4162
1688993750391,-514370,4162
1688993750393,-514370,4162
1688993750394,-514370,4162
1688993750395,-514370,4162
1688993750397,-514370,4162
1688993750399,-514370,4162
1688993750401,-514370,4162
1688993750403,-514370,4162
1688993750406,-514370,4162
1688993750408,-514370,4162
1688993750411,-514370,4162
1688993750412,-514370,4162
1688993750414,-514370,4162
1688993750416,-514370,4162
1688993750418,-514370,4162
1688993750419,-514370,4162
1688993750421,-514370,4162
1688993750424,-514370,4162
1688993750425,-514370,4162
1688993750427,-514370,4162
1688993750431,-514370,4162
1688993750432,-514370,4162
1688993750441,-514370,4162
1688993750443,-514370,4162
1688993750445,-514370,4162
1688993750447,-514370,4162
1688993750449,-514370,4162
1688993750451,-514370,4162
1688993750453,-514370,4162
1688993750455,-514370,4162
1688993750458,-514370,4162
1688993750459,-514370,4162
1688993750461,-514370,4162
1688993750463,-514370,4162
1688993750465,-514370,4162
1688993750466,-514370,4162
1688993750468,-514370,4162
1688993750469,-514370,4162
1688993750471,-514370,4162
1688993750472,-514370,4162
1688993750473,-514370,4162
1688993750476,-514370,4162
1688993750478,-514370,4162
1688993750479,-514370,4162
1688993750481,-514370,4162
1688993750482,-514370,4162
1688993750484,-514370,4162
1688993750485,-514370,4162
1688993750489,-514370,4162
1688993750491,-514370,4162
1688993750493,-514370,4162
1688993750494,-514370,4162
1688993750495,-514370,4162
1688993750497,-514370,4162
1688993750499,-514370,4162
1688993750500,-514370,4162
1688993750502,-514370,4162
1688993750506,-514370,4162
1688993750508,-514370,4162
1688993750510,-514370,4162
1688993750511,-514370,4162
1688993750513,-514370,4162
1688993750515,-514370,4162
1688993750516,-514370,4162
1688993750518,-514370,4162
1688993750519,-514370,4162
1688993750524,-514370,4162
1688993750526,-514370,4162
1688993750528,-514370,4162
1688993750529,-514370,4162
1688993750531,-514370,4162
1688993750532,-514370,4162
1688993750534,-514370,4162
1688993750535,-514370,4162
1688993750537,-514370,4162
1688993750538,-514370,4162
1688993750540,-514370,4162
1688993750542,-514370,4162
1688993750543,-514370,4162
1688993750546,-514370,4162
1688993750548,-514370,4162
1688993750549,-514370,4162
1688993750551,-514370,4162
1688993750553,-514370,4162
1688993750554,-514370,4162
1688993750557,-514370,4162
1688993750566,-514370,4162
1688993750568,-514370,4162
1688993750569,-514370,4162
1688993750571,-514370,4162
1688993750572,-514370,4162
1688993750573,-514370,4162
1688993750575,-514370,4162
1688993750577,-514370,4162
1688993750578,-514370,4162
1688993750580,-514370,4162
1688993750582,-514370,4162
1688993750583,-514370,4162
1688993750585,-514370,4162
1688993750587,-514370,4162
1688993750589,-514370,4162
1688993750591,-514370,4162
1688993750592,-514370,4162
1688993750593,-514370,4162
1688993750595,-514370,4162
1688993750596,-514370,4162
1688993750598,-514370,4162
1688993750599,-514370,4162
1688993750601,-514370,4162
1688993750602,-514370,4162
1688993750604,-514370,4162
1688993750605,-514370,4162
1688993750607,-514370,4162
1688993750612,-514370,4162
1688993750614,-514370,4162
1688993750615,-514370,4162
1688993750617,-514370,4162
1688993750621,-514370,4162
1688993750625,-514370,4162
1688993750626,-514370,4162
1688993750628,-514370,4162
1688993750629,-514370,4162
1688993750631,-514370,4162
1688993750632,-514370,4162
1688993750634,-514370,4162
1688993750635,-514370,4162
1688993750636,-514370,4162
1688993750638,-514370,4162
1688993750639,-514370,4162
1688993750641,-514370,4162
1688993750643,-514370,4162
1688993750646,-514370,4162
1688993750648,-514370,4162
1688993750650,-514370,4162
1688993750651,-514370,4162
1688993750653,-514370,4162
1688993750657,-514370,4162
1688993750659,-514370,4162
1688993750661,-514370,4162
1688993750664,-514370,4162
1688993750665,-514370,4162
1688993750667,-514370,4162
1688993750668,-514370,4162
1688993750670,-514370,4162
1688993750672,-514370,4162
1688993750675,-514370,4162
1688993750677,-514370,4162
1688993750679,-514370,4162
1688993750680,-514370,4162
1688993750682,-514370,4162
1688993750688,-514370,4162
1688993750694,-514370,4162
1688993750696,-514370,4162
1688993750697,-514370,4162
1688993750699,-514370,4162
1688993750701,-514370,4162
1688993750702,-514370,4162
1688993750704,-514370,4162
1688993750705,-514370,4162
1688993750707,-514370,4162
1688993750709,-514370,4162
1688993750711,-514370,4162
1688993750713,-514370,4162
1688993750714,-514370,4162
1688993750715,-514370,4162
1688993750717,-514370,4162
1688993750718,-514370,4162
1688993750719,-514370,4162
1688993750721,-514370,4162
1688993750724,-514370,4162
1688993750725,-514370,4162
1688993750727,-514370,4162
1688993750728,-514370,4162
1688993750730,-514370,4162
1688993750731,-514370,4162
1688993750732,-514370,4162
1688993750734,-514370,4162
1688993750736,-514370,4162
1688993750738,-514370,4162
1688993750739,-514370,4162
1688993750741,-514370,4162
1688993750742,-514370,4162
1688993750744,-514370,4162
1688993750745,-514370,4162
1688993750747,-514370,4162
1688993750748,-514370,4162
1688993750749,-514370,4162
1688993750751,-514370,4162
1688993750752,-514370,4162
1688993750754,-514370,4162
1688993750757,-514370,4162
1688993750759,-514370,4162
1688993750760,-514370,4162
1688993750762,-514370,4162
1688993750763,-514370,4162
1688993750765,-514370,4162
1688993750766,-514370,4162
1688993750768,-514370,4162
1688993750769,-514370,4162
1688993750770,-514370,4162
1688993750772,-514370,4162
1688993750773,-514370,4162
1688993750775,-514370,4162
1688993750776,-514370,4162
1688993750778,-514370,4162
1688993750780,-514370,4162
1688993750781,-514370,4162
1688993750783,-514370,4162
1688993750785,-514370,4162
1688993750787,-514370,4162
1688993750789,-514370,4162
1688993750792,-514370,4162
1688993750793,-514370,4162
1688993750795,-514370,4162
1688993750797,-514370,4162
1688993750798,-514370,4162
1688993750800,-514370,4162
1688993750802,-514370,4162
1688993750803,-514370,4162
1688993750805,-514370,4162
1688993750806,-514370,4162
1688993750807,-514370,4162
1688993750809,-514370,4162
1688993750810,-514370,4162
1688993750812,-514370,4162
1688993750814,-514370,4162
1688993750815,-514370,4162
1688993750817,-514370,4162
1688993750818,-514370,4162
1688993750821,-514370,4162
1688993750823,-514370,4162
1688993750825,-514370,4162
1688993750827,-514370,4162
1688993750828,-514370,4162
1688993750830,-514370,4162
1688993750832,-514370,4162
1688993750833,-514370,4162
1688993750835,-514370,4162
1688993750836,-514370,4162
1688993750838,-514370,4162
1688993750839,-514370,4162
1688993750841,-514370,4162
1688993750842,-514370,4162
1688993750844,-514370,4162
1688993750846,-514370,4162
1688993750848,-514370,4162
1688993750849,-514370,4162
1688993750851,-514370,4162
1688993750852,-514370,4162
1688993750854,-514370,4162
1688993750858,-514370,4162
1688993750860,-514370,4162
1688993750862,-514370,4162
1688993750863,-514370,4162
1688993750865,-514370,4162
1688993750866,-514370,4162
1688993750868,-514370,4162
1688993750869,-514370,4162
1688993750871,-514370,4162
1688993750872,-514370,4162
1688993750873,-514370,4162
1688993750875,-514370,4162
1688993750877,-514370,4162
1688993750879,-514370,4162
1688993750881,-514370,4162
1688993750882,-514370,4162
1688993750884,-514370,4162
1688993750886,-514370,4162
1688993750888,-514370,4162
1688993750890,-514370,4162
1688993750892,-514370,4162
1688993750893,-514370,4162
1688993750895,-514370,4162
1688993750897,-514370,4162
1688993750898,-514370,4162
1688993750900,-514370,4162
1688993750902,-514370,4162
1688993750903,-514370,4162
1688993750905,-514370,4162
1688993750906,-514370,4162
1688993750908,-514370,4162
1688993750910,-514370,4162
1688993750912,-514370,4162
1688993750914,-514370,4162
1688993750916,-514370,4162
1688993750918,-514370,4162
1688993750920,-514370,4162
1688993750922,-514370,4162
1688993750924,-514370,4162
1688993750926,-514370,4162
1688993750928,-514370,4162
1688993750930,-514370,4162
1688993750931,-514370,4162
1688993750933,-514370,4162
1688993750935,-514370,4162
1688993750936,-514370,4162
1688993750938,-514370,4162
1688993750940,-514370,4162
1688993750941,-514370,4162
1688993750943,-514370,4162
1688993750944,-514370,4162
1688993750946,-514370,4162
1688993750947,-514370,4162
1688993750949,-514370,4162
1688993750950,-514370,4162
1688993750951,-514370,4162
1688993750953,-514370,4162
1688993750955,-514370,4162
1688993750958,-514370,4162
1688993750961,-514370,4162
1688993750963,-514370,4162
1688993750964,-514370,4162
1688993750966,-514370,4162
1688993750967,-514370,4162
1688993750969,-514370,4162
1688993750970,-514370,4162
1688993750971,-514370,4162
1688993750973,-514370,4162
1688993750975,-514370,4162
1688993750977,-514370,4162
1688993750979,-514370,4162
1688993750981,-514370,4162
1688993750982,-514370,4162
1688993750984,-514370,4162
1688993750985,-514370,4162
1688993750987,-514370,4162
1688993750990,-514370,4162
1688993750991,-514370,4162
1688993750993,-514370,4162
1688993750995,-514370,4162
1688993750997,-514370,4162
1688993750999,-514370,4162
1688993751000,-514370,4162
1688993751002,-514370,4162
1688993751003,-514370,4162
1688993751004,-514370,4162
1688993751005,-514370,4162
1688993751007,-514370,4162
1688993751008,-514370,4162
1688993751010,-514370,4162
1688993751012,-514370,4162
1688993751014,-514370,4162
1688993751015,-514370,4162
1688993751017,-514370,4162
1688993751018,-514370,4162
1688993751020,-514370,4162
1688993751022,-514370,4162
1688993751025,-514370,4162
1688993751027,-514370,4162
1688993751028,-514370,4162
1688993751030,-514370,4162
1688993751031,-514370,4162
1688993751033,-514370,4162
1688993751035,-514370,4162
1688993751037,-514370,4162
1688993751038,-514370,4162
1688993751039,-514370,4162
1688993751041,-514370,4162
1688993751042,-514370,4162
1688993751044,-514370,4162
1688993751046,-514370,4162
1688993751048,-514370,4162
1688993751049,-514370,4162
1688993751051,-514370,4162
1688993751053,-514370,4162
1688993751055,-514370,4162
1688993751056,-514370,4162
1688993751058,-514370,4162
1688993751060,-514370,4162
1688993751062,-514370,4162
1688993751064,-514370,4162
1688993751065,-514370,4162
1688993751066,-514370,4162
1688993751068,-514370,4162
1688993751069,-514370,4162
1688993751071,-514370,4162
1688993751072,-514370,4162
1688993751074,-514370,4162
1688993751076,-514370,4162
1688993751078,-514370,4162
1688993751079,-514370,4162
1688993751081,-514370,4162
1688993751082,-514370,4162
1688993751084,-514370,4162
1688993751085,-514370,4162
1688993751087,-514370,4162
1688993751089,-514370,4162
1688993751091,-514370,4162
1688993751093,-514370,4162
1688993751095,-514370,4162
1688993751096,-514370,4162
1688993751098,-514370,4162
1688993751100,-514370,4162
1688993751101,-514370,4162
1688993751102,-514370,4162
1688993751104,-514370,4162
1688993751105,-514370,4162
1688993751107,-514370,4162
1688993751108,-514370,4162
1688993751110,-514370,4162
1688993751112,-514370,4162
1688993751114,-514370,4162
1688993751116,-514370,4162
1688993751118,-514370,4162
1688993751119,-514370,4162
1688993751123,-514370,4162
1688993751125,-514370,4162
1688993751127,-514370,4162
1688993751129,-514370,4162
1688993751130,-514370,4162
1688993751132,-514370,4162
1688993751134,-514370,4162
1688993751135,-514370,4162
1688993751137,-514370,4162
1688993751139,-514370,4162
1688993751140,-514370,4162
1688993751141,-514370,4162
1688993751143,-514370,4162
1688993751144,-514370,4162
1688993751145,-514370,4162
1688993751147,-514370,4162
1688993751149,-514370,4162
1688993751150,-514370,4162
1688993751152,-514370,4162
1688993751154,-514370,4162
1688993751156,-514370,4162
1688993751159,-514370,4162
1688993751160,-514370,4162
1688993751162,-514370,4162
1688993751164,-514370,4162
1688993751165,-514370,4162
1688993751167,-514370,4162
1688993751168,-514370,4162
1688993751170,-514370,4162
1688993751171,-514370,4162
1688993751173,-514370,4162
1688993751175,-514370,4162
1688993751177,-514370,4162
1688993751178,-514370,4162
1688993751180,-514370,4162
1688993751181,-514370,4162
1688993751183,-514370,4162
1688993751184,-514370,4162
1688993751186,-514370,4162
1688993751191,-514370,4162
1688993751193,-514370,4162
1688993751194,-514370,4162
1688993751196,-514370,4162
1688993751197,-514370,4162
1688993751199,-514370,4162
1688993751200,-514370,4162
1688993751202,-514370,4162
1688993751203,-514370,4162
1688993751205,-514370,4162
1688993751207,-514370,4162
1688993751208,-514370,4162
1688993751209,-514370,4162
1688993751212,-514370,4162
1688993751213,-514370,4162
1688993751215,-514370,4162
1688993751217,-514370,4162
1688993751218,-514370,4162
1688993751219,-514370,4162
1688993751221,-514370,4162
1688993751224,-514370,4162
1688993751225,-514370,4162
1688993751227,-514370,4162
1688993751228,-514370,4162
1688993751230,-514370,4162
1688993751231,-514370,4162
1688993751233,-514370,4162
1688993751235,-514370,4162
1688993751236,-514370,4162
1688993751237,-514370,4162
1688993751239,-514370,4162
1688993751241,-514370,4162
1688993751242,-514370,4162
1688993751244,-514370,4162
1688993751246,-514370,4162
1688993751247,-514370,4162
1688993751249,-514370,4162
1688993751251,-514370,4162
1688993751252,-514370,4162
1688993751255,-514370,4162
1688993751258,-514370,4162
1688993751260,-514370,4162
1688993751262,-514370,4162
1688993751263,-514370,4162
1688993751264,-514370,4162
1688993751266,-514370,4162
1688993751268,-514370,4162
1688993751269,-514370,4162
1688993751271,-514370,4162
1688993751273,-514370,4162
1688993751274,-514370,4162
1688993751275,-514370,4162
1688993751277,-514370,4162
1688993751278,-514370,4162
1688993751280,-514370,4162
1688993751282,-514370,4162
1688993751283,-514370,4162
1688993751285,-514370,4162
1688993751287,-514370,4162
1688993751289,-514370,4162
1688993751291,-514370,4162
1688993751293,-514370,4162
1688993751294,-514370,4162
1688993751295,-514370,4162
1688993751297,-514370,4162
1688993751299,-514370,4162
1688993751300,-514370,4162
1688993751302,-514370,4162
1688993751303,-514370,4162
1688993751305,-514370,4162
1688993751306,-514370,4162
1688993751307,-514370,4162
1688993751309,-514370,4162
1688993751311,-514370,4162
1688993751312,-514370,4162
1688993751314,-514370,4162
1688993751315,-514370,4162
1688993751317,-514370,4162
1688993751319,-514370,4162
1688993751321,-514370,4162
1688993751323,-514370,4162
1688993751325,-514370,4162
1688993751327,-514370,4162
1688993751329,-514370,4162
1688993751331,-514370,4162
1688993751333,-514370,4162
1688993751335,-514370,4162
1688993751337,-514370,4162
1688993751338,-514370,4162
1688993751340,-514370,4162
1688993751341,-514370,4162
1688993751343,-514370,4162
1688993751345,-514370,4162
1688993751346,-514370,4162
1688993751348,-514370,4162
1688993751350,-514370,4162
1688993751351,-514370,4162
1688993751353,-514370,4162
1688993751363,-514370,4162
1688993751365,-514370,4162
1688993751367,-514370,4162
1688993751369,-514370,4162
1688993751370,-514370,4162
1688993751372,-514370,4162
1688993751373,-514370,4162
1688993751375,-514370,4162
1688993751377,-514370,4162
1688993751379,-514370,4162
1688993751381,-514370,4162
1688993751382,-514370,4162
1688993751384,-514370,4162
1688993751386,-514370,4162
1688993751388,-514370,4162
1688993751391,-514370,4162
1688993751393,-514370,4162
1688993751395,-514370,4162
1688993751396,-514370,4162
1688993751398,-514370,4162
1688993751399,-514370,4162
1688993751401,-514370,4162
1688993751403,-514370,4162
1688993751404,-514370,4162
1688993751406,-514370,4162
1688993751408,-514370,4162
1688993751410,-514370,4162
1688993751412,-514370,4162
1688993751414,-514370,4162
1688993751416,-514370,4162
1688993751418,-514370,4162
1688993751419,-514370,4162
1688993751422,-514370,4162
1688993751425,-514370,4162
1688993751427,-514370,4162
1688993751429,-514370,4162
1688993751431,-514370,4162
1688993751432,-514370,4162
1688993751433,-514370,4162
1688993751435,-514370,4162
1688993751436,-514370,4162
1688993751438,-514370,4162
1688993751439,-514370,4162
1688993751440,-514370,4162
1688993751442,-514370,4162
1688993751443,-514370,4162
1688993751445,-514370,4162
1688993751447,-514370,4162
1688993751449,-514370,4162
1688993751451,-514370,4162
1688993751453,-514370,4162
1688993751455,-514370,4162
1688993751457,-514370,4162
1688993751459,-514370,4162
1688993751461,-514370,4162
1688993751462,-514370,4162
1688993751464,-514370,4162
1688993751465,-514370,4162
1688993751467,-514370,4162
1688993751469,-514370,4162
1688993751470,-514370,4162
1688993751472,-514370,4162
1688993751475,-514370,4162
1688993751477,-514370,4162
1688993751479,-514370,4162
1688993751480,-514370,4162
1688993751482,-514370,4162
1688993751483,-514370,4162
1688993751485,-514370,4162
1688993751487,-514370,4162
1688993751490,-514370,4162
1688993751492,-514370,4162
1688993751494,-514370,4162
1688993751495,-514370,4162
1688993751497,-514370,4162
1688993751498,-514370,4162
1688993751500,-514370,4162
1688993751502,-514370,4162
1688993751503,-514370,4162
1688993751505,-514370,4162
1688993751507,-514370,4162
1688993751509,-514370,4162
1688993751510,-514370,4162
1688993751512,-514370,4162
1688993751514,-514370,4162
1688993751515,-514370,4162
1688993751517,-514370,4162
1688993751519,-514370,4162
1688993751521,-514370,4162
1688993751523,-514370,4162
1688993751525,-514370,4162
1688993751527,-514370,4162
1688993751529,-514370,4162
1688993751531,-514370,4162
1688993751532,-514370,4162
1688993751534,-514370,4162
1688993751535,-514370,4162
1688993751537,-514370,4162
1688993751538,-514370,4162
1688993751540,-514370,4162
1688993751542,-514370,4162
1688993751543,-514370,4162
1688993751545,-514370,4162
1688993751547,-514370,4162
1688993751548,-514370,4162
1688993751550,-514370,4162
1688993751552,-514370,4162
1688993751553,-514370,4162
1688993751555,-514370,4162
1688993751558,-514370,4162
1688993751559,-514370,4162
1688993751561,-514370,4162
1688993751563,-514370,4162
1688993751564,-514370,4162
1688993751566,-514370,4162
1688993751568,-514370,4162
1688993751569,-514370,4162
1688993751571,-514370,4162
1688993751572,-514370,4162
1688993751573,-514370,4162
1688993751575,-514370,4162
1688993751576,-514370,4162
1688993751578,-514370,4162
1688993751579,-514370,4162
1688993751581,-514370,4162
1688993751582,-514370,4162
1688993751584,-514370,4162
1688993751586,-514370,4162
1688993751589,-514370,4162
1688993751591,-514370,4162
1688993751592,-514370,4162
1688993751594,-514370,4162
1688993751595,-514370,4162
1688993751597,-514370,4162
1688993751599,-514370,4162
1688993751600,-514370,4162
1688993751601,-514370,4162
1688993751603,-514370,4162
1688993751605,-514370,4162
1688993751607,-514370,4162
1688993751608,-514370,4162
1688993751609,-514370,4162
1688993751611,-514370,4162
1688993751613,-514370,4162
1688993751614,-514370,4162
1688993751616,-514370,4162
1688993751618,-514370,4162
1688993751619,-514370,4162
1688993751621,-514370,4162
1688993751624,-514370,4162
1688993751626,-514370,4162
1688993751628,-514370,4162
1688993751629,-514370,4162
1688993751630,-514370,4162
1688993751632,-514370,4162
1688993751635,-514370,4162
1688993751637,-514370,4162
1688993751638,-514370,4162
1688993751639,-514370,4162
1688993751641,-514370,4162
1688993751642,-514370,4162
1688993751644,-514370,4162
1688993751646,-514370,4162
1688993751648,-514370,4162
1688993751649,-514370,4162
1688993751651,-514370,4162
1688993751652,-514370,4162
1688993751654,-514370,4162
1688993751656,-514370,4162
1688993751658,-514370,4162
1688993751660,-514370,4162
1688993751662,-514370,4162
1688993751663,-514370,4162
1688993751665,-514370,4162
1688993751667,-514370,4162
1688993751669,-514370,4162
1688993751670,-514370,4162
1688993751672,-514370,4162
1688993751673,-514370,4162
1688993751675,-514370,4162
1688993751676,-514370,4162
1688993751678,-514370,4162
1688993751680,-514370,4162
1688993751685,-514370,4162
1688993751688,-514370,4162
1688993751690,-514370,4162
1688993751693,-514370,4162
1688993751695,-514370,4162
1688993751697,-514370,4162
1688993751699,-514370,4162
1688993751700,-514370,4162
1688993751702,-514370,4162
1688993751705,-514370,4162
1688993751707,-514370,4162
1688993751709,-514370,4162
1688993751711,-514370,4162
1688993751712,-514370,4162
1688993751716,-514370,4162
1688993751717,-514370,4162
1688993751719,-514370,4162
1688993751723,-514370,4162
1688993751725,-514370,4162
1688993751727,-514370,4162
1688993751728,-514370,4162
1688993751729,-514370,4162
1688993751731,-514370,4162
1688993751732,-514370,4162
1688993751734,-514370,4162
1688993751735,-514370,4162
1688993751737,-514370,4162
1688993751738,-514370,4162
1688993751740,-514370,4162
1688993751741,-514370,4162
1688993751743,-514370,4162
1688993751745,-514370,4162
1688993751746,-514370,4162
1688993751748,-514370,4162
1688993751749,-514370,4162
1688993751750,-514370,4162
1688993751752,-514370,4162
1688993751754,-514370,4162
1688993751756,-514370,4162
1688993751758,-514370,4162
1688993751759,-514370,4162
1688993751761,-514370,4162
1688993751762,-514370,4162
1688993751763,-514370,4162
1688993751765,-514370,4162
1688993751767,-514370,4162
1688993751768,-514370,4162
1688993751770,-514370,4162
1688993751772,-514370,4162
1688993751773,-514370,4162
1688993751775,-514370,4162
1688993751777,-514370,4162
1688993751778,-514370,4162
1688993751780,-514370,4162
1688993751781,-514370,4162
1688993751783,-514370,4162
1688993751785,-514370,4162
1688993751786,-514370,4162
1688993751788,-514370,4162
1688993751790,-514370,4162
1688993751793,-514370,4162
1688993751795,-514370,4162
1688993751796,-514370,4162
1688993751798,-514370,4162
1688993751799,-514370,4162
1688993751801,-514370,4162
1688993751802,-514370,4162
1688993751804,-514370,4162
1688993751806,-514370,4162
1688993751808,-514370,4162
1688993751809,-514370,4162
1688993751811,-514370,4162
1688993751812,-514370,4162
1688993751814,-514370,4162
1688993751816,-514370,4162
1688993751817,-514370,4162
1688993751819,-514370,4162
1688993751821,-514370,4162
1688993751823,-514370,4162
1688993751825,-514370,4162
1688993751827,-514370,4162
1688993751828,-514370,4162
1688993751830,-514370,4162
1688993751831,-514370,4162
1688993751833,-514370,4162
1688993751835,-514370,4162
1688993751836,-514370,4162
1688993751837,-514370,4162
1688993751839,-514370,4162
1688993751840,-514370,4162
1688993751842,-514370,4162
1688993751844,-514370,4162
1688993751846,-514370,4162
1688993751847,-514370,4162
1688993751849,-514370,4162
1688993751850,-514370,4162
1688993751852,-514370,4162
1688993751854,-514370,4162
1688993751856,-514370,4162
1688993751859,-514370,4162
1688993751861,-514370,4162
1688993751863,-514370,4162
1688993751866,-514370,4162
1688993751868,-514370,4162
1688993751869,-514370,4162
1688993751871,-514370,4162
1688993751873,-514370,4162
1688993751874,-514370,4162
1688993751875,-514370,4162
1688993751877,-514370,4162
1688993751879,-514370,4162
1688993751881,-514370,4162
1688993751883,-514370,4162
1688993751884,-514370,4162
1688993751886,-514370,4162
1688993751888,-514370,4162
1688993751890,-514370,4162
1688993751892,-514370,4162
1688993751894,-514370,4162
1688993751895,-514370,4162
1688993751897,-514370,4162
1688993751898,-514370,4162
1688993751900,-514370,4162
1688993751902,-514370,4162
1688993751903,-514370,4162
1688993751905,-514370,4162
1688993751906,-514370,4162
1688993751908,-514370,4162
1688993751909,-514370,4162
1688993751911,-514370,4162
1688993751912,-514370,4162
1688993751914,-514370,4162
1688993751916,-514370,4162
1688993751918,-514370,4162
1688993751919,-514370,4162
1688993751921,-514370,4162
1688993751925,-514370,4162
1688993751926,-514370,4162
1688993751928,-514370,4162
1688993751930,-514370,4162
1688993751931,-514370,4162
1688993751933,-514370,4162
1688993751935,-514370,4162
1688993751936,-514370,4162
1688993751937,-514370,4162
1688993751939,-514370,4162
1688993751941,-514370,4162
1688993751942,-514370,4162
1688993751944,-514370,4162
1688993751946,-514370,4162
1688993751947,-514370,4162
1688993751949,-514370,4162
1688993751951,-514370,4162
1688993751952,-514370,4162
1688993751954,-514370,4162
1688993751956,-514370,4162
1688993751958,-606838,4162
1688993751961,-606838,4162
1688993751962,-606838,4162
1688993751964,-606838,4162
1688993751965,-606838,4162
1688993751967,-606838,4162
1688993751968,-606838,4162
1688993751970,-606838,4162
1688993751972,-606838,4162
1688993751973,-606838,4162
1688993751975,-606838,4162
1688993751976,-606838,4162
1688993751978,-606838,4162
1688993751981,-606838,4162
1688993751982,-606838,4162
1688993751984,-606838,4162
1688993751985,-606838,4162
1688993751988,-606838,4162
1688993751989,-606838,4162
1688993751992,-606838,4162
1688993751993,-606838,4162
1688993751995,-606838,4162
1688993751996,-606838,4162
1688993751998,-606838,4162
1688993751999,-606838,4162
1688993752001,-606838,4162
1688993752002,-606838,4162
1688993752003,-606838,4162
1688993752005,-606838,4162
1688993752006,-606838,4162
1688993752008,-606838,4162
1688993752009,-606838,4162
1688993752011,-606838,4162
1688993752012,-606838,4162
1688993752014,-606838,4162
1688993752016,-606838,4162
1688993752017,-606838,4162
1688993752019,-606838,4162
1688993752022,-606838,4162
1688993752024,-606838,4162
1688993752026,-606838,4162
1688993752027,-606838,4162
1688993752029,-606838,4162
1688993752030,-606838,4162
1688993752032,-606838,4162
1688993752033,-606838,4162
1688993752035,-606838,4162
1688993752036,-606838,4162
1688993752038,-606838,4162
1688993752040,-606838,4162
1688993752041,-606838,4162
1688993752042,-606838,4162
1688993752044,-606838,4162
1688993752046,-606838,4162
1688993752048,-606838,4162
1688993752049,-606838,4162
1688993752051,-606838,4162
1688993752052,-606838,4162
1688993752054,-606838,4162
1688993752056,-606838,4162
1688993752058,-606838,4162
1688993752060,-606838,4162
1688993752062,-606838,4162
1688993752063,-606838,4162
1688993752065,-606838,4162
1688993752066,-606838,4162
1688993752068,-606838,4162
1688993752069,-606838,4162
1688993752071,-606838,4162
1688993752072,-606838,4162
1688993752073,-606838,4162
1688993752075,-606838,4162
1688993752076,-606838,4162
1688993752078,-606838,4162
1688993752080,-606838,4162
1688993752082,-606838,4162
1688993752083,-606838,4162
1688993752085,-606838,4162
1688993752086,-606838,4162
1688993752088,-606838,4162
1688993752091,-606838,4162
1688993752093,-606838,4162
1688993752094,-606838,4162
1688993752096,-606838,4162
1688993752098,-606838,4162
1688993752100,-606838,4162
1688993752101,-606838,4162
1688993752102,-606838,4162
1688993752104,-606838,4162
1688993752105,-606838,4162
1688993752107,-606838,4162
1688993752108,-606838,4162
1688993752110,-606838,4162
1688993752112,-606838,4162
1688993752114,-606838,4162
1688993752115,-606838,4162
1688993752117,-606838,4162
1688993752119,-606838,4162
1688993752121,-606838,4162
1688993752124,-606838,4162
1688993752125,-606838,4162
1688993752127,-606838,4162
1688993752129,-606838,4162
1688993752130,-606838,4162
1688993752132,-606838,4162
1688993752134,-606838,4162
1688993752135,-606838,4162
1688993752137,-606838,4162
1688993752139,-606838,4162
1688993752141,-606838,4162
1688993752142,-606838,4162
1688993752144,-606838,4162
1688993752145,-606838,4162
1688993752147,-606838,4162
1688993752148,-606838,4162
1688993752150,-606838,4162
1688993752151,-606838,4162
1688993752152,-606838,4162
1688993752154,-606838,4162
1688993752157,-606838,4162
1688993752159,-606838,4162
1688993752161,-606838,4162
1688993752163,-606838,4162
1688993752164,-606838,4162
1688993752165,-606838,4162
1688993752167,-606838,4162
1688993752168,-606838,4162
1688993752170,-606838,4162
1688993752171,-606838,4162
1688993752173,-606838,4162
1688993752174,-606838,4162
1688993752176,-606838,4162
1688993752178,-606838,4162
1688993752179,-606838,4162
1688993752181,-606838,4162
1688993752183,-606838,4162
1688993752184,-606838,4162
1688993752185,-606838,4162
1688993752188,-606838,4162
1688993752191,-606838,4162
1688993752193,-606838,4162
1688993752195,-606838,4162
1688993752197,-606838,4162
1688993752198,-606838,4162
1688993752200,-606838,4162
1688993752202,-606838,4162
1688993752203,-606838,4162
1688993752205,-606838,4162
1688993752207,-606838,4162
1688993752208,-606838,4162
1688993752210,-606838,4162
1688993752212,-606838,4162
1688993752214,-606838,4162
1688993752215,-606838,4162
1688993752218,-606838,4162
1688993752220,-606838,4162
1688993752222,-606838,4162
1688993752224,-606838,4162
1688993752226,-606838,4162
1688993752228,-606838,4162
1688993752229,-606838,4162
1688993752230,-606838,4162
1688993752232,-606838,4162
1688993752233,-606838,4162
1688993752235,-606838,4162
1688993752236,-606838,4162
1688993752238,-606838,4162
1688993752240,-606838,4162
1688993752241,-606838,4162
1688993752243,-606838,4162
1688993752244,-606838,4162
1688993752246,-606838,4162
1688993752248,-606838,4162
1688993752249,-606838,4162
1688993752251,-606838,4162
1688993752252,-606838,4162
1688993752254,-606838,4162
1688993752256,-606838,4162
1688993752260,-606838,4162
1688993752262,-606838,4162
1688993752263,-606838,4162
1688993752265,-606838,4162
1688993752266,-606838,4162
1688993752268,-606838,4162
1688993752269,-606838,4162
1688993752271,-606838,4162
1688993752272,-606838,4162
1688993752274,-606838,4162
1688993752276,-606838,4162
1688993752278,-606838,4162
1688993752280,-606838,4162
1688993752281,-606838,4162
1688993752282,-606838,4162
1688993752284,-606838,4162
1688993752285,-606838,4162
1688993752287,-606838,4162
1688993752289,-606838,4162
1688993752291,-606838,4162
1688993752293,-606838,4162
1688993752295,-606838,4162
1688993752296,-606838,4162
1688993752298,-606838,4162
1688993752299,-606838,4162
1688993752301,-606838,4162
1688993752302,-606838,4162
1688993752303,-606838,4162
1688993752305,-606838,4162
1688993752307,-606838,4162
1688993752308,-606838,4162
1688993752310,-606838,4162
1688993752311,-606838,4162
1688993752313,-606838,4162
1688993752315,-606838,4162
1688993752317,-606838,4162
1688993752318,-606838,4162
1688993752320,-606838,4162
1688993752322,-606838,4162
1688993752325,-606838,4162
1688993752326,-606838,4162
1688993752328,-606838,4162
1688993752329,-606838,4162
1688993752331,-606838,4162
1688993752332,-606838,4162
1688993752334,-606838,4162
1688993752336,-606838,4162
1688993752339,-606838,4162
1688993752340,-606838,4162
1688993752342,-606838,4162
1688993752344,-606838,4162
1688993752345,-606838,4162
1688993752347,-606838,4162
1688993752348,-606838,4162
1688993752350,-606838,4162
1688993752351,-606838,4162
1688993752353,-606838,4162
1688993752355,-606838,4162
1688993752357,-606838,4162
1688993752359,-606838,4162
1688993752362,-606838,4162
1688993752363,-606838,4162
1688993752365,-606838,4162
1688993752367,-606838,4162
1688993752369,-606838,4162
1688993752370,-606838,4162
1688993752372,-606838,4162
1688993752373,-606838,4162
1688993752375,-606838,4162
1688993752377,-606838,4162
1688993752378,-606838,4162
1688993752380,-606838,4162
1688993752381,-606838,4162
1688993752383,-606838,4162
1688993752384,-606838,4162
1688993752385,-606838,4162
1688993752387,-606838,4162
1688993752389,-606838,4162
1688993752392,-606838,4162
1688993752394,-606838,4162
1688993752396,-606838,4162
1688993752397,-606838,4162
1688993752399,-606838,4162
1688993752400,-606838,4162
1688993752402,-606838,4162
1688993752403,-606838,4162
1688993752405,-606838,4162
1688993752407,-606838,4162
1688993752408,-606838,4162
1688993752410,-606838,4162
1688993752411,-606838,4162
1688993752414,-606838,4162
1688993752416,-606838,4162
1688993752418,-606838,4162
1688993752419,-606838,4162
1688993752422,-606838,4162
1688993752424,-606838,4162
1688993752426,-606838,4162
1688993752427,-606838,4162
1688993752429,-606838,4162
1688993752430,-606838,4162
1688993752432,-606838,4162
1688993752434,-606838,4162
1688993752435,-606838,4162
1688993752436,-606838,4162
1688993752438,-606838,4162
1688993752439,-606838,4162
1688993752441,-606838,4162
1688993752443,-606838,4162
1688993752444,-606838,4162
1688993752446,-606838,4162
1688993752447,-606838,4162
1688993752449,-606838,4162
1688993752450,-606838,4162
1688993752452,-606838,4162
1688993752455,-606838,4162
1688993752460,-606838,4162
1688993752462,-606838,4162
1688993752463,-606838,4162
1688993752465,-606838,4162
1688993752466,-606838,4162
1688993752468,-606838,4162
1688993752469,-606838,4162
1688993752471,-606838,4162
1688993752473,-606838,4162
1688993752474,-606838,4162
1688993752476,-606838,4162
1688993752477,-606838,4162
1688993752479,-606838,4162
1688993752481,-606838,4162
1688993752482,-606838,4162
1688993752484,-606838,4162
1688993752486,-606838,4162
1688993752488,-606838,4162
1688993752490,-606838,4162
1688993752492,-606838,4162
1688993752494,-606838,4162
1688993752496,-606838,4162
1688993752498,-606838,4162
1688993752499,-606838,4162
1688993752500,-606838,4162
1688993752502,-606838,4162
1688993752503,-606838,4162
1688993752505,-606838,4162
1688993752506,-606838,4162
1688993752508,-606838,4162
1688993752509,-606838,4162
1688993752511,-606838,4162
1688993752513,-606838,4162
1688993752515,-606838,4162
1688993752516,-606838,4162
1688993752518,-606838,4162
1688993752519,-606838,4162
1688993752521,-606838,4162
1688993752523,-606838,4162
1688993752525,-606838,4162
1688993752527,-606838,4162
1688993752529,-606838,4162
1688993752530,-606838,4162
1688993752532,-606838,4162
1688993752534,-606838,4162
1688993752536,-606838,4162
1688993752537,-606838,4162
1688993752539,-606838,4162
1688993752541,-606838,4162
1688993752542,-606838,4162
1688993752544,-606838,4162
1688993752546,-606838,4162
1688993752548,-606838,4162
1688993752549,-606838,4162
1688993752551,-606838,4162
1688993752552,-606838,4162
1688993752555,-606838,4162
1688993752557,-606838,4162
1688993752558,-606838,4162
1688993752560,-606838,4162
1688993752561,-606838,4162
1688993752562,-606838,4162
1688993752564,-606838,4162
1688993752565,-606838,4162
1688993752567,-606838,4162
1688993752568,-606838,4162
1688993752570,-606838,4162
1688993752572,-606838,4162
1688993752573,-606838,4162
1688993752575,-606838,4162
1688993752577,-606838,4162
1688993752579,-606838,4162
1688993752580,-606838,4162
1688993752582,-606838,4162
1688993752583,-606838,4162
1688993752585,-606838,4162
1688993752586,-606838,4162
1688993752588,-606838,4162
1688993752590,-606838,4162
1688993752592,-606838,4162
1688993752594,-606838,4162
1688993752595,-606838,4162
1688993752597,-606838,4162
1688993752598,-606838,4162
1688993752600,-606838,4162
1688993752601,-606838,4162
1688993752603,-606838,4162
1688993752604,-606838,4162
1688993752605,-606838,4162
1688993752607,-606838,4162
1688993752609,-606838,4162
1688993752610,-606838,4162
1688993752612,-606838,4162
1688993752614,-606838,4162
1688993752616,-606838,4162
1688993752617,-606838,4162
1688993752619,-606838,4162
1688993752621,-606838,4162
1688993752623,-606838,4162
1688993752625,-606838,4162
1688993752627,-606838,4162
1688993752628,-606838,4162
1688993752630,-606838,4162
1688993752632,-606838,4162
1688993752633,-606838,4162
1688993752635,-606838,4162
1688993752636,-606838,4162
1688993752637,-606838,4162
1688993752639,-606838,4162
1688993752641,-606838,4162
1688993752642,-606838,4162
1688993752644,-606838,4162
1688993752646,-606838,4162
1688993752647,-606838,4162
1688993752649,-606838,4162
1688993752651,-606838,4162
1688993752652,-606838,4162
1688993752655,-606838,4162
1688993752657,-606838,4162
1688993752659,-606838,4162
1688993752661,-606838,4162
1688993752662,-606838,4162
1688993752664,-606838,4162
1688993752665,-606838,4162
1688993752668,-606838,4162
1688993752669,-606838,4162
1688993752671,-606838,4162
1688993752673,-606838,4162
1688993752675,-606838,4162
1688993752676,-606838,4162
1688993752678,-606838,4162
1688993752680,-606838,4162
1688993752681,-606838,4162
1688993752682,-606838,4162
1688993752684,-606838,4162
1688993752685,-606838,4162
1688993752687,-606838,4162
1688993752689,-606838,4162
1688993752691,-606838,4162
1688993752693,-606838,4162
1688993752695,-606838,4162
1688993752696,-606838,4162
1688993752697,-606838,4162
1688993752699,-606838,4162
1688993752701,-606838,4162
1688993752702,-606838,4162
1688993752704,-606838,4162
1688993752705,-606838,4162
1688993752707,-606838,4162
1688993752708,-606838,4162
1688993752710,-606838,4162
1688993752712,-606838,4162
1688993752714,-606838,4162
1688993752715,-606838,4162
1688993752717,-606838,4162
1688993752718,-606838,4162
1688993752720,-606838,4162
1688993752722,-606838,4162
1688993752724,-606838,4162
1688993752726,-606838,4162
1688993752727,-606838,4162
1688993752729,-606838,4162
1688993752731,-606838,4162
1688993752732,-606838,4162
1688993752734,-606838,4162
1688993752736,-606838,4162
1688993752737,-606838,4162
1688993752739,-606838,4162
1688993752740,-606838,4162
1688993752742,-606838,4162
1688993752744,-606838,4162
1688993752745,-606838,4162
1688993752748,-606838,4162
1688993752750,-606838,4162
1688993752751,-606838,4162
1688993752754,-606838,4162
1688993752756,-606838,4162
1688993752758,-606838,4162
1688993752760,-606838,4162
1688993752761,-606838,4162
1688993752763,-606838,4162
1688993752764,-606838,4162
1688993752766,-606838,4162
1688993752768,-606838,4162
1688993752770,-606838,4162
1688993752772,-606838,4162
1688993752773,-606838,4162
1688993752775,-606838,4162
1688993752776,-606838,4162
1688993752778,-606838,4162
1688993752780,-606838,4162
1688993752782,-606838,4162
1688993752783,-606838,4162
1688993752785,-606838,4162
1688993752786,-606838,4162
1688993752788,-606838,4162
1688993752790,-606838,4162
1688993752792,-606838,4162
1688993752794,-606838,4162
1688993752796,-606838,4162
1688993752797,-606838,4162
1688993752799,-606838,4162
1688993752801,-606838,4162
1688993752802,-606838,4162
1688993752804,-606838,4162
1688993752805,-606838,4162
1688993752807,-606838,4162
1688993752809,-606838,4162
1688993752811,-606838,4162
1688993752813,-606838,4162
1688993752814,-606838,4162
1688993752816,-606838,4162
1688993752818,-606838,4162
1688993752819,-606838,4162
1688993752821,-606838,4162
1688993752823,-606838,4162
1688993752825,-606838,4162
1688993752827,-606838,4162
1688993752829,-606838,4162
1688993752831,-606838,4162
1688993752833,-606838,4162
1688993752835,-606838,4162
1688993752837,-606838,4162
1688993752838,-606838,4162
1688993752840,-606838,4162
1688993752841,-606838,4162
1688993752843,-606838,4162
1688993752845,-606838,4162
1688993752846,-606838,4162
1688993752848,-606838,4162
1688993752850,-606838,4162
1688993752852,-606838,4162
1688993752853,-606838,4162
1688993752855,-606838,4162
1688993752858,-606838,4162
1688993752860,-606838,4162
1688993752862,-606838,4162
1688993752863,-606838,4162
1688993752864,-606838,4162
1688993752866,-606838,4162
1688993752868,-606838,4162
1688993752870,-606838,4162
1688993752872,-606838,4162
1688993752873,-606838,4162
1688993752875,-606838,4162
1688993752876,-606838,4162
1688993752878,-606838,4162
1688993752879,-606838,4162
1688993752881,-606838,4162
1688993752883,-606838,4162
1688993752884,-606838,4162
1688993752886,-606838,4162
1688993752888,-606838,4162
1688993752891,-606838,4162
1688993752892,-606838,4162
1688993752894,-606838,4162
1688993752896,-606838,4162
1688993752897,-606838,4162
1688993752899,-606838,4162
1688993752901,-606838,4162
1688993752902,-606838,4162
1688993752903,-606838,4162
1688993752905,-606838,4162
1688993752907,-606838,4162
1688993752908,-606838,4162
1688993752910,-606838,4162
1688993752911,-606838,4162
1688993752913,-606838,4162
1688993752914,-606838,4162
1688993752916,-606838,4162
1688993752917,-606838,4162
1688993752919,-606838,4162
1688993752921,-606838,4162
1688993752924,-606838,4162
1688993752925,-606838,4162
1688993752928,-606838,4162
1688993752929,-606838,4162
1688993752931,-606838,4162
1688993752932,-606838,4162
1688993752934,-606838,4162
1688993752935,-606838,4162
1688993752937,-606838,4162
1688993752939,-606838,4162
1688993752940,-606838,4162
1688993752942,-606838,4162
1688993752943,-606838,4162
1688993752946,-606838,4162
1688993752948,-606838,4162
1688993752949,-606838,4162
1688993752951,-606838,4162
1688993752952,-606838,4162
1688993752954,-606838,4162
1688993752957,-606838,4162
1688993752959,-606838,4162
1688993752961,-606838,4162
1688993752962,-606838,4162
1688993752964,-606838,4162
1688993752966,-606838,4162
1688993752968,-606838,4162
1688993752969,-606838,4162
1688993752971,-606838,4162
1688993752972,-606838,4162
1688993752974,-606838,4162
1688993752975,-606838,4162
1688993752977,-606838,4162
1688993752979,-606838,4162
1688993752981,-606838,4162
1688993752983,-606838,4162
1688993752985,-606838,4162
1688993752987,-606838,4162
1688993752989,-606838,4162
1688993752991,-606838,4162
1688993752994,-606838,4162
1688993752995,-606838,4162
1688993752997,-606838,4162
1688993752999,-606838,4162
1688993753001,-606838,4162
1688993753002,-606838,4162
1688993753004,-606838,4162
1688993753006,-606838,4162
1688993753008,-606838,4162
1688993753009,-606838,4162
1688993753011,-606838,4162
1688993753013,-606838,4162
1688993753014,-606838,4162
1688993753016,-606838,4162
1688993753017,-606838,4162
1688993753019,-606838,4162
1688993753021,-606838,4162
1688993753023,-606838,4162
1688993753025,-606838,4162
1688993753029,-606838,4162
1688993753030,-606838,4162
1688993753032,-606838,4162
1688993753034,-606838,4162
1688993753035,-606838,4162
1688993753037,-606838,4162
1688993753039,-606838,4162
1688993753040,-606838,4162
1688993753042,-606838,4162
1688993753045,-606838,4162
1688993753046,-606838,4162
1688993753048,-606838,4162
1688993753050,-606838,4162
1688993753051,-606838,4162
1688993753053,-606838,4162
1688993753055,-606838,4162
1688993753057,-606838,4162
1688993753059,-606838,4162
1688993753061,-606838,4162
1688993753063,-606838,4162
1688993753064,-606838,4162
1688993753066,-606838,4162
1688993753068,-606838,4162
1688993753069,-606838,4162
1688993753071,-606838,4162
1688993753072,-606838,4162
1688993753074,-606838,4162
1688993753075,-606838,4162
1688993753077,-606838,4162
1688993753078,-606838,4162
1688993753080,-606838,4162
1688993753081,-606838,4162
1688993753082,-606838,4162
1688993753084,-606838,4162
1688993753086,-606838,4162
1688993753088,-606838,4162
1688993753090,-606838,4162
1688993753092,-606838,4162
1688993753093,-606838,4162
1688993753095,-606838,4162
1688993753096,-606838,4162
1688993753098,-606838,4162
1688993753099,-606838,4162
1688993753101,-606838,4162
1688993753102,-606838,4162
1688993753104,-606838,4162
1688993753106,-606838,4162
1688993753107,-606838,4162
1688993753108,-606838,4162
1688993753110,-606838,4162
1688993753112,-606838,4162
1688993753113,-606838,4162
1688993753115,-606838,4162
1688993753116,-606838,4162
1688993753118,-606838,4162
1688993753119,-606838,4162
1688993753121,-606838,4162
1688993753124,-606838,4162
1688993753126,-606838,4162
1688993753127,-606838,4162
1688993753129,-606838,4162
1688993753130,-606838,4162
1688993753132,-606838,4162
1688993753134,-606838,4162
1688993753135,-606838,4162
1688993753137,-606838,4162
1688993753139,-606838,4162
1688993753140,-606838,4162
1688993753142,-606838,4162
1688993753144,-606838,4162
1688993753145,-606838,4162
1688993753147,-606838,4162
1688993753148,-606838,4162
1688993753150,-606838,4162
1688993753151,-606838,4162
1688993753152,-606838,4162
1688993753154,-606838,4162
1688993753157,-606838,4162
1688993753159,-606838,4162
1688993753161,-606838,4162
1688993753162,-606838,4162
1688993753164,-606838,4162
1688993753165,-606838,4162
1688993753167,-606838,4162
1688993753168,-606838,4162
1688993753170,-606838,4162
1688993753171,-606838,4162
1688993753173,-606838,4162
1688993753174,-606838,4162
1688993753176,-606838,4162
1688993753178,-606838,4162
1688993753179,-606838,4162
1688993753181,-606838,4162
1688993753183,-606838,4162
1688993753184,-606838,4162
1688993753186,-606838,4162
1688993753188,-606838,4162
1688993753190,-606838,4162
1688993753192,-606838,4162
1688993753194,-606838,4162
1688993753195,-606838,4162
1688993753197,-606838,4162
1688993753198,-606838,4162
1688993753200,-606838,4162
1688993753202,-606838,4162
1688993753204,-606838,4162
1688993753205,-606838,4162
1688993753207,-606838,4162
1688993753208,-606838,4162
1688993753210,-606838,4162
1688993753211,-606838,4162
1688993753213,-606838,4162
1688993753215,-606838,4162
1688993753216,-606838,4162
1688993753218,-606838,4162
1688993753219,-606838,4162
1688993753221,-606838,4162
1688993753223,-606838,4162
1688993753225,-606838,4162
1688993753227,-606838,4162
1688993753228,-606838,4162
1688993753230,-606838,4162
1688993753231,-606838,4162
1688993753232,-606838,4162
1688993753234,-606838,4162
1688993753236,-606838,4162
1688993753237,-606838,4162
1688993753239,-606838,4162
1688993753240,-606838,4162
1688993753242,-606838,4162
1688993753244,-606838,4162
1688993753246,-606838,4162
1688993753248,-606838,4162
1688993753249,-606838,4162
1688993753251,-606838,4162
1688993753252,-606838,4162
1688993753253,-606838,4162
1688993753255,-606838,4162
1688993753258,-606838,4162
1688993753261,-606838,4162
1688993753262,-606838,4162
1688993753264,-606838,4162
1688993753266,-606838,4162
1688993753267,-606838,4162
1688993753269,-606838,4162
1688993753270,-606838,4162
1688993753271,-606838,4162
1688993753273,-606838,4162
1688993753274,-606838,4162
1688993753276,-606838,4162
1688993753277,-606838,4162
1688993753279,-606838,4162
1688993753281,-606838,4162
1688993753283,-606838,4162
1688993753284,-606838,4162
1688993753286,-606838,4162
1688993753288,-606838,4162
1688993753290,-606838,4162
1688993753292,-606838,4162
1688993753294,-606838,4162
1688993753295,-606838,4162
1688993753297,-606838,4162
1688993753298,-606838,4162
1688993753301,-606838,4162
1688993753302,-606838,4162
1688993753304,-606838,4162
1688993753306,-606838,4162
1688993753307,-606838,4162
1688993753309,-606838,4162
1688993753310,-606838,4162
1688993753312,-606838,4162
1688993753314,-606838,4162
1688993753315,-606838,4162
1688993753317,-606838,4162
1688993753319,-606838,4162
1688993753322,-606838,4162
1688993753325,-606838,4162
1688993753327,-606838,4162
1688993753328,-606838,4162
1688993753330,-606838,4162
1688993753331,-606838,4162
1688993753333,-606838,4162
1688993753335,-606838,4162
1688993753336,-606838,4162
1688993753338,-606838,4162
1688993753340,-606838,4162
1688993753342,-606838,4162
1688993753344,-606838,4162
1688993753346,-606838,4162
1688993753348,-606838,4162
1688993753349,-606838,4162
1688993753351,-606838,4162
1688993753352,-606838,4162
1688993753354,-606838,4162
1688993753356,-606838,4162
1688993753358,-606838,4162
1688993753360,-606838,4162
1688993753362,-606838,4162
1688993753363,-606838,4162
1688993753364,-606838,4162
1688993753366,-606838,4162
1688993753368,-606838,4162
1688993753369,-606838,4162
1688993753371,-606838,4162
1688993753372,-606838,4162
1688993753374,-606838,4162
1688993753375,-606838,4162
1688993753377,-606838,4162
1688993753379,-606838,4162
1688993753383,-606838,4162
1688993753385,-606838,4162
1688993753387,-606838,4162
1688993753389,-606838,4162
1688993753391,-606838,4162
1688993753392,-606838,4162
1688993753394,-606838,4162
1688993753396,-606838,4162
1688993753397,-606838,4162
1688993753399,-606838,4162
1688993753401,-606838,4162
1688993753403,-606838,4162
1688993753404,-606838,4162
1688993753406,-606838,4162
1688993753407,-606838,4162
1688993753409,-606838,4162
1688993753410,-606838,4162
1688993753412,-606838,4162
1688993753414,-606838,4162
1688993753415,-606838,4162
1688993753417,-606838,4162
1688993753418,-606838,4162
1688993753420,-606838,4162
1688993753423,-606838,4162
1688993753425,-606838,4162
1688993753426,-606838,4162
1688993753428,-606838,4162
1688993753429,-606838,4162
1688993753432,-606838,4162
1688993753433,-606838,4162
1688993753435,-606838,4162
1688993753436,-606838,4162
1688993753437,-606838,4162
1688993753439,-606838,4162
1688993753440,-606838,4162
1688993753442,-606838,4162
1688993753443,-606838,4162
1688993753445,-606838,4162
1688993753447,-606838,4162
1688993753448,-606838,4162
1688993753449,-606838,4162
1688993753451,-606838,4162
1688993753453,-606838,4162
1688993753455,-606838,4162
1688993753457,-606838,4162
1688993753459,-606838,4162
1688993753461,-606838,4162
1688993753462,-606838,4162
1688993753463,-606838,4162
1688993753465,-606838,4162
1688993753466,-606838,4162
1688993753468,-606838,4162
1688993753469,-606838,4162
1688993753471,-606838,4162
1688993753472,-606838,4162
1688993753474,-606838,4162
1688993753475,-606838,4162
1688993753477,-606838,4162
1688993753479,-606838,4162
1688993753480,-606838,4162
1688993753482,-606838,4162
1688993753484,-606838,4162
1688993753485,-606838,4162
1688993753487,-606838,4162
1688993753489,-606838,4162
1688993753491,-606838,4162
1688993753493,-606838,4162
1688993753494,-606838,4162
1688993753496,-606838,4162
1688993753498,-606838,4162
1688993753499,-606838,4162
1688993753501,-606838,4162
1688993753502,-606838,4162
1688993753504,-606838,4162
1688993753505,-606838,4162
1688993753506,-606838,4162
1688993753508,-606838,4162
1688993753509,-606838,4162
1688993753511,-606838,4162
1688993753513,-606838,4162
1688993753514,-606838,4162
1688993753516,-606838,4162
1688993753518,-606838,4162
1688993753520,-606838,4162
1688993753522,-606838,4162
1688993753524,-606838,4162
1688993753525,-606838,4162
1688993753528,-606838,4162
1688993753530,-606838,4162
1688993753532,-606838,4162
1688993753533,-606838,4162
1688993753534,-606838,4162
1688993753536,-606838,4162
1688993753538,-606838,4162
1688993753539,-606838,4162
1688993753541,-606838,4162
1688993753542,-606838,4162
1688993753544,-606838,4162
1688993753546,-606838,4162
1688993753548,-606838,4162
1688993753549,-606838,4162
1688993753551,-606838,4162
1688993753552,-606838,4162
1688993753553,-606838,4162
1688993753555,-606838,4162
1688993753558,-606838,4162
1688993753559,-606838,4162
1688993753561,-606838,4162
1688993753563,-606838,4162
1688993753564,-606838,4162
1688993753565,-606838,4162
1688993753567,-606838,4162
1688993753568,-606838,4162
1688993753570,-606838,4162
1688993753573,-606838,4162
1688993753575,-606838,4162
1688993753577,-606838,4162
1688993753579,-606838,4162
1688993753581,-606838,4162
1688993753583,-606838,4162
1688993753584,-606838,4162
1688993753586,-606838,4162
1688993753588,-606838,4162
1688993753591,-606838,4162
1688993753593,-606838,4162
1688993753595,-606838,4162
1688993753598,-606838,4162
1688993753600,-606838,4162
1688993753601,-606838,4162
1688993753603,-606838,4162
1688993753604,-606838,4162
1688993753606,-606838,4162
1688993753608,-606838,4162
1688993753609,-606838,4162
1688993753611,-606838,4162
1688993753612,-606838,4162
1688993753614,-606838,4162
1688993753616,-606838,4162
1688993753618,-606838,4162
1688993753620,-606838,4162
1688993753624,-606838,4162
1688993753626,-606838,4162
1688993753628,-606838,4162
1688993753629,-606838,4162
1688993753631,-606838,4162
1688993753632,-606838,4162
1688993753634,-606838,4162
1688993753635,-606838,4162
1688993753637,-606838,4162
1688993753638,-606838,4162
1688993753640,-606838,4162
1688993753641,-606838,4162
1688993753643,-606838,4162
1688993753645,-606838,4162
1688993753646,-606838,4162
1688993753648,-606838,4162
1688993753649,-606838,4162
1688993753651,-606838,4162
1688993753652,-606838,4162
1688993753654,-606838,4162
1688993753656,-606838,4162
1688993753658,-606838,4162
1688993753660,-606838,4162
1688993753662,-606838,4162
1688993753663,-606838,4162
1688993753665,-606838,4162
1688993753667,-606838,4162
1688993753668,-606838,4162
1688993753670,-606838,4162
1688993753671,-606838,4162
1688993753673,-606838,4162
1688993753675,-606838,4162
1688993753677,-606838,4162
1688993753678,-606838,4162
1688993753680,-606838,4162
1688993753681,-606838,4162
1688993753683,-606838,4162
1688993753684,-606838,4162
1688993753686,-606838,4162
1688993753688,-606838,4162
1688993753690,-606838,4162
1688993753692,-606838,4162
1688993753693,-606838,4162
1688993753695,-606838,4162
1688993753697,-606838,4162
1688993753698,-606838,4162
1688993753700,-606838,4162
1688993753702,-606838,4162
1688993753703,-606838,4162
1688993753705,-606838,4162
1688993753707,-606838,4162
1688993753709,-606838,4162
1688993753710,-606838,4162
1688993753712,-606838,4162
1688993753714,-606838,4162
1688993753716,-606838,4162
1688993753718,-606838,4162
1688993753720,-606838,4162
1688993753722,-606838,4162
1688993753728,-606838,4162
1688993753729,-606838,4162
1688993753731,-606838,4162
1688993753733,-606838,4162
1688993753735,-606838,4162
1688993753736,-606838,4162
1688993753738,-606838,4162
1688993753740,-606838,4162
1688993753741,-606838,4162
1688993753743,-606838,4162
1688993753744,-606838,4162
1688993753746,-606838,4162
1688993753747,-606838,4162
1688993753749,-606838,4162
1688993753750,-606838,4162
1688993753752,-606838,4162
1688993753754,-606838,4162
1688993753756,-606838,4162
1688993753758,-606838,4162
1688993753761,-606838,4162
1688993753763,-606838,4162
1688993753765,-606838,4162
1688993753766,-606838,4162
1688993753768,-606838,4162
1688993753769,-606838,4162
1688993753771,-606838,4162
1688993753773,-606838,4162
1688993753775,-606838,4162
1688993753776,-606838,4162
1688993753778,-606838,4162
1688993753780,-606838,4162
1688993753782,-606838,4162
1688993753783,-606838,4162
1688993753785,-606838,4162
1688993753786,-606838,4162
1688993753788,-606838,4162
1688993753790,-606838,4162
1688993753792,-606838,4162
1688993753794,-606838,4162
1688993753795,-606838,4162
1688993753797,-606838,4162
1688993753799,-606838,4162
1688993753801,-606838,4162
1688993753803,-606838,4162
1688993753804,-606838,4162
1688993753805,-606838,4162
1688993753807,-606838,4162
1688993753809,-606838,4162
1688993753810,-606838,4162
1688993753812,-606838,4162
1688993753814,-606838,4162
1688993753816,-606838,4162
1688993753817,-606838,4162
1688993753819,-606838,4162
1688993753821,-606838,4162
1688993753823,-606838,4162
1688993753825,-606838,4162
1688993753827,-606838,4162
1688993753829,-606838,4162
1688993753830,-606838,4162
1688993753832,-606838,4162
1688993753834,-606838,4162
1688993753835,-606838,4162
1688993753837,-606838,4162
1688993753839,-606838,4162
1688993753840,-606838,4162
1688993753841,-606838,4162
1688993753843,-606838,4162
1688993753845,-606838,4162
1688993753847,-606838,4162
1688993753848,-606838,4162
1688993753850,-606838,4162
1688993753851,-606838,4162
1688993753854,-606838,4162
1688993753855,-606838,4162
1688993753857,-606838,4162
1688993753859,-606838,4162
1688993753861,-606838,4162
1688993753862,-606838,4162
1688993753864,-606838,4162
1688993753865,-606838,4162
1688993753867,-606838,4162
1688993753869,-606838,4162
1688993753871,-606838,4162
1688993753872,-606838,4162
1688993753874,-606838,4162
1688993753875,-606838,4162
1688993753877,-606838,4162
1688993753879,-606838,4162
1688993753880,-606838,4162
1688993753882,-606838,4162
1688993753884,-606838,4162
1688993753885,-606838,4162
1688993753887,-606838,4162
1688993753890,-606838,4162
1688993753892,-606838,4162
1688993753894,-606838,4162
1688993753896,-606838,4162
1688993753897,-606838,4162
1688993753899,-606838,4162
1688993753901,-606838,4162
1688993753903,-606838,4162
1688993753905,-606838,4162
1688993753906,-606838,4162
1688993753908,-606838,4162
1688993753910,-606838,4162
1688993753912,-606838,4162
1688993753914,-606838,4162
1688993753915,-606838,4162
1688993753916,-606838,4162
1688993753918,-606838,4162
1688993753920,-606838,4162
1688993753922,-606838,4162
1688993753925,-606838,4162
1688993753927,-606838,4162
1688993753928,-606838,4162
1688993753930,-606838,4162
1688993753931,-606838,4162
1688993753933,-606838,4162
1688993753935,-606838,4162
1688993753936,-606838,4162
1688993753937,-606838,4162
1688993753939,-606838,4162
1688993753940,-606838,4162
1688993753942,-606838,4162
1688993753943,-606838,4162
1688993753945,-606838,4162
1688993753946,-606838,4162
1688993753948,-606838,4162
1688993753949,-606838,4162
1688993753951,-606838,4162
1688993753953,-606838,4162
1688993753955,-606838,4162
1688993753958,-606838,4162
1688993753960,-606838,4162
1688993753961,-606838,4162
1688993753963,-606838,4162
1688993753964,-606838,4162
1688993753966,-606838,4162
1688993753967,-606838,4162
1688993753969,-606838,4162
1688993753971,-606838,4162
1688993753973,-606838,4162
1688993753974,-606838,4162
1688993753976,-606838,4162
1688993753977,-606838,4162
1688993753979,-606838,4162
1688993753981,-606838,4162
1688993753982,-606838,4162
1688993753984,-606838,4162
1688993753985,-606838,4162
1688993753987,-606838,4162
1688993753990,-606838,4162
1688993753992,-606838,4162
1688993753994,-606838,4162
1688993753995,-606838,4162
1688993753997,-606838,4162
1688993753998,-606838,4162
1688993754000,-606838,4162
1688993754002,-606838,4162
1688993754003,-606838,4162
1688993754005,-606838,4162
1688993754006,-606838,4162
1688993754007,-606838,4162
1688993754009,-606838,4162
1688993754011,-606838,4162
1688993754013,-606838,4162
1688993754014,-606838,4162
1688993754016,-606838,4162
1688993754017,-606838,4162
1688993754019,-606838,4162
1688993754021,-606838,4162
1688993754022,-606838,4162
1688993754025,-606838,4162
1688993754026,-606838,4162
1688993754028,-606838,4162
1688993754030,-606838,4162
1688993754031,-606838,4162
1688993754033,-606838,4162
1688993754034,-606838,4162
1688993754036,-606838,4162
1688993754037,-606838,4162
1688993754039,-606838,4162
1688993754040,-606838,4162
1688993754042,-606838,4162
1688993754044,-606838,4162
1688993754045,-606838,4162
1688993754047,-606838,4162
1688993754049,-606838,4162
1688993754051,-606838,4162
1688993754052,-606838,4162
1688993754055,-606838,4162
1688993754058,-606838,4162
1688993754060,-606838,4162
1688993754062,-606838,4162
1688993754063,-606838,4162
1688993754066,-606838,4162
1688993754068,-606838,4162
1688993754070,-606838,4162
1688993754071,-606838,4162
1688993754073,-606838,4162
1688993754074,-606838,4162
1688993754076,-606838,4162
1688993754077,-606838,4162
1688993754079,-606838,4162
1688993754081,-606838,4162
1688993754082,-606838,4162
1688993754084,-606838,4162
1688993754085,-606838,4162
1688993754087,-606838,4162
1688993754090,-606838,4162
1688993754091,-606838,4162
1688993754093,-606838,4162
1688993754095,-606838,4162
1688993754096,-606838,4162
1688993754098,-606838,4162
1688993754099,-606838,4162
1688993754101,-606838,4162
1688993754102,-606838,4162
1688993754104,-606838,4162
1688993754105,-606838,4162
1688993754107,-606838,4162
1688993754109,-606838,4162
1688993754111,-606838,4162
1688993754112,-606838,4162
1688993754114,-606838,4162
1688993754116,-606838,4162
1688993754118,-606838,4162
1688993754120,-606838,4162
1688993754121,-606838,4162
1688993754127,-606838,4162
1688993754129,-606838,4162
1688993754131,-606838,4162
1688993754132,-606838,4162
1688993754134,-606838,4162
1688993754136,-606838,4162
1688993754137,-606838,4162
1688993754138,-606838,4162
1688993754140,-606838,4162
1688993754141,-606838,4162
1688993754142,-606838,4162
1688993754144,-606838,4162
1688993754146,-606838,4162
1688993754148,-606838,4162
1688993754150,-606838,4162
1688993754151,-606838,4162
1688993754153,-606838,4162
1688993754155,-606838,4162
1688993754157,-606838,4162
1688993754159,-606838,4162
1688993754160,-606838,4162
1688993754162,-606838,4162
1688993754163,-606838,4162
1688993754165,-606838,4162
1688993754166,-606838,4162
1688993754168,-606838,4162
1688993754170,-606838,4162
1688993754171,-606838,4162
1688993754173,-606838,4162
1688993754174,-606838,4162
1688993754176,-606838,4162
1688993754178,-606838,4162
1688993754179,-606838,4162
1688993754181,-606838,4162
1688993754182,-606838,4162
1688993754184,-606838,4162
1688993754185,-606838,4162
1688993754188,-606838,4162
1688993754190,-606838,4162
1688993754192,-606838,4162
1688993754193,-606838,4162
1688993754195,-606838,4162
1688993754197,-606838,4162
1688993754198,-606838,4162
1688993754200,-606838,4162
1688993754201,-606838,4162
1688993754203,-606838,4162
1688993754204,-606838,4162
1688993754205,-606838,4162
1688993754208,-606838,4162
1688993754210,-606838,4162
1688993754211,-606838,4162
1688993754213,-606838,4162
1688993754215,-606838,4162
1688993754216,-606838,4162
1688993754218,-606838,4162
1688993754219,-606838,4162
1688993754222,-606838,4162
1688993754225,-606838,4162
1688993754228,-606838,4162
1688993754230,-606838,4162
1688993754231,-606838,4162
1688993754233,-606838,4162
1688993754234,-606838,4162
1688993754235,-606838,4162
1688993754237,-606838,4162
1688993754238,-606838,4162
1688993754240,-606838,4162
1688993754241,-606838,4162
1688993754243,-606838,4162
1688993754244,-606838,4162
1688993754247,-606838,4162
1688993754248,-606838,4162
1688993754250,-606838,4162
1688993754252,-606838,4162
1688993754253,-606838,4162
1688993754255,-606838,4162
1688993754257,-606838,4162
1688993754259,-606838,4162
1688993754261,-606838,4162
1688993754262,-606838,4162
1688993754264,-606838,4162
1688993754266,-606838,4162
1688993754268,-606838,4162
1688993754269,-606838,4162
1688993754271,-606838,4162
1688993754273,-606838,4162
1688993754274,-606838,4162
1688993754275,-606838,4162
1688993754277,-606838,4162
1688993754279,-606838,4162
1688993754281,-606838,4162
1688993754282,-606838,4162
1688993754283,-606838,4162
1688993754285,-606838,4162
1688993754288,-606838,4162
1688993754290,-606838,4162
1688993754292,-606838,4162
1688993754293,-606838,4162
1688993754295,-606838,4162
1688993754296,-606838,4162
1688993754298,-606838,4162
1688993754299,-606838,4162
1688993754301,-606838,4162
1688993754302,-606838,4162
1688993754304,-606838,4162
1688993754306,-606838,4162
1688993754308,-606838,4162
1688993754310,-606838,4162
1688993754311,-606838,4162
1688993754314,-606838,4162
1688993754315,-606838,4162
1688993754317,-606838,4162
1688993754319,-606838,4162
1688993754321,-606838,4162
1688993754323,-606838,4162
1688993754325,-606838,4162
1688993754327,-606838,4162
1688993754329,-606838,4162
1688993754330,-606838,4162
1688993754332,-606838,4162
1688993754334,-606838,4162
1688993754335,-606838,4162
1688993754337,-606838,4162
1688993754339,-606838,4162
1688993754340,-606838,4162
1688993754342,-606838,4162
1688993754343,-606838,4162
1688993754345,-606838,4162
1688993754347,-606838,4162
1688993754349,-606838,4162
1688993754350,-606838,4162
1688993754352,-606838,4162
1688993754354,-606838,4162
1688993754356,-606838,4162
1688993754358,-606838,4162
1688993754360,-606838,4162
1688993754362,-606838,4162
1688993754363,-606838,4162
1688993754365,-606838,4162
1688993754367,-606838,4162
1688993754368,-606838,4162
1688993754370,-606838,4162
1688993754371,-606838,4162
1688993754373,-606838,4162
1688993754374,-606838,4162
1688993754375,-606838,4162
1688993754377,-606838,4162
1688993754379,-606838,4162
1688993754381,-606838,4162
1688993754382,-606838,4162
1688993754385,-606838,4162
1688993754386,-606838,4162
1688993754389,-606838,4162
1688993754391,-606838,4162
1688993754393,-606838,4162
1688993754395,-606838,4162
1688993754396,-606838,4162
1688993754398,-606838,4162
1688993754399,-606838,4162
1688993754401,-606838,4162
1688993754403,-606838,4162
1688993754405,-606838,4162
1688993754408,-606838,4162
1688993754409,-606838,4162
1688993754411,-606838,4162
1688993754413,-606838,4162
1688993754415,-606838,4162
1688993754417,-606838,4162
1688993754418,-606838,4162
1688993754420,-606838,4162
1688993754423,-606838,4162
1688993754425,-606838,4162
1688993754427,-606838,4162
1688993754429,-606838,4162
1688993754431,-606838,4162
1688993754433,-606838,4162
1688993754435,-606838,4162
1688993754436,-606838,4162
1688993754437,-606838,4162
1688993754439,-606838,4162
1688993754440,-606838,4162
1688993754442,-606838,4162
1688993754444,-606838,4162
1688993754446,-606838,4162
1688993754448,-606838,4162
1688993754449,-606838,4162
1688993754451,-606838,4162
1688993754452,-606838,4162
1688993754454,-606838,4162
1688993754456,-606838,4162
1688993754458,-606838,4162
1688993754460,-606838,4162
1688993754462,-606838,4162
1688993754464,-606838,4162
1688993754466,-606838,4162
1688993754467,-606838,4162
1688993754469,-606838,4162
1688993754470,-606838,4162
1688993754472,-606838,4162
1688993754474,-606838,4162
1688993754475,-606838,4162
1688993754477,-606838,4162
1688993754478,-606838,4162
1688993754480,-606838,4162
1688993754482,-606838,4162
1688993754484,-606838,4162
1688993754486,-606838,4162
1688993754488,-606838,4162
1688993754490,-606838,4162
1688993754492,-606838,4162
1688993754494,-606838,4162
1688993754495,-606838,4162
1688993754497,-606838,4162
1688993754498,-606838,4162
1688993754500,-606838,4162
1688993754501,-606838,4162
1688993754503,-606838,4162
1688993754504,-606838,4162
1688993754505,-606838,4162
1688993754507,-606838,4162
1688993754509,-606838,4162
1688993754511,-606838,4162
1688993754512,-606838,4162
1688993754514,-606838,4162
1688993754516,-606838,4162
1688993754518,-606838,4162
1688993754519,-606838,4162
1688993754525,-606838,4162
1688993754527,-606838,4162
1688993754528,-606838,4162
1688993754530,-606838,4162
1688993754532,-606838,4162
1688993754533,-606838,4162
1688993754535,-606838,4162
1688993754536,-606838,4162
1688993754538,-606838,4162
1688993754539,-606838,4162
1688993754541,-606838,4162
1688993754543,-606838,4162
1688993754545,-606838,4162
1688993754546,-606838,4162
1688993754548,-606838,4162
1688993754549,-606838,4162
1688993754551,-606838,4162
1688993754552,-606838,4162
1688993754554,-606838,4162
1688993754556,-606838,4162
1688993754558,-606838,4162
1688993754560,-606838,4162
1688993754561,-606838,4162
1688993754563,-606838,4162
1688993754565,-606838,4162
1688993754566,-606838,4162
1688993754568,-606838,4162
1688993754569,-606838,4162
1688993754571,-606838,4162
1688993754572,-606838,4162
1688993754573,-606838,4162
1688993754575,-606838,4162
1688993754577,-606838,4162
1688993754578,-606838,4162
1688993754580,-606838,4162
1688993754582,-606838,4162
1688993754584,-606838,4162
1688993754585,-606838,4162
1688993754587,-606838,4162
1688993754589,-606838,4162
1688993754591,-606838,4162
1688993754593,-606838,4162
1688993754595,-606838,4162
1688993754596,-606838,4162
1688993754597,-606838,4162
1688993754599,-606838,4162
1688993754601,-606838,4162
1688993754603,-606838,4162
1688993754604,-606838,4162
1688993754606,-606838,4162
1688993754607,-606838,4162
1688993754609,-606838,4162
1688993754610,-606838,4162
1688993754612,-606838,4162
1688993754613,-606838,4162
1688993754615,-606838,4162
1688993754616,-606838,4162
1688993754617,-606838,4162
1688993754619,-606838,4162
1688993754621,-606838,4162
1688993754624,-606838,4162
1688993754625,-606838,4162
1688993754627,-606838,4162
1688993754629,-606838,4162
1688993754630,-606838,4162
1688993754632,-606838,4162
1688993754633,-606838,4162
1688993754635,-606838,4162
1688993754636,-606838,4162
1688993754638,-606838,4162
1688993754639,-606838,4162
1688993754641,-606838,4162
1688993754643,-606838,4162
1688993754645,-606838,4162
1688993754646,-606838,4162
1688993754648,-606838,4162
1688993754649,-606838,4162
1688993754651,-606838,4162
1688993754652,-606838,4162
1688993754654,-606838,4162
1688993754656,-606838,4162
1688993754659,-606838,4162
1688993754661,-606838,4162
1688993754663,-606838,4162
1688993754664,-606838,4162
1688993754665,-606838,4162
1688993754667,-606838,4162
1688993754669,-606838,4162
1688993754671,-606838,4162
1688993754672,-606838,4162
1688993754674,-606838,4162
1688993754675,-606838,4162
1688993754677,-606838,4162
1688993754678,-606838,4162
1688993754680,-606838,4162
1688993754682,-606838,4162
1688993754683,-606838,4162
1688993754685,-606838,4162
1688993754687,-606838,4162
1688993754689,-606838,4162
1688993754691,-606838,4162
1688993754693,-606838,4162
1688993754694,-606838,4162
1688993754696,-606838,4162
1688993754697,-606838,4162
1688993754699,-606838,4162
1688993754701,-606838,4162
1688993754703,-606838,4162
1688993754704,-606838,4162
1688993754706,-606838,4162
1688993754707,-606838,4162
1688993754709,-606838,4162
1688993754710,-606838,4162
1688993754712,-606838,4162
1688993754714,-606838,4162
1688993754715,-606838,4162
1688993754717,-606838,4162
1688993754722,-606838,4162
1688993754725,-606838,4162
1688993754727,-606838,4162
1688993754728,-606838,4162
1688993754730,-606838,4162
1688993754731,-606838,4162
1688993754733,-606838,4162
1688993754734,-606838,4162
1688993754736,-606838,4162
1688993754738,-606838,4162
1688993754740,-606838,4162
1688993754741,-606838,4162
1688993754743,-606838,4162
1688993754744,-606838,4162
1688993754746,-606838,4162
1688993754748,-606838,4162
1688993754749,-606838,4162
1688993754751,-606838,4162
1688993754752,-606838,4162
1688993754754,-606838,4162
1688993754756,-606838,4162
1688993754759,-606838,4162
1688993754760,-606838,4162
1688993754762,-606838,4162
1688993754764,-606838,4162
1688993754765,-606838,4162
1688993754767,-606838,4162
1688993754768,-606838,4162
1688993754769,-606838,4162
1688993754771,-606838,4162
1688993754772,-606838,4162
1688993754774,-606838,4162
1688993754775,-606838,4162
1688993754777,-606838,4162
1688993754779,-606838,4162
1688993754781,-606838,4162
1688993754783,-606838,4162
1688993754785,-606838,4162
1688993754786,-606838,4162
1688993754788,-606838,4162
1688993754790,-606838,4162
1688993754792,-606838,4162
1688993754794,-606838,4162
1688993754796,-606838,4162
1688993754798,-606838,4162
1688993754800,-606838,4162
1688993754801,-606838,4162
1688993754803,-606838,4162
1688993754805,-606838,4162
1688993754806,-606838,4162
1688993754808,-606838,4162
1688993754809,-606838,4162
1688993754811,-606838,4162
1688993754812,-606838,4162
1688993754814,-606838,4162
1688993754815,-606838,4162
1688993754817,-606838,4162
1688993754819,-606838,4162
1688993754821,-606838,4162
1688993754823,-606838,4162
1688993754825,-606838,4162
1688993754827,-606838,4162
1688993754828,-606838,4162
1688993754830,-606838,4162
1688993754831,-606838,4162
1688993754833,-606838,4162
1688993754834,-606838,4162
1688993754835,-606838,4162
1688993754837,-606838,4162
1688993754838,-606838,4162
1688993754840,-606838,4162
1688993754841,-606838,4162
1688993754843,-606838,4162
1688993754845,-606838,4162
1688993754846,-606838,4162
1688993754848,-606838,4162
1688993754850,-606838,4162
1688993754851,-606838,4162
1688993754852,-606838,4162
1688993754855,-606838,4162
1688993754857,-606838,4162
1688993754859,-606838,4162
1688993754861,-606838,4162
1688993754862,-606838,4162
1688993754864,-606838,4162
1688993754865,-606838,4162
1688993754867,-606838,4162
1688993754868,-606838,4162
1688993754870,-606838,4162
1688993754871,-606838,4162
1688993754872,-606838,4162
1688993754874,-606838,4162
1688993754876,-606838,4162
1688993754878,-606838,4162
1688993754879,-606838,4162
1688993754881,-606838,4162
1688993754882,-606838,4162
1688993754884,-606838,4162
1688993754886,-606838,4162
1688993754890,-606838,4162
1688993754892,-606838,4162
1688993754893,-606838,4162
1688993754895,-606838,4162
1688993754897,-606838,4162
1688993754899,-606838,4162
1688993754900,-606838,4162
1688993754902,-606838,4162
1688993754903,-606838,4162
1688993754905,-606838,4162
1688993754907,-606838,4162
1688993754908,-606838,4162
1688993754910,-606838,4162
1688993754912,-606838,4162
1688993754913,-606838,4162
1688993754915,-606838,4162
1688993754917,-606838,4162
1688993754919,-606838,4162
1688993754920,-606838,4162
1688993754922,-606838,4162
1688993754926,-606838,4162
1688993754927,-606838,4162
1688993754929,-606838,4162
1688993754931,-606838,4162
1688993754933,-606838,4162
1688993754938,-606838,4162
1688993754940,-606838,4162
1688993754941,-606838,4162
1688993754943,-606838,4162
1688993754945,-606838,4162
1688993754947,-606838,4162
1688993754949,-606838,4162
1688993754951,-606838,4162
1688993754952,-606838,4162
1688993754956,-606838,4162
1688993754958,-606838,4162
1688993754960,-606838,4162
1688993754962,-606838,4162
1688993754964,-606838,4162
1688993754965,-606838,4162
1688993754967,-606838,4162
1688993754969,-606838,4162
1688993754970,-606838,4162
1688993754971,-606838,4162
1688993754973,-606838,4162
1688993754974,-606838,4162
1688993754976,-606838,4162
1688993754978,-606838,4162
1688993754979,-606838,4162
1688993754981,-606838,4162
1688993754983,-606838,4162
1688993754984,-606838,4162
1688993754985,-606838,4162
1688993754987,-606838,4162
1688993754989,-606838,4162
1688993754991,-606838,4162
1688993754993,-606838,4162
1688993754995,-606838,4162
1688993754997,-606838,4162
1688993754998,-606838,4162
1688993754999,-606838,4162
1688993755001,-606838,4162
1688993755003,-606838,4162
1688993755004,-606838,4162
1688993755006,-606838,4162
1688993755007,-606838,4162
1688993755008,-606838,4162
1688993755010,-606838,4162
1688993755011,-606838,4162
1688993755013,-606838,4162
1688993755015,-606838,4162
1688993755016,-606838,4162
1688993755017,-606838,4162
1688993755019,-606838,4162
1688993755021,-606838,4162
1688993755023,-606838,4162
1688993755024,-606838,4162
1688993755025,-606838,4162
1688993755027,-606838,4162
1688993755028,-606838,4162
1688993755030,-606838,4162
1688993755031,-606838,4162
1688993755032,-606838,4162
1688993755034,-606838,4162
1688993755036,-606838,4162
1688993755037,-606838,4162
1688993755039,-606838,4162
1688993755040,-606838,4162
1688993755041,-606838,4162
1688993755043,-606838,4162
1688993755044,-606838,4162
1688993755046,-606838,4162
1688993755047,-606838,4162
1688993755048,-606838,4162
1688993755051,-606838,4162
1688993755052,-606838,4162
1688993755054,-606838,4162
1688993755056,-606838,4162
1688993755059,-606838,4162
1688993755061,-606838,4162
1688993755062,-606838,4162
1688993755064,-606838,4162
1688993755065,-606838,4162
1688993755067,-606838,4162
1688993755068,-606838,4162
1688993755070,-606838,4162
1688993755072,-606838,4162
1688993755074,-606838,4162
1688993755075,-606838,4162
1688993755077,-606838,4162
1688993755079,-606838,4162
1688993755081,-606838,4162
1688993755082,-606838,4162
1688993755084,-606838,4162
1688993755085,-606838,4162
1688993755086,-606838,4162
1688993755089,-606838,4162
1688993755092,-606838,4162
1688993755094,-606838,4162
1688993755096,-606838,4162
1688993755097,-606838,4162
1688993755099,-606838,4162
1688993755101,-606838,4162
1688993755102,-606838,4162
1688993755103,-606838,4162
1688993755105,-606838,4162
1688993755106,-606838,4162
1688993755108,-606838,4162
1688993755109,-606838,4162
1688993755111,-606838,4162
1688993755112,-606838,4162
1688993755114,-606838,4162
1688993755116,-606838,4162
1688993755118,-606838,4162
1688993755119,-606838,4162
1688993755121,-606838,4162
1688993755123,-606838,4162
1688993755125,-606838,4162
1688993755127,-606838,4162
1688993755130,-606838,4162
1688993755132,-606838,4162
1688993755133,-606838,4162
1688993755135,-606838,4162
1688993755137,-606838,4162
1688993755138,-606838,4162
1688993755140,-606838,4162
1688993755141,-606838,4162
1688993755143,-606838,4162
1688993755145,-606838,4162
1688993755146,-606838,4162
1688993755148,-606838,4162
1688993755150,-606838,4162
1688993755151,-606838,4162
1688993755153,-606838,4162
1688993755155,-606838,4162
1688993755158,-606838,4162
1688993755159,-606838,4162
1688993755160,-606838,4162
1688993755162,-606838,4162
1688993755163,-606838,4162
1688993755165,-606838,4162
1688993755166,-606838,4162
1688993755168,-606838,4162
1688993755169,-606838,4162
1688993755171,-606838,4162
1688993755173,-606838,4162
1688993755175,-606838,4162
1688993755177,-606838,4162
1688993755179,-606838,4162
1688993755180,-606838,4162
1688993755182,-606838,4162
1688993755183,-606838,4162
1688993755185,-606838,4162
1688993755187,-606838,4162
1688993755189,-606838,4162
1688993755192,-606838,4162
1688993755194,-606838,4162
1688993755195,-606838,4162
1688993755197,-606838,4162
1688993755199,-606838,4162
1688993755201,-606838,4162
1688993755202,-606838,4162
1688993755204,-606838,4162
1688993755205,-606838,4162
1688993755207,-606838,4162
1688993755209,-606838,4162
1688993755211,-606838,4162
1688993755213,-606838,4162
1688993755214,-606838,4162
1688993755216,-606838,4162
1688993755217,-606838,4162
1688993755219,-606838,4162
1688993755221,-606838,4162
1688993755223,-606838,4162
1688993755225,-606838,4162
1688993755226,-606838,4162
1688993755228,-606838,4162
1688993755229,-606838,4162
1688993755231,-606838,4162
1688993755233,-606838,4162
1688993755234,-606838,4162
1688993755235,-606838,4162
1688993755237,-606838,4162
1688993755238,-606838,4162
1688993755240,-606838,4162
1688993755242,-606838,4162
1688993755243,-606838,4162
1688993755245,-606838,4162
1688993755246,-606838,4162
1688993755248,-606838,4162
1688993755249,-606838,4162
1688993755251,-606838,4162
1688993755253,-606838,4162
1688993755255,-606838,4162
1688993755257,-606838,4162
1688993755259,-606838,4162
1688993755261,-606838,4162
1688993755262,-606838,4162
1688993755264,-606838,4162
1688993755265,-606838,4162
1688993755267,-606838,4162
1688993755268,-606838,4162
1688993755270,-606838,4162
1688993755271,-606838,4162
1688993755273,-606838,4162
1688993755275,-606838,4162
1688993755276,-606838,4162
1688993755278,-606838,4162
1688993755279,-606838,4162
1688993755281,-606838,4162
1688993755282,-606838,4162
1688993755284,-606838,4162
1688993755285,-606838,4162
1688993755287,-606838,4162
1688993755289,-606838,4162
1688993755291,-606838,4162
1688993755293,-606838,4162
1688993755294,-606838,4162
1688993755297,-606838,4162
1688993755298,-606838,4162
1688993755300,-606838,4162
1688993755302,-606838,4162
1688993755303,-606838,4162
1688993755305,-606838,4162
1688993755306,-606838,4162
1688993755308,-606838,4162
1688993755309,-606838,4162
1688993755312,-606838,4162
1688993755313,-606838,4162
1688993755315,-606838,4162
1688993755316,-606838,4162
1688993755318,-606838,4162
1688993755319,-606838,4162
1688993755321,-606838,4162
1688993755325,-606838,4162
1688993755327,-606838,4162
1688993755329,-606838,4162
1688993755331,-606838,4162
1688993755332,-606838,4162
1688993755334,-606838,4162
1688993755335,-606838,4162
1688993755337,-606838,4162
1688993755338,-606838,4162
1688993755340,-606838,4162
1688993755342,-606838,4162
1688993755343,-606838,4162
1688993755345,-606838,4162
1688993755347,-606838,4162
1688993755349,-606838,4162
1688993755350,-606838,4162
1688993755352,-606838,4162
1688993755353,-606838,4162
1688993755355,-606838,4162
1688993755358,-606838,4162
1688993755359,-606838,4162
1688993755361,-606838,4162
1688993755362,-606838,4162
1688993755364,-606838,4162
1688993755366,-606838,4162
1688993755367,-606838,4162
1688993755369,-606838,4162
1688993755371,-606838,4162
1688993755372,-606838,4162
1688993755374,-606838,4162
1688993755375,-606838,4162
1688993755377,-606838,4162
1688993755379,-606838,4162
1688993755381,-606838,4162
1688993755382,-606838,4162
1688993755384,-606838,4162
1688993755386,-606838,4162
1688993755388,-606838,4162
1688993755390,-606838,4162
1688993755392,-606838,4162
1688993755394,-606838,4162
1688993755396,-606838,4162
1688993755397,-606838,4162
1688993755398,-606838,4162
1688993755400,-606838,4162
1688993755401,-606838,4162
1688993755402,-606838,4162
1688993755404,-606838,4162
1688993755405,-606838,4162
1688993755407,-606838,4162
1688993755408,-606838,4162
1688993755410,-606838,4162
1688993755412,-606838,4162
1688993755414,-606838,4162
1688993755415,-606838,4162
1688993755417,-606838,4162
1688993755418,-606838,4162
1688993755420,-606838,4162
1688993755422,-606838,4162
1688993755425,-606838,4162
1688993755426,-606838,4162
1688993755428,-606838,4162
1688993755431,-606838,4162
1688993755432,-606838,4162
1688993755434,-606838,4162
1688993755436,-606838,4162
1688993755437,-606838,4162
1688993755439,-606838,4162
1688993755440,-606838,4162
1688993755442,-606838,4162
1688993755444,-606838,4162
1688993755445,-606838,4162
1688993755447,-606838,4162
1688993755449,-606838,4162
1688993755451,-606838,4162
1688993755452,-606838,4162
1688993755454,-606838,4162
1688993755456,-606838,4162
1688993755458,-606838,4162
1688993755460,-606838,4162
1688993755462,-606838,4162
1688993755463,-606838,4162
1688993755465,-606838,4162
1688993755466,-606838,4162
1688993755468,-606838,4162
1688993755470,-606838,4162
1688993755471,-606838,4162
1688993755472,-606838,4162
1688993755474,-606838,4162
1688993755475,-606838,4162
1688993755477,-606838,4162
1688993755478,-606838,4162
1688993755480,-606838,4162
1688993755481,-606838,4162
1688993755482,-606838,4162
1688993755484,-606838,4162
1688993755485,-606838,4162
1688993755488,-606838,4162
1688993755491,-606838,4162
1688993755492,-606838,4162
1688993755494,-606838,4162
1688993755496,-606838,4162
1688993755497,-606838,4162
1688993755499,-606838,4162
1688993755500,-606838,4162
1688993755501,-606838,4162
1688993755503,-606838,4162
1688993755504,-606838,4162
1688993755505,-606838,4162
1688993755508,-606838,4162
1688993755510,-606838,4162
1688993755511,-606838,4162
1688993755513,-606838,4162
1688993755514,-606838,4162
1688993755516,-606838,4162
1688993755517,-606838,4162
1688993755519,-606838,4162
1688993755521,-606838,4162
1688993755523,-606838,4162
1688993755525,-606838,4162
1688993755528,-606838,4162
1688993755529,-606838,4162
1688993755531,-606838,4162
1688993755532,-606838,4162
1688993755534,-606838,4162
1688993755536,-606838,4162
1688993755537,-606838,4162
1688993755539,-606838,4162
1688993755541,-606838,4162
1688993755542,-606838,4162
1688993755544,-606838,4162
1688993755546,-606838,4162
1688993755548,-606838,4162
1688993755549,-606838,4162
1688993755551,-606838,4162
1688993755552,-606838,4162
1688993755554,-606838,4162
1688993755557,-606838,4162
1688993755559,-606838,4162
1688993755560,-606838,4162
1688993755561,-606838,4162
1688993755562,-606838,4162
1688993755564,-606838,4162
1688993755565,-606838,4162
1688993755568,-606838,4162
1688993755569,-606838,4162
1688993755571,-606838,4162
1688993755572,-606838,4162
1688993755574,-606838,4162
1688993755575,-606838,4162
1688993755577,-606838,4162
1688993755579,-606838,4162
1688993755580,-606838,4162
1688993755582,-606838,4162
1688993755583,-606838,4162
1688993755585,-606838,4162
1688993755587,-606838,4162
1688993755590,-606838,4162
1688993755592,-606838,4162
1688993755593,-606838,4162
1688993755595,-606838,4162
1688993755596,-606838,4162
1688993755598,-606838,4162
1688993755599,-606838,4162
1688993755600,-606838,4162
1688993755602,-606838,4162
1688993755603,-606838,4162
1688993755605,-606838,4162
1688993755607,-606838,4162
1688993755608,-606838,4162
1688993755609,-606838,4162
1688993755611,-606838,4162
1688993755612,-606838,4162
1688993755614,-606838,4162
1688993755616,-606838,4162
1688993755617,-606838,4162
1688993755619,-606838,4162
1688993755621,-606838,4162
1688993755623,-606838,4162
1688993755625,-606838,4162
1688993755627,-606838,4162
1688993755629,-606838,4162
1688993755630,-606838,4162
1688993755631,-606838,4162
1688993755633,-606838,4162
1688993755634,-606838,4162
1688993755636,-606838,4162
1688993755637,-606838,4162
1688993755639,-606838,4162
1688993755641,-606838,4162
1688993755642,-606838,4162
1688993755644,-606838,4162
1688993755646,-606838,4162
1688993755647,-606838,4162
1688993755649,-606838,4162
1688993755650,-606838,4162
1688993755652,-606838,4162
1688993755653,-606838,4162
1688993755656,-606838,4162
1688993755658,-606838,4162
1688993755660,-606838,4162
1688993755661,-606838,4162
1688993755662,-606838,4162
1688993755664,-606838,4162
1688993755666,-606838,4162
1688993755668,-606838,4162
1688993755669,-606838,4162
1688993755671,-606838,4162
1688993755672,-606838,4162
1688993755673,-606838,4162
1688993755674,-606838,4162
1688993755676,-606838,4162
1688993755677,-606838,4162
1688993755679,-606838,4162
1688993755681,-606838,4162
1688993755682,-606838,4162
1688993755685,-606838,4162
1688993755686,-606838,4162
1688993755689,-606838,4162
1688993755691,-606838,4162
1688993755692,-606838,4162
1688993755694,-606838,4162
1688993755696,-606838,4162
1688993755697,-606838,4162
1688993755699,-606838,4162
1688993755700,-606838,4162
1688993755702,-606838,4162
1688993755704,-606838,4162
1688993755705,-606838,4162
1688993755706,-606838,4162
1688993755708,-606838,4162
1688993755709,-606838,4162
1688993755711,-606838,4162
1688993755712,-606838,4162
1688993755714,-606838,4162
1688993755716,-606838,4162
1688993755718,-606838,4162
1688993755719,-606838,4162
1688993755721,-606838,4162
1688993755723,-606838,4162
1688993755725,-606838,4162
1688993755727,-606838,4162
1688993755729,-606838,4162
1688993755730,-606838,4162
1688993755732,-606838,4162
1688993755733,-606838,4162
1688993755734,-606838,4162
1688993755735,-606838,4162
1688993755737,-606838,4162
1688993755739,-606838,4162
1688993755740,-606838,4162
1688993755742,-606838,4162
1688993755744,-606838,4162
1688993755746,-606838,4162
1688993755748,-606838,4162
1688993755750,-606838,4162
1688993755751,-606838,4162
1688993755753,-606838,4162
1688993755755,-606838,4162
1688993755758,-606838,4162
1688993755759,-606838,4162
1688993755761,-606838,4162
1688993755762,-606838,4162
1688993755764,-606838,4162
1688993755766,-606838,4162
1688993755768,-606838,4162
1688993755769,-606838,4162
1688993755771,-606838,4162
1688993755772,-606838,4162
1688993755774,-606838,4162
1688993755776,-606838,4162
1688993755778,-606838,4162
1688993755779,-606838,4162
1688993755781,-606838,4162
1688993755783,-606838,4162
1688993755785,-606838,4162
1688993755787,-606838,4162
1688993755789,-606838,4162
1688993755792,-606838,4162
1688993755793,-606838,4162
1688993755795,-606838,4162
1688993755797,-606838,4162
1688993755798,-606838,4162
1688993755799,-606838,4162
1688993755801,-606838,4162
1688993755803,-606838,4162
1688993755805,-606838,4162
1688993755806,-606838,4162
1688993755808,-606838,4162
1688993755809,-606838,4162
1688993755811,-606838,4162
1688993755813,-606838,4162
1688993755814,-606838,4162
1688993755815,-606838,4162
1688993755817,-606838,4162
1688993755819,-606838,4162
1688993755821,-606838,4162
1688993755823,-606838,4162
1688993755825,-606838,4162
1688993755826,-606838,4162
1688993755827,-606838,4162
1688993755829,-606838,4162
1688993755830,-606838,4162
1688993755832,-606838,4162
1688993755833,-606838,4162
1688993755834,-606838,4162
1688993755836,-606838,4162
1688993755837,-606838,4162
1688993755838,-606838,4162
1688993755840,-606838,4162
1688993755842,-606838,4162
1688993755844,-606838,4162
1688993755845,-606838,4162
1688993755847,-606838,4162
1688993755849,-606838,4162
1688993755851,-606838,4162
1688993755852,-606838,4162
1688993755854,-606838,4162
1688993755858,-606838,4162
1688993755860,-606838,4162
1688993755862,-606838,4162
1688993755864,-606838,4162
1688993755865,-606838,4162
1688993755867,-606838,4162
1688993755868,-606838,4162
1688993755870,-606838,4162
1688993755871,-606838,4162
1688993755873,-606838,4162
1688993755874,-606838,4162
1688993755876,-606838,4162
1688993755878,-606838,4162
1688993755879,-606838,4162
1688993755881,-606838,4162
1688993755883,-606838,4162
1688993755884,-606838,4162
1688993755886,-606838,4162
1688993755888,-606838,4162
1688993755891,-606838,4162
1688993755892,-606838,4162
1688993755894,-606838,4162
1688993755895,-606838,4162
1688993755897,-606838,4162
1688993755898,-606838,4162
1688993755899,-606838,4162
1688993755901,-606838,4162
1688993755903,-606838,4162
1688993755904,-606838,4162
1688993755905,-606838,4162
1688993755907,-606838,4162
1688993755908,-606838,4162
1688993755910,-606838,4162
1688993755912,-606838,4162
1688993755913,-606838,4162
1688993755915,-606838,4162
1688993755916,-606838,4162
1688993755918,-606838,4162
1688993755919,-606838,4162
1688993755921,-606838,4162
1688993755923,-606838,4162
1688993755925,-606838,4162
1688993755927,-606838,4162
1688993755929,-606838,4162
1688993755930,-606838,4162
1688993755932,-606838,4162
1688993755933,-606838,4162
1688993755934,-606838,4162
1688993755936,-606838,4162
1688993755937,-606838,4162
1688993755939,-606838,4162
1688993755942,-606838,4162
1688993755943,-606838,4162
1688993755945,-606838,4162
1688993755947,-606838,4162
1688993755949,-606838,4162
1688993755950,-606838,4162
1688993755952,-606838,4162
1688993755954,-606838,4162
1688993755956,-606838,4162
1688993755958,-606838,4162
1688993755960,-606838,4162
1688993755962,-606838,4162
1688993755964,-606838,4162
1688993755965,-606838,4162
1688993755967,-606838,4162
1688993755968,-606838,4162
1688993755970,-606838,4162
1688993755971,-606838,4162
1688993755973,-606838,4162
1688993755974,-606838,4162
1688993755976,-606838,4162
1688993755978,-606838,4162
1688993755980,-606838,4162
1688993755982,-606838,4162
1688993755983,-606838,4162
1688993755985,-606838,4162
1688993755987,-606838,4162
1688993755990,-606838,4162
1688993755992,-606838,4162
1688993755993,-606838,4162
1688993755995,-606838,4162
1688993755997,-606838,4162
1688993755999,-606838,4162
1688993756001,-606838,4162
1688993756002,-606838,4162
1688993756004,-606838,4162
1688993756005,-606838,4162
1688993756007,-606838,4162
1688993756009,-606838,4162
1688993756011,-606838,4162
1688993756012,-606838,4162
1688993756014,-606838,4162
1688993756016,-606838,4162
1688993756018,-606838,4162
1688993756019,-606838,4162
1688993756022,-606838,4162
1688993756024,-606838,4162
1688993756026,-606838,4162
1688993756028,-606838,4162
1688993756029,-606838,4162
1688993756031,-606838,4162
1688993756032,-606838,4162
1688993756034,-606838,4162
1688993756035,-606838,4162
1688993756037,-606838,4162
1688993756038,-606838,4162
1688993756040,-606838,4162
1688993756041,-606838,4162
1688993756043,-606838,4162
1688993756045,-606838,4162
1688993756046,-606838,4162
1688993756047,-606838,4162
1688993756049,-606838,4162
1688993756051,-606838,4162
1688993756052,-606838,4162
1688993756054,-606838,4162
1688993756056,-606838,4162
1688993756058,-606838,4162
1688993756061,-606838,4162
1688993756062,-606838,4162
1688993756064,-606838,4162
1688993756066,-606838,4162
1688993756068,-606838,4162
1688993756069,-606838,4162
1688993756070,-606838,4162
1688993756071,-606838,4162
1688993756073,-606838,4162
1688993756074,-606838,4162
1688993756075,-606838,4162
1688993756077,-606838,4162
1688993756078,-606838,4162
1688993756080,-606838,4162
1688993756081,-606838,4162
1688993756083,-606838,4162
1688993756084,-606838,4162
1688993756086,-606838,4162
1688993756088,-606838,4162
1688993756090,-606838,4162
1688993756092,-606838,4162
1688993756093,-606838,4162
1688993756094,-606838,4162
1688993756096,-606838,4162
1688993756098,-606838,4162
1688993756099,-606838,4162
1688993756101,-606838,4162
1688993756102,-606838,4162
1688993756104,-606838,4162
1688993756105,-606838,4162
1688993756107,-606838,4162
1688993756108,-606838,4162
1688993756110,-606838,4162
1688993756112,-606838,4162
1688993756114,-606838,4162
1688993756115,-606838,4162
1688993756117,-606838,4162
1688993756119,-606838,4162
1688993756121,-606838,4162
1688993756124,-606838,4162
1688993756125,-606838,4162
1688993756127,-606838,4162
1688993756128,-606838,4162
1688993756130,-606838,4162
1688993756132,-606838,4162
1688993756133,-606838,4162
1688993756135,-606838,4162
1688993756137,-606838,4162
1688993756139,-606838,4162
1688993756141,-606838,4162
1688993756142,-606838,4162
1688993756144,-606838,4162
1688993756146,-606838,4162
1688993756147,-606838,4162
1688993756149,-606838,4162
1688993756151,-606838,4162
1688993756152,-606838,4162
1688993756154,-606838,4162
1688993756158,-606838,4162
1688993756159,-606838,4162
1688993756161,-606838,4162
1688993756162,-606838,4162
1688993756164,-606838,4162
1688993756165,-606838,4162
1688993756167,-606838,4162
1688993756168,-606838,4162
1688993756170,-606838,4162
1688993756172,-606838,4162
1688993756173,-606838,4162
1688993756175,-606838,4162
1688993756177,-606838,4162
1688993756179,-606838,4162
1688993756181,-606838,4162
1688993756182,-606838,4162
1688993756184,-606838,4162
1688993756185,-606838,4162
1688993756187,-606838,4162
1688993756191,-606838,4162
1688993756193,-606838,4162
1688993756194,-606838,4162
1688993756196,-606838,4162
1688993756198,-606838,4162
1688993756200,-606838,4162
1688993756202,-606838,4162
1688993756203,-606838,4162
1688993756205,-606838,4162
1688993756207,-606838,4162
1688993756208,-606838,4162
1688993756210,-606838,4162
1688993756212,-606838,4162
1688993756213,-606838,4162
1688993756215,-606838,4162
1688993756217,-606838,4162
1688993756219,-606838,4162
1688993756221,-606838,4162
1688993756223,-606838,4162
1688993756225,-606838,4162
1688993756227,-606838,4162
1688993756228,-606838,4162
1688993756230,-606838,4162
1688993756231,-606838,4162
1688993756233,-606838,4162
1688993756235,-606838,4162
1688993756236,-606838,4162
1688993756238,-606838,4162
1688993756239,-606838,4162
1688993756241,-606838,4162
1688993756242,-606838,4162
1688993756246,-606838,4162
1688993756248,-606838,4162
1688993756249,-606838,4162
1688993756251,-606838,4162
1688993756252,-606838,4162
1688993756255,-606838,4162
1688993756258,-606838,4162
1688993756259,-606838,4162
1688993756261,-606838,4162
1688993756262,-606838,4162
1688993756264,-606838,4162
1688993756266,-606838,4162
1688993756268,-606838,4162
1688993756269,-606838,4162
1688993756271,-606838,4162
1688993756272,-606838,4162
1688993756274,-606838,4162
1688993756275,-606838,4162
1688993756277,-606838,4162
1688993756279,-606838,4162
1688993756281,-606838,4162
1688993756282,-606838,4162
1688993756284,-606838,4162
1688993756285,-606838,4162
1688993756286,-606838,4162
1688993756288,-606838,4162
1688993756291,-606838,4162
1688993756293,-606838,4162
1688993756294,-606838,4162
1688993756296,-606838,4162
1688993756297,-606838,4162
1688993756299,-606838,4162
1688993756300,-606838,4162
1688993756302,-606838,4162
1688993756303,-606838,4162
1688993756304,-606838,4162
1688993756306,-606838,4162
1688993756307,-606838,4162
1688993756309,-606838,4162
1688993756311,-606838,4162
1688993756312,-606838,4162
1688993756314,-606838,4162
1688993756315,-606838,4162
1688993756317,-606838,4162
1688993756319,-606838,4162
1688993756320,-606838,4162
1688993756322,-606838,4162
1688993756324,-606838,4162
1688993756326,-606838,4162
1688993756328,-606838,4162
1688993756329,-606838,4162
1688993756330,-606838,4162
1688993756332,-606838,4162
1688993756333,-606838,4162
1688993756336,-606838,4162
1688993756337,-606838,4162
1688993756338,-606838,4162
1688993756340,-606838,4162
1688993756341,-606838,4162
1688993756343,-606838,4162
1688993756344,-606838,4162
1688993756346,-606838,4162
1688993756347,-606838,4162
1688993756349,-606838,4162
1688993756351,-606838,4162
1688993756352,-606838,4162
1688993756354,-606838,4162
1688993756356,-606838,4162
1688993756358,-606838,4162
1688993756360,-606838,4162
1688993756361,-606838,4162
1688993756362,-606838,4162
1688993756364,-606838,4162
1688993756365,-606838,4162
1688993756367,-606838,4162
1688993756369,-606838,4162
1688993756370,-606838,4162
1688993756372,-606838,4162
1688993756373,-606838,4162
1688993756375,-606838,4162
1688993756377,-606838,4162
1688993756379,-606838,4162
1688993756380,-606838,4162
1688993756382,-606838,4162
1688993756384,-606838,4162
1688993756385,-606838,4162
1688993756387,-606838,4162
1688993756389,-606838,4162
1688993756391,-606838,4162
1688993756393,-606838,4162
1688993756395,-606838,4162
1688993756396,-606838,4162
1688993756398,-606838,4162
1688993756399,-606838,4162
1688993756401,-606838,4162
1688993756402,-606838,4162
1688993756403,-606838,4162
1688993756405,-606838,4162
1688993756406,-606838,4162
1688993756407,-606838,4162
1688993756409,-606838,4162
1688993756411,-606838,4162
1688993756412,-606838,4162
1688993756415,-606838,4162
1688993756416,-606838,4162
1688993756418,-606838,4162
1688993756420,-606838,4162
1688993756421,-606838,4162
1688993756424,-606838,4162
1688993756425,-606838,4162
1688993756427,-606838,4162
1688993756429,-606838,4162
1688993756430,-606838,4162
1688993756432,-606838,4162
1688993756434,-606838,4162
1688993756435,-606838,4162
1688993756437,-606838,4162
1688993756439,-606838,4162
1688993756440,-606838,4162
1688993756442,-606838,4162
1688993756443,-606838,4162
1688993756445,-606838,4162
1688993756447,-606838,4162
1688993756448,-606838,4162
1688993756450,-606838,4162
1688993756451,-606838,4162
1688993756454,-606838,4162
1688993756457,-606838,4162
1688993756459,-606838,4162
1688993756461,-606838,4162
1688993756462,-606838,4162
1688993756463,-606838,4162
1688993756465,-606838,4162
1688993756466,-606838,4162
1688993756468,-606838,4162
1688993756469,-606838,4162
1688993756471,-606838,4162
1688993756472,-606838,4162
1688993756475,-606838,4162
1688993756476,-606838,4162
1688993756478,-606838,4162
1688993756480,-606838,4162
1688993756481,-606838,4162
1688993756482,-606838,4162
1688993756484,-606838,4162
1688993756486,-606838,4162
1688993756488,-606838,4162
1688993756490,-606838,4162
1688993756493,-606838,4162
1688993756495,-606838,4162
1688993756496,-606838,4162
1688993756498,-606838,4162
1688993756499,-606838,4162
1688993756501,-606838,4162
1688993756502,-606838,4162
1688993756504,-606838,4162
1688993756505,-606838,4162
1688993756507,-606838,4162
1688993756508,-606838,4162
1688993756510,-606838,4162
1688993756512,-606838,4162
1688993756514,-606838,4162
1688993756516,-606838,4162
1688993756518,-606838,4162
1688993756519,-606838,4162
1688993756521,-606838,4162
1688993756523,-606838,4162
1688993756525,-606838,4162
1688993756527,-606838,4162
1688993756528,-606838,4162
1688993756530,-606838,4162
1688993756532,-606838,4162
1688993756534,-606838,4162
1688993756535,-606838,4162
1688993756537,-606838,4162
1688993756538,-606838,4162
1688993756540,-606838,4162
1688993756541,-606838,4162
1688993756543,-606838,4162
1688993756544,-606838,4162
1688993756546,-606838,4162
1688993756547,-606838,4162
1688993756549,-606838,4162
1688993756551,-606838,4162
1688993756552,-606838,4162
1688993756555,-606838,4162
1688993756557,-606838,4162
1688993756559,-606838,4162
1688993756560,-606838,4162
1688993756562,-606838,4162
1688993756563,-606838,4162
1688993756565,-606838,4162
1688993756567,-606838,4162
1688993756568,-606838,4162
1688993756570,-606838,4162
1688993756572,-606838,4162
1688993756573,-606838,4162
1688993756575,-606838,4162
1688993756578,-606838,4162
1688993756580,-606838,4162
1688993756582,-606838,4162
1688993756584,-606838,4162
1688993756586,-606838,4162
1688993756588,-606838,4162
1688993756592,-606838,4162
1688993756594,-606838,4162
1688993756596,-606838,4162
1688993756598,-606838,4162
1688993756599,-606838,4162
1688993756601,-606838,4162
1688993756602,-606838,4162
1688993756604,-606838,4162
1688993756605,-606838,4162
1688993756607,-606838,4162
1688993756608,-606838,4162
1688993756610,-606838,4162
1688993756612,-606838,4162
1688993756614,-606838,4162
1688993756615,-606838,4162
1688993756617,-606838,4162
1688993756618,-606838,4162
1688993756620,-606838,4162
1688993756622,-606838,4162
1688993756624,-606838,4162
1688993756625,-606838,4162
1688993756626,-606838,4162
1688993756628,-606838,4162
1688993756630,-606838,4162
1688993756631,-606838,4162
1688993756633,-606838,4162
1688993756634,-606838,4162
1688993756635,-606838,4162
1688993756637,-606838,4162
1688993756638,-606838,4162
1688993756640,-606838,4162
1688993756642,-606838,4162
1688993756644,-606838,4162
1688993756645,-606838,4162
1688993756647,-606838,4162
1688993756649,-606838,4162
1688993756651,-606838,4162
1688993756653,-606838,4162
1688993756655,-606838,4162
1688993756657,-606838,4162
1688993756659,-606838,4162
1688993756661,-606838,4162
1688993756663,-606838,4162
1688993756664,-606838,4162
1688993756665,-606838,4162
1688993756667,-606838,4162
1688993756668,-606838,4162
1688993756670,-606838,4162
1688993756671,-606838,4162
1688993756673,-606838,4162
1688993756675,-606838,4162
1688993756676,-606838,4162
1688993756678,-606838,4162
1688993756680,-606838,4162
1688993756681,-606838,4162
1688993756682,-606838,4162
1688993756684,-606838,4162
1688993756685,-606838,4162
1688993756687,-606838,4162
1688993756690,-606838,4162
1688993756692,-606838,4162
1688993756694,-606838,4162
1688993756695,-606838,4162
1688993756697,-606838,4162
1688993756698,-606838,4162
1688993756700,-606838,4162
1688993756702,-606838,4162
1688993756703,-606838,4162
1688993756705,-606838,4162
1688993756707,-606838,4162
1688993756708,-606838,4162
1688993756711,-606838,4162
1688993756712,-606838,4162
1688993756714,-606838,4162
1688993756715,-606838,4162
1688993756717,-606838,4162
1688993756719,-606838,4162
1688993756721,-606838,4162
1688993756723,-606838,4162
1688993756725,-606838,4162
1688993756727,-606838,4162
1688993756729,-606838,4162
1688993756731,-606838,4162
1688993756732,-606838,4162
1688993756733,-606838,4162
1688993756735,-606838,4162
1688993756737,-606838,4162
1688993756738,-606838,4162
1688993756740,-606838,4162
1688993756741,-606838,4162
1688993756743,-606838,4162
1688993756744,-606838,4162
1688993756746,-606838,4162
1688993756748,-606838,4162
1688993756750,-606838,4162
1688993756751,-606838,4162
1688993756753,-606838,4162
1688993756755,-606838,4162
1688993756758,-606838,4162
1688993756761,-606838,4162
1688993756762,-606838,4162
1688993756764,-606838,4162
1688993756765,-606838,4162
1688993756767,-606838,4162
1688993756769,-606838,4162
1688993756771,-606838,4162
1688993756772,-606838,4162
1688993756774,-606838,4162
1688993756775,-606838,4162
1688993756777,-606838,4162
1688993756779,-606838,4162
1688993756781,-606838,4162
1688993756782,-606838,4162
1688993756784,-606838,4162
1688993756785,-606838,4162
1688993756787,-606838,4162
1688993756789,-606838,4162
1688993756791,-606838,4162
1688993756793,-606838,4162
1688993756794,-606838,4162
1688993756796,-606838,4162
1688993756797,-606838,4162
1688993756799,-606838,4162
1688993756800,-606838,4162
1688993756801,-606838,4162
1688993756803,-606838,4162
1688993756805,-606838,4162
1688993756806,-606838,4162
1688993756808,-606838,4162
1688993756810,-606838,4162
1688993756811,-606838,4162
1688993756813,-606838,4162
1688993756814,-606838,4162
1688993756816,-606838,4162
1688993756818,-606838,4162
1688993756819,-606838,4162
1688993756821,-606838,4162
1688993756823,-606838,4162
1688993756825,-606838,4162
1688993756826,-606838,4162
1688993756828,-606838,4162
1688993756830,-606838,4162
1688993756831,-606838,4162
1688993756832,-606838,4162
1688993756834,-606838,4162
1688993756835,-606838,4162
1688993756837,-606838,4162
1688993756838,-606838,4162
1688993756839,-606838,4162
1688993756841,-606838,4162
1688993756843,-606838,4162
1688993756845,-606838,4162
1688993756846,-606838,4162
1688993756848,-606838,4162
1688993756850,-606838,4162
1688993756852,-606838,4162
1688993756854,-606838,4162
1688993756856,-606838,4162
1688993756858,-606838,4162
1688993756859,-606838,4162
1688993756861,-606838,4162
1688993756862,-606838,4162
1688993756864,-606838,4162
1688993756865,-606838,4162
1688993756868,-606838,4162
1688993756870,-606838,4162
1688993756871,-606838,4162
1688993756873,-606838,4162
1688993756875,-606838,4162
1688993756876,-606838,4162
1688993756878,-606838,4162
1688993756880,-606838,4162
1688993756881,-606838,4162
1688993756882,-606838,4162
1688993756884,-606838,4162
1688993756886,-606838,4162
1688993756888,-606838,4162
1688993756890,-606838,4162
1688993756892,-606838,4162
1688993756894,-606838,4162
1688993756895,-606838,4162
1688993756897,-606838,4162
1688993756898,-606838,4162
1688993756900,-606838,4162
1688993756902,-606838,4162
1688993756903,-606838,4162
1688993756905,-606838,4162
1688993756907,-606838,4162
1688993756908,-606838,4162
1688993756912,-606838,4162
1688993756914,-606838,4162
1688993756915,-606838,4162
1688993756917,-606838,4162
1688993756919,-606838,4162
1688993756921,-606838,4162
1688993756925,-606838,4162
1688993756927,-606838,4162
1688993756929,-606838,4162
1688993756931,-606838,4162
1688993756932,-606838,4162
1688993756934,-606838,4162
1688993756935,-606838,4162
1688993756937,-606838,4162
1688993756939,-606838,4162
1688993756940,-606838,4162
1688993756942,-606838,4162
1688993756944,-606838,4162
1688993756945,-606838,4162
1688993756947,-606838,4162
1688993756949,-606838,4162
1688993756951,-606838,4162
1688993756952,-606838,4162
1688993756955,-606838,4162
1688993756957,-606838,4162
1688993756959,-606838,4162
1688993756961,-606838,4162
1688993756963,-606838,4162
1688993756965,-606838,4162
1688993756968,-606838,4162
1688993756969,-606838,4162
1688993756971,-606838,4162
1688993756973,-606838,4162
1688993756974,-606838,4162
1688993756976,-606838,4162
1688993756978,-606838,4162
1688993756980,-606838,4162
1688993756981,-606838,4162
1688993756983,-606838,4162
1688993756984,-606838,4162
1688993756986,-606838,4162
1688993756988,-606838,4162
1688993756991,-606838,4162
1688993756992,-606838,4162
1688993756994,-606838,4162
1688993756996,-606838,4162
1688993756997,-606838,4162
1688993756999,-606838,4162
1688993757001,-606838,4162
1688993757002,-606838,4162
1688993757004,-606838,4162
1688993757006,-606838,4162
1688993757007,-606838,4162
1688993757009,-606838,4162
1688993757011,-606838,4162
1688993757012,-606838,4162
1688993757014,-606838,4162
1688993757015,-606838,4162
1688993757017,-606838,4162
1688993757018,-606838,4162
1688993757020,-606838,4162
1688993757022,-606838,4162
1688993757026,-606838,4162
1688993757028,-606838,4162
1688993757030,-606838,4162
1688993757031,-606838,4162
1688993757033,-606838,4162
1688993757034,-606838,4162
1688993757036,-606838,4162
1688993757037,-606838,4162
1688993757039,-606838,4162
1688993757041,-606838,4162
1688993757042,-606838,4162
1688993757044,-606838,4162
1688993757046,-606838,4162
1688993757048,-606838,4162
1688993757049,-606838,4162
1688993757050,-606838,4162
1688993757052,-606838,4162
1688993757054,-606838,4162
1688993757056,-606838,4162
1688993757058,-606838,4162
1688993757060,-606838,4162
1688993757061,-606838,4162
1688993757063,-606838,4162
1688993757065,-606838,4162
1688993757067,-606838,4162
1688993757068,-606838,4162
1688993757070,-606838,4162
1688993757071,-606838,4162
1688993757072,-606838,4162
1688993757074,-606838,4162
1688993757076,-606838,4162
1688993757077,-606838,4162
1688993757079,-606838,4162
1688993757081,-606838,4162
1688993757082,-606838,4162
1688993757084,-606838,4162
1688993757086,-606838,4162
1688993757088,-606838,4162
1688993757090,-606838,4162
1688993757091,-606838,4162
1688993757093,-606838,4162
1688993757095,-606838,4162
1688993757096,-606838,4162
1688993757098,-606838,4162
1688993757099,-606838,4162
1688993757100,-606838,4162
1688993757102,-606838,4162
1688993757104,-606838,4162
1688993757106,-606838,4162
1688993757107,-606838,4162
1688993757109,-606838,4162
1688993757111,-606838,4162
1688993757112,-606838,4162
1688993757114,-606838,4162
1688993757115,-606838,4162
1688993757117,-606838,4162
1688993757119,-606838,4162
1688993757121,-606838,4162
1688993757125,-606838,4162
1688993757127,-606838,4162
1688993757129,-606838,4162
1688993757131,-606838,4162
1688993757132,-606838,4162
1688993757134,-606838,4162
1688993757135,-606838,4162
1688993757137,-606838,4162
1688993757138,-606838,4162
1688993757140,-606838,4162
1688993757141,-606838,4162
1688993757143,-606838,4162
1688993757145,-606838,4162
1688993757147,-606838,4162
1688993757148,-606838,4162
1688993757150,-606838,4162
1688993757151,-606838,4162
1688993757153,-606838,4162
1688993757155,-606838,4162
1688993757157,-606838,4162
1688993757159,-606838,4162
1688993757160,-606838,4162
1688993757162,-606838,4162
1688993757164,-606838,4162
1688993757165,-606838,4162
1688993757166,-606838,4162
1688993757168,-606838,4162
1688993757169,-606838,4162
1688993757171,-606838,4162
1688993757172,-606838,4162
1688993757174,-606838,4162
1688993757176,-606838,4162
1688993757178,-606838,4162
1688993757179,-606838,4162
1688993757182,-606838,4162
1688993757184,-606838,4162
1688993757186,-606838,4162
1688993757188,-606838,4162
1688993757190,-606838,4162
1688993757192,-606838,4162
1688993757194,-606838,4162
1688993757195,-606838,4162
1688993757197,-606838,4162
1688993757198,-606838,4162
1688993757200,-606838,4162
1688993757202,-606838,4162
1688993757204,-606838,4162
1688993757206,-606838,4162
1688993757207,-606838,4162
1688993757209,-606838,4162
1688993757211,-606838,4162
1688993757212,-606838,4162
1688993757214,-606838,4162
1688993757215,-606838,4162
1688993757217,-606838,4162
1688993757218,-606838,4162
1688993757219,-606838,4162
1688993757222,-606838,4162
1688993757224,-606838,4162
1688993757225,-606838,4162
1688993757227,-606838,4162
1688993757229,-606838,4162
1688993757230,-606838,4162
1688993757232,-606838,4162
1688993757233,-606838,4162
1688993757235,-606838,4162
1688993757236,-606838,4162
1688993757238,-606838,4162
1688993757239,-606838,4162
1688993757241,-606838,4162
1688993757242,-606838,4162
1688993757244,-606838,4162
1688993757246,-606838,4162
1688993757248,-606838,4162
1688993757249,-606838,4162
1688993757251,-606838,4162
1688993757252,-606838,4162
1688993757254,-606838,4162
1688993757256,-606838,4162
1688993757258,-606838,4162
1688993757260,-606838,4162
1688993757262,-606838,4162
1688993757263,-606838,4162
1688993757265,-606838,4162
1688993757266,-606838,4162
1688993757268,-606838,4162
1688993757269,-606838,4162
1688993757271,-606838,4162
1688993757272,-606838,4162
1688993757273,-606838,4162
1688993757274,-606838,4162
1688993757276,-606838,4162
1688993757278,-606838,4162
1688993757281,-606838,4162
1688993757282,-606838,4162
1688993757284,-606838,4162
1688993757286,-606838,4162
1688993757288,-606838,4162
1688993757290,-606838,4162
1688993757292,-606838,4162
1688993757294,-606838,4162
1688993757295,-606838,4162
1688993757297,-606838,4162
1688993757298,-606838,4162
1688993757300,-606838,4162
1688993757302,-606838,4162
1688993757303,-606838,4162
1688993757305,-606838,4162
1688993757306,-606838,4162
1688993757307,-606838,4162
1688993757309,-606838,4162
1688993757310,-606838,4162
1688993757312,-606838,4162
1688993757313,-606838,4162
1688993757315,-606838,4162
1688993757317,-606838,4162
1688993757318,-606838,4162
1688993757320,-606838,4162
1688993757322,-606838,4162
1688993757323,-606838,4162
1688993757325,-606838,4162
1688993757327,-606838,4162
1688993757329,-606838,4162
1688993757331,-606838,4162
1688993757332,-606838,4162
1688993757334,-606838,4162
1688993757336,-606838,4162
1688993757337,-606838,4162
1688993757339,-606838,4162
1688993757341,-606838,4162
1688993757343,-606838,4162
1688993757344,-606838,4162
1688993757346,-606838,4162
1688993757347,-606838,4162
1688993757349,-606838,4162
1688993757350,-606838,4162
1688993757352,-606838,4162
1688993757353,-606838,4162
1688993757355,-606838,4162
1688993757357,-606838,4162
1688993757359,-606838,4162
1688993757361,-606838,4162
1688993757363,-606838,4162
1688993757364,-606838,4162
1688993757366,-606838,4162
1688993757367,-606838,4162
1688993757369,-606838,4162
1688993757370,-606838,4162
1688993757371,-606838,4162
1688993757373,-606838,4162
1688993757374,-606838,4162
1688993757376,-606838,4162
1688993757378,-606838,4162
1688993757380,-606838,4162
1688993757382,-606838,4162
1688993757383,-606838,4162
1688993757384,-606838,4162
1688993757386,-606838,4162
1688993757388,-606838,4162
1688993757390,-606838,4162
1688993757392,-606838,4162
1688993757393,-606838,4162
1688993757395,-606838,4162
1688993757396,-606838,4162
1688993757398,-606838,4162
1688993757400,-606838,4162
1688993757401,-606838,4162
1688993757403,-606838,4162
1688993757404,-606838,4162
1688993757405,-606838,4162
1688993757406,-606838,4162
1688993757408,-606838,4162
1688993757409,-606838,4162
1688993757411,-606838,4162
1688993757413,-606838,4162
1688993757414,-606838,4162
1688993757415,-606838,4162
1688993757417,-606838,4162
1688993757419,-606838,4162
1688993757421,-606838,4162
1688993757424,-606838,4162
1688993757425,-606838,4162
1688993757427,-606838,4162
1688993757428,-606838,4162
1688993757430,-606838,4162
1688993757431,-606838,4162
1688993757433,-606838,4162
1688993757434,-606838,4162
1688993757435,-606838,4162
1688993757437,-606838,4162
1688993757438,-606838,4162
1688993757440,-606838,4162
1688993757441,-606838,4162
1688993757443,-606838,4162
1688993757445,-606838,4162
1688993757446,-606838,4162
1688993757448,-606838,4162
1688993757449,-606838,4162
1688993757451,-606838,4162
1688993757452,-606838,4162
1688993757454,-606838,4162
1688993757455,-606838,4162
1688993757458,-606838,4162
1688993757460,-606838,4162
1688993757462,-606838,4162
1688993757464,-606838,4162
1688993757465,-606838,4162
1688993757467,-606838,4162
1688993757468,-606838,4162
1688993757469,-606838,4162
1688993757471,-606838,4162
1688993757472,-606838,4162
1688993757474,-606838,4162
1688993757476,-606838,4162
1688993757477,-606838,4162
1688993757480,-606838,4162
1688993757482,-606838,4162
1688993757483,-606838,4162
1688993757485,-606838,4162
1688993757487,-606838,4162
1688993757489,-606838,4162
1688993757491,-606838,4162
1688993757493,-606838,4162
1688993757495,-606838,4162
1688993757496,-606838,4162
1688993757497,-606838,4162
1688993757499,-606838,4162
1688993757501,-606838,4162
1688993757502,-606838,4162
1688993757504,-606838,4162
1688993757505,-606838,4162
1688993757507,-606838,4162
1688993757508,-606838,4162
1688993757510,-606838,4162
1688993757511,-606838,4162
1688993757513,-606838,4162
1688993757514,-606838,4162
1688993757516,-606838,4162
1688993757518,-606838,4162
1688993757519,-606838,4162
1688993757522,-606838,4162
1688993757525,-606838,4162
1688993757527,-606838,4162
1688993757528,-606838,4162
1688993757530,-606838,4162
1688993757531,-606838,4162
1688993757532,-606838,4162
1688993757534,-606838,4162
1688993757535,-606838,4162
1688993757537,-606838,4162
1688993757539,-606838,4162
1688993757540,-606838,4162
1688993757542,-606838,4162
1688993757544,-606838,4162
1688993757546,-606838,4162
1688993757547,-606838,4162
1688993757549,-606838,4162
1688993757551,-606838,4162
1688993757552,-606838,4162
1688993757554,-606838,4162
1688993757557,-606838,4162
1688993757558,-606838,4162
1688993757560,-606838,4162
1688993757562,-606838,4162
1688993757565,-606838,4162
1688993757567,-606838,4162
1688993757568,-606838,4162
1688993757570,-606838,4162
1688993757572,-606838,4162
1688993757574,-606838,4162
1688993757575,-606838,4162
1688993757577,-606838,4162
1688993757579,-606838,4162
1688993757581,-606838,4162
1688993757582,-606838,4162
1688993757584,-606838,4162
1688993757586,-606838,4162
1688993757589,-606838,4162
1688993757591,-606838,4162
1688993757593,-606838,4162
1688993757595,-606838,4162
1688993757597,-606838,4162
1688993757599,-606838,4162
1688993757600,-606838,4162
1688993757602,-606838,4162
1688993757604,-606838,4162
1688993757605,-606838,4162
1688993757606,-606838,4162
1688993757608,-606838,4162
1688993757609,-606838,4162
1688993757611,-606838,4162
1688993757614,-606838,4162
1688993757615,-606838,4162
1688993757617,-606838,4162
1688993757619,-606838,4162
1688993757621,-606838,4162
1688993757624,-606838,4162
1688993757626,-606838,4162
1688993757627,-606838,4162
1688993757629,-606838,4162
1688993757630,-606838,4162
1688993757632,-606838,4162
1688993757633,-606838,4162
1688993757635,-606838,4162
1688993757637,-606838,4162
1688993757638,-606838,4162
1688993757640,-606838,4162
1688993757641,-606838,4162
1688993757643,-606838,4162
1688993757645,-606838,4162
1688993757646,-606838,4162
1688993757648,-606838,4162
1688993757649,-606838,4162
1688993757651,-606838,4162
1688993757652,-606838,4162
1688993757654,-606838,4162
1688993757658,-606838,4162
1688993757660,-606838,4162
1688993757662,-606838,4162
1688993757664,-606838,4162
1688993757665,-606838,4162
1688993757667,-606838,4162
1688993757668,-606838,4162
1688993757669,-606838,4162
1688993757671,-606838,4162
1688993757673,-606838,4162
1688993757674,-606838,4162
1688993757676,-606838,4162
1688993757678,-606838,4162
1688993757680,-606838,4162
1688993757681,-606838,4162
1688993757683,-606838,4162
1688993757684,-606838,4162
1688993757686,-606838,4162
1688993757689,-606838,4162
1688993757692,-606838,4162
1688993757693,-606838,4162
1688993757695,-606838,4162
1688993757696,-606838,4162
1688993757698,-606838,4162
1688993757699,-606838,4162
1688993757701,-606838,4162
1688993757702,-606838,4162
1688993757704,-606838,4162
1688993757705,-606838,4162
1688993757707,-606838,4162
1688993757708,-606838,4162
1688993757710,-606838,4162
1688993757712,-606838,4162
1688993757714,-606838,4162
1688993757716,-606838,4162
1688993757717,-606838,4162
1688993757719,-606838,4162
1688993757720,-606838,4162
1688993757722,-606838,4162
1688993757725,-606838,4162
1688993757726,-606838,4162
1688993757728,-606838,4162
1688993757730,-606838,4162
1688993757731,-606838,4162
1688993757733,-606838,4162
1688993757735,-606838,4162
1688993757736,-606838,4162
1688993757738,-606838,4162
1688993757739,-606838,4162
1688993757741,-606838,4162
1688993757742,-606838,4162
1688993757744,-606838,4162
1688993757746,-606838,4162
1688993757747,-606838,4162
1688993757749,-606838,4162
1688993757750,-606838,4162
1688993757752,-606838,4162
1688993757754,-606838,4162
1688993757756,-606838,4162
1688993757758,-606838,4162
1688993757760,-606838,4162
1688993757762,-606838,4162
1688993757764,-606838,4162
1688993757765,-606838,4162
1688993757767,-606838,4162
1688993757769,-606838,4162
1688993757770,-606838,4162
1688993757772,-606838,4162
1688993757774,-606838,4162
1688993757775,-606838,4162
1688993757777,-606838,4162
1688993757779,-606838,4162
1688993757781,-606838,4162
1688993757782,-606838,4162
1688993757784,-606838,4162
1688993757786,-606838,4162
1688993757788,-606838,4162
1688993757790,-606838,4162
1688993757792,-606838,4162
1688993757796,-606838,4162
1688993757798,-606838,4162
1688993757800,-606838,4162
1688993757801,-606838,4162
1688993757803,-606838,4162
1688993757804,-606838,4162
1688993757806,-606838,4162
1688993757808,-606838,4162
1688993757809,-606838,4162
1688993757811,-606838,4162
1688993757813,-606838,4162
1688993757815,-606838,4162
1688993757816,-606838,4162
1688993757818,-606838,4162
1688993757820,-606838,4162
1688993757822,-606838,4162
1688993757824,-606838,4162
1688993757825,-606838,4162
1688993757827,-606838,4162
1688993757828,-606838,4162
1688993757830,-606838,4162
1688993757831,-606838,4162
1688993757833,-606838,4162
1688993757835,-606838,4162
1688993757836,-606838,4162
1688993757838,-606838,4162
1688993757839,-606838,4162
1688993757841,-606838,4162
1688993757842,-606838,4162
1688993757844,-606838,4162
1688993757846,-606838,4162
1688993757847,-606838,4162
1688993757848,-606838,4162
1688993757850,-606838,4162
1688993757851,-606838,4162
1688993757854,-606838,4162
1688993757856,-606838,4162
1688993757858,-606838,4162
1688993757860,-606838,4162
1688993757861,-606838,4162
1688993757862,-606838,4162
1688993757864,-606838,4162
1688993757865,-606838,4162
1688993757867,-606838,4162
1688993757869,-606838,4162
1688993757870,-606838,4162
1688993757872,-606838,4162
1688993757873,-606838,4162
1688993757875,-606838,4162
1688993757876,-606838,4162
1688993757878,-606838,4162
1688993757880,-606838,4162
1688993757881,-606838,4162
1688993757883,-606838,4162
1688993757884,-606838,4162
1688993757886,-606838,4162
1688993757888,-606838,4162
1688993757890,-606838,4162
1688993757892,-606838,4162
1688993757894,-606838,4162
1688993757895,-606838,4162
1688993757897,-606838,4162
1688993757898,-606838,4162
1688993757900,-606838,4162
1688993757901,-606838,4162
1688993757903,-606838,4162
1688993757905,-606838,4162
1688993757906,-606838,4162
1688993757908,-606838,4162
1688993757909,-606838,4162
1688993757911,-606838,4162
1688993757913,-606838,4162
1688993757915,-606838,4162
1688993757916,-606838,4162
1688993757918,-606838,4162
1688993757920,-606838,4162
1688993757922,-606838,4162
1688993757924,-606838,4162
1688993757925,-606838,4162
1688993757927,-606838,4162
1688993757929,-606838,4162
1688993757931,-606838,4162
1688993757933,-606838,4162
1688993757934,-606838,4162
1688993757936,-606838,4162
1688993757937,-606838,4162
1688993757939,-606838,4162
1688993757941,-606838,4162
1688993757942,-606838,4162
1688993757944,-606838,4162
1688993757945,-606838,4162
1688993757947,-606838,4162
1688993757948,-606838,4162
1688993757951,-606838,4162
1688993757952,-606838,4162
1688993757955,-606838,4162
1688993757957,-606838,4162
1688993757959,-606838,4162
1688993757961,-606838,4162
1688993757962,-606838,4162
1688993757964,-606838,4162
1688993757966,-606838,4162
1688993757968,-606838,4162
1688993757969,-606838,4162
1688993757971,-606838,4162
1688993757973,-606838,4162
1688993757975,-606838,4162
1688993757976,-606838,4162
1688993757978,-606838,4162
1688993757980,-606838,4162
1688993757981,-606838,4162
1688993757983,-606838,4162
1688993757985,-606838,4162
1688993757986,-606838,4162
1688993757988,-606838,4162
1688993757991,-606838,4162
1688993757993,-606838,4162
1688993757995,-606838,4162
1688993757997,-606838,4162
1688993757998,-606838,4162
1688993758000,-606838,4162
1688993758002,-606838,4162
1688993758004,-606838,4162
1688993758005,-606838,4162
1688993758007,-606838,4162
1688993758008,-606838,4162
1688993758011,-606838,4162
1688993758012,-606838,4162
1688993758014,-606838,4162
1688993758015,-606838,4162
1688993758017,-606838,4162
1688993758018,-606838,4162
1688993758020,-606838,4162
1688993758022,-606838,4162
1688993758025,-606838,4162
1688993758026,-606838,4162
1688993758028,-606838,4162
1688993758029,-606838,4162
1688993758031,-606838,4162
1688993758033,-606838,4162
1688993758034,-606838,4162
1688993758036,-606838,4162
1688993758037,-606838,4162
1688993758039,-606838,4162
1688993758040,-606838,4162
1688993758042,-606838,4162
1688993758044,-606838,4162
1688993758045,-606838,4162
1688993758047,-606838,4162
1688993758049,-606838,4162
1688993758051,-606838,4162
1688993758053,-606838,4162
1688993758055,-606838,4162
1688993758057,-606838,4162
1688993758059,-606838,4162
1688993758061,-606838,4162
1688993758062,-606838,4162
1688993758064,-606838,4162
1688993758066,-606838,4162
1688993758068,-606838,4162
1688993758070,-606838,4162
1688993758071,-606838,4162
1688993758073,-606838,4162
1688993758075,-606838,4162
1688993758076,-606838,4162
1688993758078,-606838,4162
1688993758079,-606838,4162
1688993758081,-606838,4162
1688993758083,-606838,4162
1688993758084,-606838,4162
1688993758086,-606838,4162
1688993758088,-606838,4162
1688993758090,-606838,4162
1688993758092,-606838,4162
1688993758093,-606838,4162
1688993758095,-606838,4162
1688993758096,-606838,4162
1688993758098,-606838,4162
1688993758099,-606838,4162
1688993758100,-606838,4162
1688993758102,-606838,4162
1688993758103,-606838,4162
1688993758105,-606838,4162
1688993758107,-606838,4162
1688993758109,-606838,4162
1688993758111,-606838,4162
1688993758112,-606838,4162
1688993758114,-606838,4162
1688993758116,-606838,4162
1688993758118,-606838,4162
1688993758119,-606838,4162
1688993758122,-606838,4162
1688993758124,-606838,4162
1688993758126,-606838,4162
1688993758128,-606838,4162
1688993758130,-606838,4162
1688993758131,-606838,4162
1688993758132,-606838,4162
1688993758134,-606838,4162
1688993758135,-606838,4162
1688993758137,-606838,4162
1688993758138,-606838,4162
1688993758139,-606838,4162
1688993758141,-606838,4162
1688993758142,-606838,4162
1688993758144,-606838,4162
1688993758149,-606838,4162
1688993758151,-606838,4162
1688993758153,-606838,4162
1688993758155,-606838,4162
1688993758158,-606838,4162
1688993758161,-606838,4162
1688993758163,-606838,4162
1688993758165,-606838,4162
1688993758167,-606838,4162
1688993758169,-606838,4162
1688993758171,-606838,4162
1688993758172,-606838,4162
1688993758174,-606838,4162
1688993758176,-606838,4162
1688993758178,-606838,4162
1688993758179,-606838,4162
1688993758181,-606838,4162
1688993758182,-606838,4162
1688993758184,-606838,4162
1688993758186,-606838,4162
1688993758188,-606838,4162
1688993758190,-606838,4162
1688993758192,-606838,4162
1688993758193,-606838,4162
1688993758195,-606838,4162
1688993758197,-606838,4162
1688993758198,-606838,4162
1688993758200,-606838,4162
1688993758201,-606838,4162
1688993758202,-606838,4162
1688993758204,-606838,4162
1688993758206,-606838,4162
1688993758208,-606838,4162
1688993758209,-606838,4162
1688993758211,-606838,4162
1688993758212,-606838,4162
1688993758214,-606838,4162
1688993758216,-606838,4162
1688993758217,-606838,4162
1688993758219,-606838,4162
1688993758221,-606838,4162
1688993758223,-606838,4162
1688993758225,-606838,4162
1688993758226,-606838,4162
1688993758228,-606838,4162
1688993758230,-606838,4162
1688993758231,-606838,4162
1688993758233,-606838,4162
1688993758234,-606838,4162
1688993758235,-606838,4162
1688993758237,-606838,4162
1688993758238,-606838,4162
1688993758240,-606838,4162
1688993758241,-606838,4162
1688993758242,-606838,4162
1688993758244,-606838,4162
1688993758246,-606838,4162
1688993758248,-606838,4162
1688993758250,-606838,4162
1688993758251,-606838,4162
1688993758252,-606838,4162
1688993758255,-606838,4162
1688993758257,-606838,4162
1688993758259,-606838,4162
1688993758260,-606838,4162
1688993758262,-606838,4162
1688993758264,-606838,4162
1688993758265,-606838,4162
1688993758268,-606838,4162
1688993758269,-606838,4162
1688993758271,-606838,4162
1688993758272,-606838,4162
1688993758274,-606838,4162
1688993758275,-606838,4162
1688993758277,-606838,4162
1688993758279,-606838,4162
1688993758280,-606838,4162
1688993758282,-606838,4162
1688993758284,-606838,4162
1688993758286,-606838,4162
1688993758288,-606838,4162
1688993758290,-606838,4162
1688993758292,-606838,4162
1688993758294,-606838,4162
1688993758295,-606838,4162
1688993758297,-606838,4162
1688993758299,-606838,4162
1688993758300,-606838,4162
1688993758302,-606838,4162
1688993758303,-606838,4162
1688993758305,-606838,4162
1688993758307,-606838,4162
1688993758309,-606838,4162
1688993758311,-606838,4162
1688993758312,-606838,4162
1688993758314,-606838,4162
1688993758316,-606838,4162
1688993758318,-606838,4162
1688993758320,-606838,4162
1688993758322,-606838,4162
1688993758324,-606838,4162
1688993758326,-606838,4162
1688993758328,-606838,4162
1688993758330,-606838,4162
1688993758331,-606838,4162
1688993758333,-606838,4162
1688993758334,-606838,4162
1688993758336,-606838,4162
1688993758338,-606838,4162
1688993758339,-606838,4162
1688993758341,-606838,4162
1688993758342,-606838,4162
1688993758343,-606838,4162
1688993758345,-606838,4162
1688993758347,-606838,4162
1688993758348,-606838,4162
1688993758350,-606838,4162
1688993758351,-606838,4162
1688993758353,-606838,4162
1688993758355,-606838,4162
1688993758357,-606838,4162
1688993758359,-606838,4162
1688993758360,-606838,4162
1688993758361,-606838,4162
1688993758363,-606838,4162
1688993758365,-606838,4162
1688993758366,-606838,4162
1688993758368,-606838,4162
1688993758369,-606838,4162
1688993758371,-606838,4162
1688993758372,-606838,4162
1688993758373,-606838,4162
1688993758375,-606838,4162
1688993758379,-606838,4162
1688993758381,-606838,4162
1688993758383,-606838,4162
1688993758384,-606838,4162
1688993758386,-606838,4162
1688993758389,-606838,4162
1688993758391,-606838,4162
1688993758393,-606838,4162
1688993758395,-606838,4162
1688993758396,-606838,4162
1688993758397,-606838,4162
1688993758399,-606838,4162
1688993758400,-606838,4162
1688993758402,-606838,4162
1688993758403,-606838,4162
1688993758404,-606838,4162
1688993758406,-606838,4162
1688993758408,-606838,4162
1688993758409,-606838,4162
1688993758411,-606838,4162
1688993758413,-606838,4162
1688993758414,-606838,4162
1688993758416,-606838,4162
1688993758418,-606838,4162
1688993758420,-606838,4162
1688993758422,-606838,4162
1688993758424,-606838,4162
1688993758426,-606838,4162
1688993758428,-606838,4162
1688993758429,-606838,4162
1688993758431,-606838,4162
1688993758432,-606838,4162
1688993758434,-606838,4162
1688993758435,-606838,4162
1688993758437,-606838,4162
1688993758438,-606838,4162
1688993758440,-606838,4162
1688993758442,-606838,4162
1688993758444,-606838,4162
1688993758446,-606838,4162
1688993758447,-606838,4162
1688993758449,-606838,4162
1688993758451,-606838,4162
1688993758452,-606838,4162
1688993758455,-606838,4162
1688993758458,-606838,4162
1688993758460,-606838,4162
1688993758462,-606838,4162
1688993758464,-606838,4162
1688993758466,-606838,4162
1688993758468,-606838,4162
1688993758469,-606838,4162
1688993758471,-606838,4162
1688993758472,-606838,4162
1688993758474,-606838,4162
1688993758475,-606838,4162
1688993758477,-606838,4162
1688993758479,-606838,4162
1688993758481,-606838,4162
1688993758482,-606838,4162
1688993758484,-606838,4162
1688993758486,-606838,4162
1688993758488,-606838,4162
1688993758490,-606838,4162
1688993758492,-606838,4162
1688993758494,-606838,4162
1688993758495,-606838,4162
1688993758497,-606838,4162
1688993758498,-606838,4162
1688993758500,-606838,4162
1688993758502,-606838,4162
1688993758503,-606838,4162
1688993758506,-606838,4162
1688993758508,-606838,4162
1688993758509,-606838,4162
1688993758511,-606838,4162
1688993758512,-606838,4162
1688993758514,-606838,4162
1688993758516,-606838,4162
1688993758517,-606838,4162
1688993758519,-606838,4162
1688993758521,-606838,4162
1688993758524,-606838,4162
1688993758526,-606838,4162
1688993758527,-606838,4162
1688993758529,-606838,4162
1688993758530,-606838,4162
1688993758532,-606838,4162
1688993758533,-606838,4162
1688993758534,-606838,4162
1688993758536,-606838,4162
1688993758537,-606838,4162
1688993758538,-606838,4162
1688993758540,-606838,4162
1688993758542,-606838,4162
1688993758544,-606838,4162
1688993758545,-606838,4162
1688993758547,-606838,4162
1688993758548,-606838,4162
1688993758550,-606838,4162
1688993758551,-606838,4162
1688993758553,-606838,4162
1688993758555,-606838,4162
1688993758557,-606838,4162
1688993758559,-606838,4162
1688993758560,-606838,4162
1688993758562,-606838,4162
1688993758563,-606838,4162
1688993758565,-606838,4162
1688993758566,-606838,4162
1688993758568,-606838,4162
1688993758569,-606838,4162
1688993758571,-606838,4162
1688993758572,-606838,4162
1688993758574,-606838,4162
1688993758575,-606838,4162
1688993758576,-606838,4162
1688993758578,-606838,4162
1688993758580,-606838,4162
1688993758582,-606838,4162
1688993758584,-606838,4162
1688993758586,-606838,4162
1688993758588,-606838,4162
1688993758590,-606838,4162
1688993758592,-606838,4162
1688993758593,-606838,4162
1688993758595,-606838,4162
1688993758596,-606838,4162
1688993758597,-606838,4162
1688993758599,-606838,4162
1688993758600,-606838,4162
1688993758602,-606838,4162
1688993758604,-606838,4162
1688993758605,-606838,4162
1688993758607,-606838,4162
1688993758608,-606838,4162
1688993758610,-606838,4162
1688993758611,-606838,4162
1688993758613,-606838,4162
1688993758615,-606838,4162
1688993758616,-606838,4162
1688993758618,-606838,4162
1688993758619,-606838,4162
1688993758621,-606838,4162
1688993758624,-606838,4162
1688993758626,-606838,4162
1688993758627,-606838,4162
1688993758628,-606838,4162
1688993758630,-606838,4162
1688993758631,-606838,4162
1688993758633,-606838,4162
1688993758634,-606838,4162
1688993758635,-606838,4162
1688993758637,-606838,4162
1688993758639,-606838,4162
1688993758641,-606838,4162
1688993758643,-606838,4162
1688993758644,-606838,4162
1688993758646,-606838,4162
1688993758648,-606838,4162
1688993758650,-606838,4162
1688993758651,-606838,4162
1688993758653,-606838,4162
1688993758656,-606838,4162
1688993758657,-606838,4162
1688993758659,-606838,4162
1688993758662,-606838,4162
1688993758664,-606838,4162
1688993758666,-606838,4162
1688993758667,-606838,4162
1688993758669,-606838,4162
1688993758671,-606838,4162
1688993758673,-606838,4162
1688993758674,-606838,4162
1688993758676,-606838,4162
1688993758678,-606838,4162
1688993758680,-606838,4162
1688993758682,-606838,4162
1688993758683,-606838,4162
1688993758685,-606838,4162
1688993758687,-606838,4162
1688993758696,-606838,4162
1688993758698,-606838,4162
1688993758700,-606838,4162
1688993758702,-606838,4162
1688993758704,-606838,4162
1688993758705,-606838,4162
1688993758707,-606838,4162
1688993758709,-606838,4162
1688993758711,-606838,4162
1688993758712,-606838,4162
1688993758714,-606838,4162
1688993758716,-606838,4162
1688993758718,-606838,4162
1688993758720,-606838,4162
1688993758722,-606838,4162
1688993758725,-606838,4162
1688993758726,-606838,4162
1688993758728,-606838,4162
1688993758730,-606838,4162
1688993758731,-606838,4162
1688993758733,-606838,4162
1688993758734,-606838,4162
1688993758736,-606838,4162
1688993758738,-606838,4162
1688993758740,-606838,4162
1688993758741,-606838,4162
1688993758742,-606838,4162
1688993758744,-606838,4162
1688993758746,-606838,4162
1688993758748,-606838,4162
1688993758749,-606838,4162
1688993758751,-606838,4162
1688993758753,-606838,4162
1688993758755,-606838,4162
1688993758756,-606838,4162
1688993758760,-606838,4162
1688993758762,-606838,4162
1688993758764,-606838,4162
1688993758765,-606838,4162
1688993758767,-606838,4162
1688993758768,-606838,4162
1688993758770,-606838,4162
1688993758771,-606838,4162
1688993758773,-606838,4162
1688993758774,-606838,4162
1688993758776,-606838,4162
1688993758778,-606838,4162
1688993758780,-606838,4162
1688993758781,-606838,4162
1688993758782,-606838,4162
1688993758784,-606838,4162
1688993758786,-606838,4162
1688993758788,-606838,4162
1688993758791,-606838,4162
1688993758793,-606838,4162
1688993758795,-606838,4162
1688993758796,-606838,4162
1688993758798,-606838,4162
1688993758801,-606838,4162
1688993758802,-606838,4162
1688993758804,-606838,4162
1688993758806,-606838,4162
1688993758808,-606838,4162
1688993758809,-606838,4162
1688993758811,-606838,4162
1688993758813,-606838,4162
1688993758815,-606838,4162
1688993758817,-606838,4162
1688993758819,-606838,4162
1688993758821,-606838,4162
1688993758823,-606838,4162
1688993758825,-606838,4162
1688993758827,-606838,4162
1688993758828,-606838,4162
1688993758830,-606838,4162
1688993758832,-606838,4162
1688993758833,-606838,4162
1688993758835,-606838,4162
1688993758837,-606838,4162
1688993758838,-606838,4162
1688993758840,-606838,4162
1688993758842,-606838,4162
1688993758844,-606838,4162
1688993758845,-606838,4162
1688993758847,-606838,4162
1688993758849,-606838,4162
1688993758850,-606838,4162
1688993758852,-606838,4162
1688993758854,-606838,4162
1688993758857,-606838,4162
1688993758859,-606838,4162
1688993758862,-606838,4162
1688993758864,-606838,4162
1688993758866,-606838,4162
1688993758868,-606838,4162
1688993758869,-606838,4162
1688993758871,-606838,4162
1688993758872,-606838,4162
1688993758874,-606838,4162
1688993758876,-606838,4162
1688993758878,-606838,4162
1688993758880,-606838,4162
1688993758882,-606838,4162
1688993758884,-606838,4162
1688993758885,-606838,4162
1688993758888,-606838,4162
1688993758890,-606838,4162
1688993758892,-606838,4162
1688993758895,-606838,4162
1688993758901,-606838,4162
1688993758902,-606838,4162
1688993758904,-606838,4162
1688993758906,-606838,4162
1688993758909,-606838,4162
1688993758910,-606838,4162
1688993758912,-606838,4162
1688993758914,-606838,4162
1688993758915,-606838,4162
1688993758917,-606838,4162
1688993758919,-606838,4162
1688993758921,-606838,4162
1688993758923,-606838,4162
1688993758925,-606838,4162
1688993758927,-606838,4162
1688993758929,-606838,4162
1688993758931,-606838,4162
1688993758933,-606838,4162
1688993758934,-606838,4162
1688993758936,-606838,4162
1688993758938,-606838,4162
1688993758939,-606838,4162
1688993758941,-606838,4162
1688993758942,-606838,4162
1688993758944,-606838,4162
1688993758945,-606838,4162
1688993758947,-606838,4162
1688993758949,-606838,4162
1688993758951,-606838,4162
1688993758952,-606838,4162
1688993758954,-606838,4162
1688993758956,-606838,4162
1688993758958,-606838,4162
1688993758960,-606838,4162
1688993758961,-606838,4162
1688993758963,-606838,4162
1688993758964,-606838,4162
1688993758966,-606838,4162
1688993758967,-606838,4162
1688993758969,-606838,4162
1688993758971,-606838,4162
1688993758972,-606838,4162
1688993758974,-606838,4162
1688993758975,-606838,4162
1688993758977,-606838,4162
1688993758979,-606838,4162
1688993758981,-606838,4162
1688993758982,-606838,4162
1688993758984,-606838,4162
1688993758985,-606838,4162
1688993758987,-606838,4162
1688993758989,-606838,4162
1688993758991,-606838,4162
1688993758992,-606838,4162
1688993758994,-606838,4162
1688993758997,-606838,4162
1688993758998,-606838,4162
1688993759000,-606838,4162
1688993759001,-606838,4162
1688993759003,-606838,4162
1688993759005,-606838,4162
1688993759006,-606838,4162
1688993759008,-606838,4162
1688993759009,-606838,4162
1688993759011,-606838,4162
1688993759012,-606838,4162
1688993759014,-606838,4162
1688993759016,-606838,4162
1688993759019,-606838,4162
1688993759021,-606838,4162
1688993759023,-606838,4162
1688993759025,-606838,4162
1688993759026,-606838,4162
1688993759028,-606838,4162
1688993759029,-606838,4162
1688993759031,-606838,4162
1688993759034,-606838,4162
1688993759037,-606838,4162
1688993759038,-606838,4162
1688993759040,-606838,4162
1688993759042,-606838,4162
1688993759043,-606838,4162
1688993759045,-606838,4162
1688993759047,-606838,4162
1688993759048,-606838,4162
1688993759050,-606838,4162
1688993759051,-606838,4162
1688993759053,-606838,4162
1688993759055,-606838,4162
1688993759057,-606838,4162
1688993759059,-606838,4162
1688993759061,-606838,4162
1688993759062,-606838,4162
1688993759064,-606838,4162
1688993759065,-606838,4162
1688993759067,-606838,4162
1688993759068,-606838,4162
1688993759070,-606838,4162
1688993759071,-606838,4162
1688993759073,-606838,4162
1688993759075,-606838,4162
1688993759078,-606838,4162
1688993759080,-606838,4162
1688993759082,-606838,4162
1688993759083,-606838,4162
1688993759084,-606838,4162
1688993759086,-606838,4162
1688993759088,-606838,4162
1688993759090,-606838,4162
1688993759094,-606838,4162
1688993759096,-606838,4162
1688993759098,-606838,4162
1688993759100,-606838,4162
1688993759101,-606838,4162
1688993759102,-606838,4162
1688993759104,-606838,4162
1688993759106,-606838,4162
1688993759107,-606838,4162
1688993759109,-606838,4162
1688993759110,-606838,4162
1688993759112,-606838,4162
1688993759114,-606838,4162
1688993759115,-606838,4162
1688993759117,-606838,4162
1688993759119,-606838,4162
1688993759121,-606838,4162
1688993759123,-606838,4162
1688993759125,-606838,4162
1688993759127,-606838,4162
1688993759129,-606838,4162
1688993759131,-606838,4162
1688993759132,-606838,4162
1688993759134,-606838,4162
1688993759136,-606838,4162
1688993759137,-606838,4162
1688993759139,-606838,4162
1688993759140,-606838,4162
1688993759142,-606838,4162
1688993759143,-606838,4162
1688993759145,-606838,4162
1688993759146,-606838,4162
1688993759149,-606838,4162
1688993759150,-606838,4162
1688993759152,-606838,4162
1688993759155,-606838,4162
1688993759158,-606838,4162
1688993759160,-606838,4162
1688993759162,-606838,4162
1688993759164,-606838,4162
1688993759165,-606838,4162
1688993759167,-606838,4162
1688993759168,-606838,4162
1688993759170,-606838,4162
1688993759171,-606838,4162
1688993759174,-606838,4162
1688993759175,-606838,4162
1688993759177,-606838,4162
1688993759178,-606838,4162
1688993759180,-606838,4162
1688993759182,-606838,4162
1688993759184,-606838,4162
1688993759185,-606838,4162
1688993759187,-606838,4162
1688993759189,-606838,4162
1688993759191,-606838,4162
1688993759193,-606838,4162
1688993759196,-606838,4162
1688993759197,-606838,4162
1688993759199,-606838,4162
1688993759200,-606838,4162
1688993759202,-606838,4162
1688993759204,-606838,4162
1688993759206,-606838,4162
1688993759207,-606838,4162
1688993759209,-606838,4162
1688993759211,-606838,4162
1688993759213,-606838,4162
1688993759215,-606838,4162
1688993759217,-606838,4162
1688993759218,-606838,4162
1688993759221,-606838,4162
1688993759223,-606838,4162
1688993759225,-606838,4162
1688993759227,-606838,4162
1688993759228,-606838,4162
1688993759231,-606838,4162
1688993759232,-606838,4162
1688993759234,-606838,4162
1688993759236,-606838,4162
1688993759237,-606838,4162
1688993759239,-606838,4162
1688993759241,-606838,4162
1688993759242,-606838,4162
1688993759245,-606838,4162
1688993759246,-606838,4162
1688993759248,-606838,4162
1688993759250,-606838,4162
1688993759252,-606838,4162
1688993759254,-606838,4162
1688993759256,-606838,4162
1688993759258,-606838,4162
1688993759260,-606838,4162
1688993759261,-606838,4162
1688993759263,-606838,4162
1688993759264,-606838,4162
1688993759266,-606838,4162
1688993759267,-606838,4162
1688993759269,-606838,4162
1688993759271,-606838,4162
1688993759272,-606838,4162
1688993759274,-606838,4162
1688993759275,-606838,4162
1688993759276,-606838,4162
1688993759278,-606838,4162
1688993759280,-606838,4162
1688993759281,-606838,4162
1688993759282,-606838,4162
1688993759284,-606838,4162
1688993759285,-606838,4162
1688993759287,-606838,4162
1688993759289,-606838,4162
1688993759291,-606838,4162
1688993759292,-606838,4162
1688993759294,-606838,4162
1688993759296,-606838,4162
1688993759297,-606838,4162
1688993759299,-606838,4162
1688993759300,-606838,4162
1688993759301,-606838,4162
1688993759303,-606838,4162
1688993759304,-606838,4162
1688993759306,-606838,4162
1688993759307,-606838,4162
1688993759309,-606838,4162
1688993759311,-606838,4162
1688993759313,-606838,4162
1688993759314,-606838,4162
1688993759316,-606838,4162
1688993759318,-606838,4162
1688993759319,-606838,4162
1688993759321,-606838,4162
1688993759325,-606838,4162
1688993759326,-606838,4162
1688993759328,-606838,4162
1688993759330,-606838,4162
1688993759331,-606838,4162
1688993759333,-606838,4162
1688993759335,-606838,4162
1688993759337,-606838,4162
1688993759338,-606838,4162
1688993759340,-606838,4162
1688993759341,-606838,4162
1688993759343,-606838,4162
1688993759345,-606838,4162
1688993759346,-606838,4162
1688993759348,-606838,4162
1688993759349,-606838,4162
1688993759351,-606838,4162
1688993759354,-606838,4162
1688993759356,-606838,4162
1688993759358,-606838,4162
1688993759360,-606838,4162
1688993759361,-606838,4162
1688993759363,-606838,4162
1688993759365,-606838,4162
1688993759366,-606838,4162
1688993759367,-606838,4162
1688993759369,-606838,4162
1688993759371,-606838,4162
1688993759372,-606838,4162
1688993759374,-606838,4162
1688993759376,-606838,4162
1688993759377,-606838,4162
1688993759379,-606838,4162
1688993759381,-606838,4162
1688993759382,-606838,4162
1688993759384,-606838,4162
1688993759385,-606838,4162
1688993759387,-606838,4162
1688993759389,-606838,4162
1688993759391,-606838,4162
1688993759393,-606838,4162
1688993759395,-606838,4162
1688993759397,-606838,4162
1688993759398,-606838,4162
1688993759400,-606838,4162
1688993759401,-606838,4162
1688993759403,-606838,4162
1688993759404,-606838,4162
1688993759405,-606838,4162
1688993759407,-606838,4162
1688993759409,-606838,4162
1688993759411,-606838,4162
1688993759412,-606838,4162
1688993759414,-606838,4162
1688993759415,-606838,4162
1688993759417,-606838,4162
1688993759418,-606838,4162
1688993759420,-606838,4162
1688993759422,-606838,4162
1688993759424,-606838,4162
1688993759426,-606838,4162
1688993759428,-606838,4162
1688993759430,-606838,4162
1688993759432,-606838,4162
1688993759433,-606838,4162
1688993759435,-606838,4162
1688993759437,-606838,4162
1688993759438,-606838,4162
1688993759440,-606838,4162
1688993759442,-606838,4162
1688993759444,-606838,4162
1688993759446,-606838,4162
1688993759447,-606838,4162
1688993759450,-606838,4162
1688993759452,-606838,4162
1688993759454,-606838,4162
1688993759457,-606838,4162
1688993759458,-606838,4162
1688993759460,-606838,4162
1688993759462,-606838,4162
1688993759463,-606838,4162
1688993759465,-606838,4162
1688993759466,-606838,4162
1688993759469,-606838,4162
1688993759470,-606838,4162
1688993759472,-606838,4162
1688993759474,-606838,4162
1688993759475,-606838,4162
1688993759477,-606838,4162
1688993759478,-606838,4162
1688993759480,-606838,4162
1688993759481,-606838,4162
1688993759482,-606838,4162
1688993759484,-606838,4162
1688993759485,-606838,4162
1688993759488,-606838,4162
1688993759490,-606838,4162
1688993759492,-606838,4162
1688993759494,-606838,4162
1688993759495,-606838,4162
1688993759497,-606838,4162
1688993759498,-606838,4162
1688993759499,-606838,4162
1688993759501,-606838,4162
1688993759502,-606838,4162
1688993759504,-606838,4162
1688993759505,-606838,4162
1688993759507,-606838,4162
1688993759509,-606838,4162
1688993759511,-606838,4162
1688993759512,-606838,4162
1688993759514,-606838,4162
1688993759515,-606838,4162
1688993759517,-606838,4162
1688993759518,-606838,4162
1688993759520,-606838,4162
1688993759522,-606838,4162
1688993759524,-606838,4162
1688993759526,-606838,4162
1688993759528,-606838,4162
1688993759530,-606838,4162
1688993759531,-606838,4162
1688993759533,-606838,4162
1688993759535,-606838,4162
1688993759536,-606838,4162
1688993759538,-606838,4162
1688993759540,-606838,4162
1688993759541,-606838,4162
1688993759543,-606838,4162
1688993759545,-606838,4162
1688993759547,-606838,4162
1688993759549,-606838,4162
1688993759551,-606838,4162
1688993759553,-606838,4162
1688993759555,-606838,4162
1688993759557,-606838,4162
1688993759558,-606838,4162
1688993759560,-606838,4162
1688993759562,-606838,4162
1688993759563,-606838,4162
1688993759564,-606838,4162
1688993759566,-606838,4162
1688993759568,-606838,4162
1688993759570,-606838,4162
1688993759571,-606838,4162
1688993759573,-606838,4162
1688993759575,-606838,4162
1688993759576,-606838,4162
1688993759578,-606838,4162
1688993759580,-606838,4162
1688993759581,-606838,4162
1688993759583,-606838,4162
1688993759585,-606838,4162
1688993759587,-606838,4162
1688993759591,-606838,4162
1688993759593,-606838,4162
1688993759595,-606838,4162
1688993759597,-606838,4162
1688993759598,-606838,4162
1688993759600,-606838,4162
1688993759602,-606838,4162
1688993759603,-606838,4162
1688993759605,-606838,4162
1688993759606,-606838,4162
1688993759608,-606838,4162
1688993759609,-606838,4162
1688993759611,-606838,4162
1688993759612,-606838,4162
1688993759614,-606838,4162
1688993759615,-606838,4162
1688993759617,-606838,4162
1688993759619,-606838,4162
1688993759620,-606838,4162
1688993759622,-606838,4162
1688993759625,-606838,4162
1688993759627,-606838,4162
1688993759629,-606838,4162
1688993759631,-606838,4162
1688993759632,-606838,4162
1688993759634,-606838,4162
1688993759635,-606838,4162
1688993759637,-606838,4162
1688993759638,-606838,4162
1688993759640,-606838,4162
1688993759642,-606838,4162
1688993759643,-606838,4162
1688993759646,-606838,4162
1688993759648,-606838,4162
1688993759649,-606838,4162
1688993759651,-606838,4162
1688993759653,-606838,4162
1688993759656,-606838,4162
1688993759658,-606838,4162
1688993759660,-606838,4162
1688993759661,-606838,4162
1688993759662,-606838,4162
1688993759664,-606838,4162
1688993759667,-606838,4162
1688993759668,-606838,4162
1688993759670,-606838,4162
1688993759672,-606838,4162
1688993759673,-606838,4162
1688993759674,-606838,4162
1688993759676,-606838,4162
1688993759677,-606838,4162
1688993759679,-606838,4162
1688993759681,-606838,4162
1688993759682,-606838,4162
1688993759684,-606838,4162
1688993759686,-606838,4162
1688993759688,-606838,4162
1688993759690,-606838,4162
1688993759692,-606838,4162
1688993759694,-606838,4162
1688993759695,-606838,4162
1688993759697,-606838,4162
1688993759698,-606838,4162
1688993759699,-606838,4162
1688993759701,-606838,4162
1688993759702,-606838,4162
1688993759704,-606838,4162
1688993759706,-606838,4162
1688993759707,-606838,4162
1688993759709,-606838,4162
1688993759711,-606838,4162
1688993759713,-606838,4162
1688993759714,-606838,4162
1688993759716,-606838,4162
1688993759718,-606838,4162
1688993759719,-606838,4162
1688993759721,-606838,4162
1688993759723,-606838,4162
1688993759725,-606838,4162
1688993759727,-606838,4162
1688993759728,-606838,4162
1688993759730,-606838,4162
1688993759731,-606838,4162
1688993759733,-606838,4162
1688993759734,-606838,4162
1688993759736,-606838,4162
1688993759737,-606838,4162
1688993759739,-606838,4162
1688993759741,-606838,4162
1688993759743,-606838,4162
1688993759745,-606838,4162
1688993759747,-606838,4162
1688993759748,-606838,4162
1688993759750,-606838,4162
1688993759751,-606838,4162
1688993759753,-606838,4162
1688993759758,-606838,4162
1688993759761,-606838,4162
1688993759762,-606838,4162
1688993759764,-606838,4162
1688993759766,-606838,4162
1688993759767,-606838,4162
1688993759769,-606838,4162
1688993759770,-606838,4162
1688993759772,-606838,4162
1688993759773,-606838,4162
1688993759775,-606838,4162
1688993759776,-606838,4162
1688993759778,-606838,4162
1688993759779,-606838,4162
1688993759781,-606838,4162
1688993759784,-606838,4162
1688993759785,-606838,4162
1688993759787,-606838,4162
1688993759791,-606838,4162
1688993759793,-606838,4162
1688993759794,-606838,4162
1688993759796,-606838,4162
1688993759797,-606838,4162
1688993759798,-606838,4162
1688993759800,-606838,4162
1688993759801,-606838,4162
1688993759803,-606838,4162
1688993759805,-606838,4162
1688993759806,-606838,4162
1688993759807,-606838,4162
1688993759809,-606838,4162
1688993759810,-606838,4162
1688993759812,-606838,4162
1688993759813,-606838,4162
1688993759814,-606838,4162
1688993759816,-606838,4162
1688993759817,-606838,4162
1688993759819,-606838,4162
1688993759821,-606838,4162
1688993759824,-606838,4162
1688993759825,-606838,4162
1688993759827,-606838,4162
1688993759828,-606838,4162
1688993759830,-606838,4162
1688993759832,-606838,4162
1688993759833,-606838,4162
1688993759835,-606838,4162
1688993759837,-606838,4162
1688993759839,-606838,4162
1688993759841,-606838,4162
1688993759843,-606838,4162
1688993759845,-606838,4162
1688993759846,-606838,4162
1688993759848,-606838,4162
1688993759850,-606838,4162
1688993759851,-606838,4162
1688993759852,-606838,4162
1688993759856,-606838,4162
1688993759867,-606838,4162
1688993759868,-606838,4162
1688993759871,-606838,4162
1688993759872,-606838,4162
1688993759873,-606838,4162
1688993759875,-606838,4162
1688993759876,-606838,4162
1688993759878,-606838,4162
1688993759881,-606838,4162
1688993759883,-606838,4162
1688993759885,-606838,4162
1688993759887,-606838,4162
1688993759889,-606838,4162
1688993759891,-606838,4162
1688993759892,-606838,4162
1688993759894,-606838,4162
1688993759895,-606838,4162
1688993759897,-606838,4162
1688993759898,-606838,4162
1688993759899,-606838,4162
1688993759901,-606838,4162
1688993759902,-606838,4162
1688993759904,-606838,4162
1688993759905,-606838,4162
1688993759907,-606838,4162
1688993759908,-606838,4162
1688993759909,-606838,4162
1688993759911,-606838,4162
1688993759912,-606838,4162
1688993759914,-606838,4162
1688993759916,-606838,4162
1688993759917,-606838,4162
1688993759919,-606838,4162
1688993759920,-606838,4162
1688993759923,-606838,4162
1688993759925,-606838,4162
1688993759927,-606838,4162
1688993759928,-606838,4162
1688993759929,-606838,4162
1688993759931,-606838,4162
1688993759932,-606838,4162
1688993759934,-606838,4162
1688993759935,-606838,4162
1688993759937,-606838,4162
1688993759938,-606838,4162
1688993759940,-606838,4162
1688993759941,-606838,4162
1688993759943,-606838,4162
1688993759944,-606838,4162
1688993759946,-606838,4162
1688993759947,-606838,4162
1688993759949,-606838,4162
1688993759951,-606838,4162
1688993759952,-606838,4162
1688993759954,-606838,4162
1688993759956,-606838,4162
1688993759957,-606838,4162
1688993759959,-606838,4162
1688993759961,-606838,4162
1688993759962,-606838,4162
1688993759964,-606838,4162
1688993759965,-606838,4162
1688993759967,-606838,4162
1688993759968,-606838,4162
1688993759969,-606838,4162
1688993759971,-606838,4162
1688993759972,-606838,4162
1688993759974,-606838,4162
1688993759976,-606838,4162
1688993759977,-606838,4162
1688993759979,-606838,4162
1688993759981,-606838,4162
1688993759983,-606838,4162
1688993759985,-606838,4162
1688993759987,-606838,4162
1688993759989,-606838,4162
1688993759991,-606838,4162
1688993759993,-606838,4162
1688993759995,-606838,4162
1688993759996,-606838,4162
1688993759998,-606838,4162
1688993759999,-606838,4162
1688993760002,-606838,4162
1688993760006,-606838,4162
1688993760008,-606838,4162
1688993760012,-606838,4162
1688993760014,-606838,4162
1688993760017,-606838,4162
1688993760019,-606838,4162
1688993760021,-606838,4162
1688993760024,-606838,4162
1688993760030,-606838,4162
1688993760032,-606838,4162
1688993760034,-606838,4162
1688993760035,-606838,4162
1688993760038,-606838,4162
1688993760040,-606838,4162
1688993760042,-606838,4162
1688993760044,-606838,4162
1688993760045,-606838,4162
1688993760047,-606838,4162
1688993760048,-606838,4162
1688993760050,-606838,4162
1688993760051,-606838,4162
1688993760053,-606838,4162
1688993760056,-606838,4162
1688993760058,-606838,4162
1688993760060,-606838,4162
1688993760062,-606838,4162
1688993760063,-606838,4162
1688993760065,-606838,4162
1688993760066,-606838,4162
1688993760068,-606838,4162
1688993760069,-606838,4162
1688993760071,-606838,4162
1688993760072,-606838,4162
1688993760074,-606838,4162
1688993760075,-606838,4162
1688993760077,-606838,4162
1688993760079,-606838,4162
1688993760081,-606838,4162
1688993760083,-606838,4162
1688993760084,-606838,4162
1688993760085,-606838,4162
1688993760090,-606838,4162
1688993760092,-606838,4162
1688993760093,-606838,4162
1688993760094,-606838,4162
1688993760095,-606838,4162
1688993760097,-606838,4162
1688993760099,-606838,4162
1688993760100,-606838,4162
1688993760102,-606838,4162
1688993760103,-606838,4162
1688993760105,-606838,4162
1688993760106,-606838,4162
1688993760107,-606838,4162
1688993760109,-606838,4162
1688993760111,-606838,4162
1688993760112,-606838,4162
1688993760114,-606838,4162
1688993760115,-606838,4162
1688993760117,-606838,4162
1688993760118,-606838,4162
1688993760120,-606838,4162
1688993760122,-606838,4162
1688993760124,-606838,4162
1688993760127,-606838,4162
1688993760128,-606838,4162
1688993760130,-606838,4162
1688993760132,-606838,4162
1688993760133,-606838,4162
1688993760135,-606838,4162
1688993760136,-606838,4162
1688993760138,-606838,4162
1688993760140,-606838,4162
1688993760141,-606838,4162
1688993760142,-606838,4162
1688993760143,-606838,4162
1688993760145,-606838,4162
1688993760147,-606838,4162
1688993760148,-606838,4162
1688993760149,-606838,4162
1688993760151,-606838,4162
1688993760152,-606838,4162
1688993760154,-606838,4162
1688993760156,-606838,4162
1688993760159,-606838,4162
1688993760161,-606838,4162
1688993760162,-606838,4162
1688993760163,-606838,4162
1688993760165,-606838,4162
1688993760166,-606838,4162
1688993760168,-606838,4162
1688993760169,-606838,4162
1688993760171,-606838,4162
1688993760172,-606838,4162
1688993760174,-606838,4162
1688993760175,-606838,4162
1688993760178,-606838,4162
1688993760180,-606838,4162
1688993760181,-606838,4162
1688993760183,-606838,4162
1688993760185,-606838,4162
1688993760186,-606838,4162
1688993760188,-606838,4162
1688993760191,-606838,4162
1688993760192,-606838,4162
1688993760194,-606838,4162
1688993760196,-606838,4162
1688993760198,-606838,4162
1688993760199,-606838,4162
1688993760201,-606838,4162
1688993760203,-606838,4162
1688993760204,-606838,4162
1688993760206,-606838,4162
1688993760207,-606838,4162
1688993760209,-606838,4162
1688993760210,-606838,4162
1688993760212,-606838,4162
1688993760213,-606838,4162
1688993760215,-606838,4162
1688993760217,-606838,4162
1688993760219,-606838,4162
1688993760221,-606838,4162
1688993760223,-606838,4162
1688993760225,-606838,4162
1688993760226,-606838,4162
1688993760228,-606838,4162
1688993760229,-606838,4162
1688993760231,-606838,4162
1688993760232,-606838,4162
1688993760234,-606838,4162
1688993760236,-606838,4162
1688993760238,-606838,4162
1688993760239,-606838,4162
1688993760240,-606838,4162
1688993760242,-606838,4162
1688993760243,-606838,4162
1688993760245,-606838,4162
1688993760247,-606838,4162
1688993760249,-606838,4162
1688993760251,-606838,4162
1688993760252,-606838,4162
1688993760254,-606838,4162
1688993760257,-606838,4162
1688993760259,-606838,4162
1688993760262,-606838,4162
1688993760263,-606838,4162
1688993760265,-606838,4162
1688993760267,-606838,4162
1688993760269,-606838,4162
1688993760270,-606838,4162
1688993760272,-606838,4162
1688993760274,-606838,4162
1688993760275,-606838,4162
1688993760277,-606838,4162
1688993760279,-606838,4162
1688993760281,-606838,4162
1688993760282,-606838,4162
1688993760284,-606838,4162
1688993760286,-606838,4162
1688993760288,-606838,4162
1688993760291,-606838,4162
1688993760292,-606838,4162
1688993760294,-606838,4162
1688993760296,-606838,4162
1688993760298,-606838,4162
1688993760299,-606838,4162
1688993760300,-606838,4162
1688993760302,-606838,4162
1688993760304,-606838,4162
1688993760305,-606838,4162
1688993760307,-606838,4162
1688993760309,-606838,4162
1688993760312,-606838,4162
1688993760315,-606838,4162
1688993760317,-606838,4162
1688993760319,-606838,4162
1688993760321,-606838,4162
1688993760323,-606838,4162
1688993760325,-606838,4162
1688993760327,-606838,4162
1688993760328,-606838,4162
1688993760330,-606838,4162
1688993760331,-606838,4162
1688993760332,-606838,4162
1688993760334,-606838,4162
1688993760336,-606838,4162
1688993760338,-606838,4162
1688993760340,-606838,4162
1688993760341,-606838,4162
1688993760342,-606838,4162
1688993760344,-606838,4162
1688993760346,-606838,4162
1688993760348,-606838,4162
1688993760350,-606838,4162
1688993760351,-606838,4162
1688993760353,-606838,4162
1688993760355,-606838,4162
1688993760357,-606838,4162
1688993760359,-606838,4162
1688993760361,-606838,4162
1688993760362,-606838,4162
1688993760364,-606838,4162
1688993760365,-606838,4162
1688993760367,-606838,4162
1688993760369,-606838,4162
1688993760370,-606838,4162
1688993760372,-606838,4162
1688993760374,-606838,4162
1688993760375,-606838,4162
1688993760377,-606838,4162
1688993760379,-606838,4162
1688993760381,-606838,4162
1688993760382,-606838,4162
1688993760384,-606838,4162
1688993760385,-606838,4162
1688993760387,-606838,4162
1688993760391,-606838,4162
1688993760392,-606838,4162
1688993760394,-606838,4162
1688993760396,-606838,4162
1688993760398,-606838,4162
1688993760399,-606838,4162
1688993760401,-606838,4162
1688993760402,-606838,4162
1688993760404,-606838,4162
1688993760405,-606838,4162
1688993760407,-606838,4162
1688993760409,-606838,4162
1688993760410,-606838,4162
1688993760412,-606838,4162
1688993760415,-606838,4162
1688993760416,-606838,4162
1688993760418,-606838,4162
1688993760419,-606838,4162
1688993760421,-606838,4162
1688993760425,-606838,4162
1688993760426,-606838,4162
1688993760428,-606838,4162
1688993760429,-606838,4162
1688993760431,-606838,4162
1688993760432,-606838,4162
1688993760434,-606838,4162
1688993760436,-606838,4162
1688993760437,-606838,4162
1688993760439,-606838,4162
1688993760440,-606838,4162
1688993760442,-606838,4162
1688993760444,-606838,4162
1688993760445,-606838,4162
1688993760447,-606838,4162
1688993760448,-606838,4162
1688993760450,-606838,4162
1688993760451,-606838,4162
1688993760453,-606838,4162
1688993760455,-606838,4162
1688993760458,-606838,4162
1688993760460,-606838,4162
1688993760461,-606838,4162
1688993760463,-606838,4162
1688993760464,-606838,4162
1688993760465,-606838,4162
1688993760467,-606838,4162
1688993760469,-606838,4162
1688993760471,-606838,4162
1688993760472,-606838,4162
1688993760474,-606838,4162
1688993760476,-606838,4162
1688993760478,-606838,4162
1688993760480,-606838,4162
1688993760481,-606838,4162
1688993760483,-606838,4162
1688993760484,-606838,4162
1688993760486,-606838,4162
1688993760488,-606838,4162
1688993760490,-606838,4162
1688993760491,-606838,4162
1688993760493,-606838,4162
1688993760495,-606838,4162
1688993760496,-606838,4162
1688993760498,-606838,4162
1688993760499,-606838,4162
1688993760501,-606838,4162
1688993760502,-606838,4162
1688993760504,-606838,4162
1688993760505,-606838,4162
1688993760507,-606838,4162
1688993760509,-606838,4162
1688993760510,-606838,4162
1688993760512,-606838,4162
1688993760514,-606838,4162
1688993760516,-606838,4162
1688993760517,-606838,4162
1688993760519,-606838,4162
1688993760521,-606838,4162
1688993760524,-606838,4162
1688993760525,-606838,4162
1688993760527,-606838,4162
1688993760528,-606838,4162
1688993760530,-606838,4162
1688993760531,-606838,4162
1688993760533,-606838,4162
1688993760535,-606838,4162
1688993760536,-606838,4162
1688993760538,-606838,4162
1688993760539,-606838,4162
1688993760541,-606838,4162
1688993760542,-606838,4162
1688993760544,-606838,4162
1688993760546,-606838,4162
1688993760547,-606838,4162
1688993760548,-606838,4162
1688993760550,-606838,4162
1688993760553,-606838,4162
1688993760556,-606838,4162
1688993760558,-606838,4162
1688993760560,-606838,4162
1688993760561,-606838,4162
1688993760562,-606838,4162
1688993760564,-606838,4162
1688993760566,-606838,4162
1688993760567,-606838,4162
1688993760569,-606838,4162
1688993760571,-606838,4162
1688993760572,-606838,4162
1688993760574,-606838,4162
1688993760575,-606838,4162
1688993760577,-606838,4162
1688993760579,-606838,4162
1688993760581,-606838,4162
1688993760582,-606838,4162
1688993760584,-606838,4162
1688993760585,-606838,4162
1688993760588,-606838,4162
1688993760590,-606838,4162
1688993760592,-606838,4162
1688993760594,-606838,4162
1688993760595,-606838,4162
1688993760597,-606838,4162
1688993760598,-606838,4162
1688993760600,-606838,4162
1688993760601,-606838,4162
1688993760602,-606838,4162
1688993760604,-606838,4162
1688993760605,-606838,4162
1688993760607,-606838,4162
1688993760608,-606838,4162
1688993760610,-606838,4162
1688993760612,-606838,4162
1688993760614,-606838,4162
1688993760616,-606838,4162
1688993760617,-606838,4162
1688993760619,-606838,4162
1688993760621,-606838,4162
1688993760623,-606838,4162
1688993760626,-606838,4162
1688993760627,-606838,4162
1688993760629,-606838,4162
1688993760631,-606838,4162
1688993760633,-606838,4162
1688993760634,-606838,4162
1688993760636,-606838,4162
1688993760637,-606838,4162
1688993760639,-606838,4162
1688993760640,-606838,4162
1688993760642,-606838,4162
1688993760644,-606838,4162
1688993760645,-606838,4162
1688993760647,-606838,4162
1688993760648,-606838,4162
1688993760650,-606838,4162
1688993760652,-606838,4162
1688993760654,-606838,4162
1688993760659,-606838,4162
1688993760661,-606838,4162
1688993760663,-606838,4162
1688993760664,-606838,4162
1688993760665,-606838,4162
1688993760667,-606838,4162
1688993760669,-606838,4162
1688993760671,-606838,4162
1688993760673,-606838,4162
1688993760674,-606838,4162
1688993760676,-606838,4162
1688993760678,-606838,4162
1688993760680,-606838,4162
1688993760682,-606838,4162
1688993760683,-606838,4162
1688993760685,-606838,4162
1688993760687,-606838,4162
1688993760689,-606838,4162
1688993760691,-606838,4162
1688993760693,-606838,4162
1688993760694,-606838,4162
1688993760696,-606838,4162
1688993760697,-606838,4162
1688993760698,-606838,4162
1688993760701,-606838,4162
1688993760702,-606838,4162
1688993760704,-606838,4162
1688993760705,-606838,4162
1688993760707,-606838,4162
1688993760708,-606838,4162
1688993760710,-606838,4162
1688993760712,-606838,4162
1688993760714,-606838,4162
1688993760715,-606838,4162
1688993760717,-606838,4162
1688993760718,-606838,4162
1688993760720,-606838,4162
1688993760721,-606838,4162
1688993760724,-606838,4162
1688993760726,-606838,4162
1688993760728,-606838,4162
1688993760729,-606838,4162
1688993760731,-606838,4162
1688993760733,-606838,4162
1688993760734,-606838,4162
1688993760735,-606838,4162
1688993760737,-606838,4162
1688993760738,-606838,4162
1688993760740,-606838,4162
1688993760741,-606838,4162
1688993760742,-606838,4162
1688993760744,-606838,4162
1688993760746,-606838,4162
1688993760748,-606838,4162
1688993760750,-606838,4162
1688993760752,-606838,4162
1688993760754,-606838,4162
1688993760756,-606838,4162
1688993760758,-606838,4162
1688993760759,-606838,4162
1688993760761,-606838,4162
1688993760762,-606838,4162
1688993760764,-606838,4162
1688993760765,-606838,4162
1688993760767,-606838,4162
1688993760768,-606838,4162
1688993760770,-606838,4162
1688993760772,-606838,4162
1688993760773,-606838,4162
1688993760774,-606838,4162
1688993760776,-606838,4162
1688993760778,-606838,4162
1688993760780,-606838,4162
1688993760781,-606838,4162
1688993760783,-606838,4162
1688993760784,-606838,4162
1688993760786,-606838,4162
1688993760791,-606838,4162
1688993760793,-606838,4162
1688993760794,-606838,4162
1688993760795,-606838,4162
1688993760797,-606838,4162
1688993760799,-606838,4162
1688993760801,-606838,4162
1688993760802,-606838,4162
1688993760806,-606838,4162
1688993760809,-606838,4162
1688993760811,-606838,4162
1688993760812,-606838,4162
1688993760814,-606838,4162
1688993760815,-606838,4162
1688993760817,-606838,4162
1688993760818,-606838,4162
1688993760820,-606838,4162
1688993760822,-606838,4162
1688993760825,-606838,4162
1688993760826,-606838,4162
1688993760828,-606838,4162
1688993760830,-606838,4162
1688993760831,-606838,4162
1688993760833,-606838,4162
1688993760834,-606838,4162
1688993760836,-606838,4162
1688993760837,-606838,4162
1688993760838,-606838,4162
1688993760840,-606838,4162
1688993760841,-606838,4162
1688993760843,-606838,4162
1688993760844,-606838,4162
1688993760846,-606838,4162
1688993760848,-606838,4162
1688993760850,-606838,4162
1688993760851,-606838,4162
1688993760852,-606838,4162
1688993760854,-606838,4162
1688993760856,-606838,4162
1688993760858,-606838,4162
1688993760860,-606838,4162
1688993760861,-606838,4162
1688993760862,-606838,4162
1688993760864,-606838,4162
1688993760866,-606838,4162
1688993760868,-606838,4162
1688993760870,-606838,4162
1688993760872,-606838,4162
1688993760873,-606838,4162
1688993760874,-606838,4162
1688993760876,-606838,4162
1688993760877,-606838,4162
1688993760879,-606838,4162
1688993760881,-606838,4162
1688993760882,-606838,4162
1688993760883,-606838,4162
1688993760885,-606838,4162
1688993760886,-606838,4162
1688993760889,-606838,4162
1688993760891,-606838,4162
1688993760892,-606838,4162
1688993760894,-606838,4162
1688993760895,-606838,4162
1688993760897,-606838,4162
1688993760898,-606838,4162
1688993760900,-606838,4162
1688993760901,-606838,4162
1688993760902,-606838,4162
1688993760904,-606838,4162
1688993760906,-606838,4162
1688993760907,-606838,4162
1688993760909,-606838,4162
1688993760911,-606838,4162
1688993760912,-606838,4162
1688993760914,-606838,4162
1688993760915,-606838,4162
1688993760917,-606838,4162
1688993760918,-606838,4162
1688993760921,-606838,4162
1688993760923,-606838,4162
1688993760925,-606838,4162
1688993760927,-606838,4162
1688993760929,-606838,4162
1688993760930,-606838,4162
1688993760931,-606838,4162
1688993760933,-606838,4162
1688993760934,-606838,4162
1688993760935,-606838,4162
1688993760937,-606838,4162
1688993760938,-606838,4162
1688993760939,-606838,4162
1688993760941,-606838,4162
1688993760942,-606838,4162
1688993760943,-606838,4162
1688993760945,-606838,4162
1688993760948,-606838,4162
1688993760950,-606838,4162
1688993760952,-606838,4162
1688993760954,-606838,4162
1688993760956,-606838,4162
1688993760957,-606838,4162
1688993760959,-606838,4162
1688993760961,-606838,4162
1688993760962,-606838,4162
1688993760963,-606838,4162
1688993760965,-606838,4162
1688993760966,-606838,4162
1688993760968,-606838,4162
1688993760970,-606838,4162
1688993760971,-606838,4162
1688993760972,-606838,4162
1688993760974,-606838,4162
1688993760975,-606838,4162
1688993760977,-606838,4162
1688993760979,-606838,4162
1688993760981,-606838,4162
1688993760982,-606838,4162
1688993760984,-606838,4162
1688993760987,-606838,4162
1688993760991,-606838,4162
1688993760992,-606838,4162
1688993760994,-606838,4162
1688993760996,-606838,4162
1688993760997,-606838,4162
1688993760999,-606838,4162
1688993761000,-606838,4162
1688993761002,-606838,4162
1688993761003,-606838,4162
1688993761005,-606838,4162
1688993761007,-606838,4162
1688993761008,-606838,4162
1688993761009,-606838,4162
1688993761011,-606838,4162
1688993761013,-606838,4162
1688993761015,-606838,4162
1688993761016,-606838,4162
1688993761018,-606838,4162
1688993761020,-606838,4162
1688993761022,-606838,4162
1688993761024,-606838,4162
1688993761026,-606838,4162
1688993761027,-606838,4162
1688993761029,-606838,4162
1688993761030,-606838,4162
1688993761032,-606838,4162
1688993761033,-606838,4162
1688993761035,-606838,4162
1688993761036,-606838,4162
1688993761038,-606838,4162
1688993761039,-606838,4162
1688993761040,-606838,4162
1688993761042,-606838,4162
1688993761044,-606838,4162
1688993761046,-606838,4162
1688993761048,-606838,4162
1688993761049,-606838,4162
1688993761051,-606838,4162
1688993761052,-606838,4162
1688993761054,-606838,4162
1688993761057,-606838,4162
1688993761061,-606838,4162
1688993761065,-606838,4162
1688993761067,-606838,4162
1688993761069,-606838,4162
1688993761071,-606838,4162
1688993761072,-606838,4162
1688993761074,-606838,4162
1688993761076,-606838,4162
1688993761078,-606838,4162
1688993761080,-606838,4162
1688993761081,-606838,4162
1688993761083,-606838,4162
1688993761085,-606838,4162
1688993761087,-606838,4162
1688993761091,-606838,4162
1688993761093,-606838,4162
1688993761095,-606838,4162
1688993761096,-606838,4162
1688993761098,-606838,4162
1688993761099,-606838,4162
1688993761101,-606838,4162
1688993761102,-606838,4162
1688993761104,-606838,4162
1688993761105,-606838,4162
1688993761107,-606838,4162
1688993761109,-606838,4162
1688993761111,-606838,4162
1688993761112,-606838,4162
1688993761115,-606838,4162
1688993761118,-606838,4162
1688993761120,-606838,4162
1688993761122,-606838,4162
1688993761123,-606838,4162
1688993761125,-606838,4162
1688993761127,-606838,4162
1688993761128,-606838,4162
1688993761130,-606838,4162
1688993761131,-606838,4162
1688993761132,-606838,4162
1688993761134,-606838,4162
1688993761135,-606838,4162
1688993761136,-606838,4162
1688993761138,-606838,4162
1688993761139,-606838,4162
1688993761140,-606838,4162
1688993761142,-606838,4162
1688993761143,-606838,4162
1688993761145,-606838,4162
1688993761147,-606838,4162
1688993761148,-606838,4162
1688993761150,-606838,4162
1688993761151,-606838,4162
1688993761152,-606838,4162
1688993761154,-606838,4162
1688993761156,-606838,4162
1688993761158,-606838,4162
1688993761159,-606838,4162
1688993761161,-606838,4162
1688993761163,-606838,4162
1688993761164,-606838,4162
1688993761165,-606838,4162
1688993761167,-606838,4162
1688993761169,-606838,4162
1688993761170,-606838,4162
1688993761171,-606838,4162
1688993761173,-606838,4162
1688993761175,-606838,4162
1688993761176,-606838,4162
1688993761178,-606838,4162
1688993761179,-606838,4162
1688993761181,-606838,4162
1688993761185,-606838,4162
1688993761189,-606838,4162
1688993761191,-606838,4162
1688993761192,-606838,4162
1688993761194,-606838,4162
1688993761196,-606838,4162
1688993761197,-606838,4162
1688993761199,-606838,4162
1688993761200,-606838,4162
1688993761201,-606838,4162
1688993761204,-606838,4162
1688993761205,-606838,4162
1688993761207,-606838,4162
1688993761208,-606838,4162
1688993761209,-606838,4162
1688993761211,-606838,4162
1688993761213,-606838,4162
1688993761214,-606838,4162
1688993761216,-606838,4162
1688993761218,-606838,4162
1688993761219,-606838,4162
1688993761221,-606838,4162
1688993761223,-606838,4162
1688993761228,-606838,4162
1688993761230,-606838,4162
1688993761232,-606838,4162
1688993761233,-606838,4162
1688993761234,-606838,4162
1688993761235,-606838,4162
1688993761237,-606838,4162
1688993761238,-606838,4162
1688993761240,-606838,4162
1688993761243,-606838,4162
1688993761245,-606838,4162
1688993761246,-606838,4162
1688993761248,-606838,4162
1688993761249,-606838,4162
1688993761251,-606838,4162
1688993761252,-606838,4162
1688993761254,-606838,4162
1688993761256,-606838,4162
1688993761258,-606838,4162
1688993761260,-606838,4162
1688993761261,-606838,4162
1688993761263,-606838,4162
1688993761264,-606838,4162
1688993761265,-606838,4162
1688993761267,-606838,4162
1688993761268,-606838,4162
1688993761270,-606838,4162
1688993761271,-606838,4162
1688993761272,-606838,4162
1688993761274,-606838,4162
1688993761275,-606838,4162
1688993761276,-606838,4162
1688993761278,-606838,4162
1688993761279,-606838,4162
1688993761281,-606838,4162
1688993761282,-606838,4162
1688993761284,-606838,4162
1688993761285,-606838,4162
1688993761287,-606838,4162
1688993761288,-606838,4162
1688993761290,-606838,4162
1688993761292,-606838,4162
1688993761293,-606838,4162
1688993761294,-606838,4162
1688993761296,-606838,4162
1688993761297,-606838,4162
1688993761298,-606838,4162
1688993761300,-606838,4162
1688993761302,-606838,4162
1688993761303,-606838,4162
1688993761304,-606838,4162
1688993761306,-606838,4162
1688993761307,-606838,4162
1688993761308,-606838,4162
1688993761310,-606838,4162
1688993761312,-606838,4162
1688993761313,-606838,4162
1688993761314,-606838,4162
1688993761315,-606838,4162
1688993761317,-606838,4162
1688993761319,-606838,4162
1688993761321,-606838,4162
1688993761323,-606838,4162
1688993761325,-606838,4162
1688993761327,-606838,4162
1688993761328,-606838,4162
1688993761330,-606838,4162
1688993761331,-606838,4162
1688993761332,-606838,4162
1688993761334,-606838,4162
1688993761335,-606838,4162
1688993761336,-606838,4162
1688993761338,-606838,4162
1688993761339,-606838,4162
1688993761341,-606838,4162
1688993761342,-606838,4162
1688993761344,-606838,4162
1688993761346,-606838,4162
1688993761347,-606838,4162
1688993761349,-606838,4162
1688993761350,-606838,4162
1688993761352,-606838,4162
1688993761354,-606838,4162
1688993761356,-606838,4162
1688993761358,-606838,4162
1688993761359,-606838,4162
1688993761361,-606838,4162
1688993761362,-606838,4162
1688993761364,-606838,4162
1688993761365,-606838,4162
1688993761367,-606838,4162
1688993761368,-606838,4162
1688993761370,-606838,4162
1688993761371,-606838,4162
1688993761373,-606838,4162
1688993761374,-606838,4162
1688993761376,-606838,4162
1688993761377,-606838,4162
1688993761379,-606838,4162
1688993761380,-606838,4162
1688993761382,-606838,4162
1688993761383,-606838,4162
1688993761384,-606838,4162
1688993761386,-606838,4162
1688993761388,-606838,4162
1688993761389,-606838,4162
1688993761391,-606838,4162
1688993761393,-606838,4162
1688993761394,-606838,4162
1688993761396,-606838,4162
1688993761398,-606838,4162
1688993761399,-606838,4162
1688993761401,-606838,4162
1688993761402,-606838,4162
1688993761404,-606838,4162
1688993761405,-606838,4162
1688993761406,-606838,4162
1688993761408,-606838,4162
1688993761409,-606838,4162
1688993761411,-606838,4162
1688993761412,-606838,4162
1688993761416,-606838,4162
1688993761418,-606838,4162
1688993761420,-606838,4162
1688993761422,-606838,4162
1688993761423,-606838,4162
1688993761425,-606838,4162
1688993761426,-606838,4162
1688993761428,-606838,4162
1688993761430,-606838,4162
1688993761431,-606838,4162
1688993761432,-606838,4162
1688993761434,-606838,4162
1688993761435,-606838,4162
1688993761437,-606838,4162
1688993761438,-606838,4162
1688993761440,-606838,4162
1688993761441,-606838,4162
1688993761443,-606838,4162
1688993761444,-606838,4162
1688993761446,-606838,4162
1688993761447,-606838,4162
1688993761448,-606838,4162
1688993761450,-606838,4162
1688993761451,-606838,4162
1688993761453,-606838,4162
1688993761454,-606838,4162
1688993761457,-606838,4162
1688993761458,-606838,4162
1688993761460,-606838,4162
1688993761462,-606838,4162
1688993761463,-606838,4162
1688993761464,-606838,4162
1688993761465,-606838,4162
1688993761467,-606838,4162
1688993761469,-606838,4162
1688993761470,-606838,4162
1688993761471,-606838,4162
1688993761473,-606838,4162
1688993761474,-606838,4162
1688993761475,-606838,4162
1688993761477,-606838,4162
1688993761479,-606838,4162
1688993761480,-606838,4162
1688993761481,-606838,4162
1688993761483,-606838,4162
1688993761484,-606838,4162
1688993761486,-606838,4162
1688993761488,-606838,4162
1688993761489,-606838,4162
1688993761491,-606838,4162
1688993761492,-606838,4162
1688993761494,-606838,4162
1688993761495,-606838,4162
1688993761497,-606838,4162
1688993761498,-606838,4162
1688993761499,-606838,4162
1688993761501,-606838,4162
1688993761502,-606838,4162
1688993761503,-606838,4162
1688993761505,-606838,4162
1688993761506,-606838,4162
1688993761508,-606838,4162
1688993761509,-606838,4162
1688993761511,-606838,4162
1688993761512,-606838,4162
1688993761514,-606838,4162
1688993761515,-606838,4162
1688993761516,-606838,4162
1688993761518,-606838,4162
1688993761526,-606838,4162
1688993761528,-606838,4162
1688993761529,-606838,4162
1688993761531,-606838,4162
1688993761532,-606838,4162
1688993761534,-606838,4162
1688993761536,-606838,4162
1688993761538,-606838,4162
1688993761539,-606838,4162
1688993761541,-606838,4162
1688993761542,-606838,4162
1688993761544,-606838,4162
1688993761546,-606838,4162
1688993761548,-606838,4162
1688993761549,-606838,4162
1688993761551,-606838,4162
1688993761553,-606838,4162
1688993761555,-606838,4162
1688993761556,-606838,4162
1688993761558,-606838,4162
1688993761559,-606838,4162
1688993761561,-606838,4162
1688993761562,-606838,4162
1688993761563,-606838,4162
1688993761565,-606838,4162
1688993761566,-606838,4162
1688993761568,-606838,4162
1688993761569,-606838,4162
1688993761570,-606838,4162
1688993761572,-606838,4162
1688993761573,-606838,4162
1688993761575,-606838,4162
1688993761576,-606838,4162
1688993761579,-606838,4162
1688993761580,-606838,4162
1688993761582,-606838,4162
1688993761583,-606838,4162
1688993761584,-606838,4162
1688993761586,-606838,4162
1688993761587,-606838,4162
1688993761589,-606838,4162
1688993761591,-606838,4162
1688993761592,-606838,4162
1688993761594,-606838,4162
1688993761596,-606838,4162
1688993761598,-606838,4162
1688993761600,-606838,4162
1688993761601,-606838,4162
1688993761602,-606838,4162
1688993761604,-606838,4162
1688993761605,-606838,4162
1688993761606,-606838,4162
1688993761608,-606838,4162
1688993761609,-606838,4162
1688993761610,-606838,4162
1688993761612,-606838,4162
1688993761614,-606838,4162
1688993761615,-606838,4162
1688993761617,-606838,4162
1688993761618,-606838,4162
1688993761620,-606838,4162
1688993761622,-606838,4162
1688993761624,-606838,4162
1688993761625,-606838,4162
1688993761626,-606838,4162
1688993761628,-606838,4162
1688993761630,-606838,4162
1688993761631,-606838,4162
1688993761633,-606838,4162
1688993761634,-606838,4162
1688993761636,-606838,4162
1688993761638,-606838,4162
1688993761639,-606838,4162
1688993761641,-606838,4162
1688993761642,-606838,4162
1688993761645,-606838,4162
1688993761648,-606838,4162
1688993761649,-606838,4162
1688993761651,-606838,4162
1688993761653,-606838,4162
1688993761655,-606838,4162
1688993761658,-606838,4162
1688993761659,-606838,4162
1688993761661,-606838,4162
1688993761662,-606838,4162
1688993761664,-606838,4162
1688993761665,-606838,4162
1688993761667,-606838,4162
1688993761669,-606838,4162
1688993761670,-606838,4162
1688993761672,-606838,4162
1688993761673,-606838,4162
1688993761675,-606838,4162
1688993761677,-606838,4162
1688993761679,-606838,4162
1688993761681,-606838,4162
1688993761682,-606838,4162
1688993761684,-606838,4162
1688993761685,-606838,4162
1688993761687,-606838,4162
1688993761689,-606838,4162
1688993761691,-606838,4162
1688993761692,-606838,4162
1688993761695,-606838,4162
1688993761697,-606838,4162
1688993761699,-606838,4162
1688993761701,-606838,4162
1688993761702,-606838,4162
1688993761704,-606838,4162
1688993761705,-606838,4162
1688993761707,-606838,4162
1688993761709,-606838,4162
1688993761711,-606838,4162
1688993761712,-606838,4162
1688993761714,-606838,4162
1688993761716,-606838,4162
1688993761718,-606838,4162
1688993761719,-606838,4162
1688993761722,-606838,4162
1688993761724,-606838,4162
1688993761725,-606838,4162
1688993761728,-606838,4162
1688993761730,-606838,4162
1688993761732,-606838,4162
1688993761734,-606838,4162
1688993761736,-606838,4162
1688993761737,-606838,4162
1688993761739,-606838,4162
1688993761741,-606838,4162
1688993761742,-606838,4162
1688993761744,-606838,4162
1688993761746,-606838,4162
1688993761748,-606838,4162
1688993761750,-606838,4162
1688993761751,-606838,4162
1688993761753,-606838,4162
1688993761756,-606838,4162
1688993761758,-606838,4162
1688993761760,-606838,4162
1688993761762,-606838,4162
1688993761763,-606838,4162
1688993761765,-606838,4162
1688993761766,-606838,4162
1688993761768,-606838,4162
1688993761770,-606838,4162
1688993761771,-606838,4162
1688993761773,-606838,4162
1688993761775,-606838,4162
1688993761777,-606838,4162
1688993761779,-606838,4162
1688993761782,-606838,4162
1688993761784,-606838,4162
1688993761786,-606838,4162
1688993761788,-606838,4162
1688993761792,-606838,4162
1688993761794,-606838,4162
1688993761796,-606838,4162
1688993761798,-606838,4162
1688993761800,-606838,4162
1688993761801,-606838,4162
1688993761803,-606838,4162
1688993761805,-606838,4162
1688993761806,-606838,4162
1688993761808,-606838,4162
1688993761810,-606838,4162
1688993761811,-606838,4162
1688993761813,-606838,4162
1688993761815,-606838,4162
1688993761817,-606838,4162
1688993761818,-606838,4162
1688993761820,-606838,4162
1688993761823,-606838,4162
1688993761825,-606838,4162
1688993761827,-606838,4162
1688993761828,-606838,4162
1688993761830,-606838,4162
1688993761831,-606838,4162
1688993761833,-606838,4162
1688993761834,-606838,4162
1688993761836,-606838,4162
1688993761837,-606838,4162
1688993761839,-606838,4162
1688993761840,-606838,4162
1688993761842,-606838,4162
1688993761843,-606838,4162
1688993761845,-606838,4162
1688993761846,-606838,4162
1688993761848,-606838,4162
1688993761850,-606838,4162
1688993761851,-606838,4162
1688993761853,-606838,4162
1688993761855,-606838,4162
1688993761857,-606838,4162
1688993761859,-606838,4162
1688993761861,-606838,4162
1688993761863,-606838,4162
1688993761865,-606838,4162
1688993761866,-606838,4162
1688993761868,-606838,4162
1688993761870,-606838,4162
1688993761871,-606838,4162
1688993761876,-606838,4162
1688993761877,-606838,4162
1688993761879,-606838,4162
1688993761881,-606838,4162
1688993761883,-606838,4162
1688993761885,-606838,4162
1688993761886,-606838,4162
1688993761889,-606838,4162
1688993761891,-606838,4162
1688993761893,-606838,4162
1688993761895,-606838,4162
1688993761897,-606838,4162
1688993761899,-606838,4162
1688993761900,-606838,4162
1688993761902,-606838,4162
1688993761903,-606838,4162
1688993761905,-606838,4162
1688993761906,-606838,4162
1688993761908,-606838,4162
1688993761909,-606838,4162
1688993761911,-606838,4162
1688993761913,-606838,4162
1688993761915,-606838,4162
1688993761916,-606838,4162
1688993761918,-606838,4162
1688993761920,-606838,4162
1688993761921,-606838,4162
1688993761924,-606838,4162
1688993761925,-606838,4162
1688993761927,-606838,4162
1688993761928,-606838,4162
1688993761930,-606838,4162
1688993761932,-606838,4162
1688993761934,-606838,4162
1688993761935,-606838,4162
1688993761936,-606838,4162
1688993761938,-606838,4162
1688993761939,-606838,4162
1688993761941,-606838,4162
1688993761942,-606838,4162
1688993761944,-606838,4162
1688993761946,-606838,4162
1688993761947,-606838,4162
1688993761949,-606838,4162
1688993761951,-606838,4162
1688993761953,-606838,4162
1688993761955,-606838,4162
1688993761957,-606838,4162
1688993761958,-606838,4162
1688993761960,-606838,4162
1688993761961,-606838,4162
1688993761963,-606838,4162
1688993761964,-606838,4162
1688993761966,-606838,4162
1688993761967,-606838,4162
1688993761969,-606838,4162
1688993761971,-606838,4162
1688993761972,-606838,4162
1688993761974,-606838,4162
1688993761975,-606838,4162
1688993761977,-606838,4162
1688993761979,-606838,4162
1688993761980,-606838,4162
1688993761982,-606838,4162
1688993761983,-606838,4162
1688993761985,-606838,4162
1688993761986,-606838,4162
1688993761988,-606838,4162
1688993761991,-606838,4162
1688993761992,-606838,4162
1688993761994,-606838,4162
1688993761996,-606838,4162
1688993761998,-606838,4162
1688993761999,-606838,4162
1688993762000,-606838,4162
1688993762002,-606838,4162
1688993762004,-606838,4162
1688993762005,-606838,4162
1688993762006,-606838,4162
1688993762008,-606838,4162
1688993762009,-606838,4162
1688993762011,-606838,4162
1688993762013,-606838,4162
1688993762014,-606838,4162
1688993762016,-606838,4162
1688993762018,-606838,4162
1688993762020,-606838,4162
1688993762022,-606838,4162
1688993762025,-606838,4162
1688993762026,-606838,4162
1688993762028,-606838,4162
1688993762030,-606838,4162
1688993762031,-606838,4162
1688993762033,-606838,4162
1688993762034,-606838,4162
1688993762036,-606838,4162
1688993762038,-606838,4162
1688993762039,-606838,4162
1688993762041,-606838,4162
1688993762042,-606838,4162
1688993762044,-606838,4162
1688993762046,-606838,4162
1688993762047,-606838,4162
1688993762050,-606838,4162
1688993762051,-606838,4162
1688993762054,-606838,4162
1688993762055,-606838,4162
1688993762058,-606838,4162
1688993762059,-606838,4162
1688993762061,-606838,4162
1688993762062,-606838,4162
1688993762064,-606838,4162
1688993762065,-606838,4162
1688993762067,-606838,4162
1688993762069,-606838,4162
1688993762071,-606838,4162
1688993762072,-606838,4162
1688993762074,-606838,4162
1688993762075,-606838,4162
1688993762077,-606838,4162
1688993762078,-606838,4162
1688993762080,-606838,4162
1688993762081,-606838,4162
1688993762083,-606838,4162
1688993762084,-606838,4162
1688993762085,-606838,4162
1688993762087,-606838,4162
1688993762090,-606838,4162
1688993762092,-606838,4162
1688993762094,-606838,4162
1688993762095,-606838,4162
1688993762097,-606838,4162
1688993762098,-606838,4162
1688993762100,-606838,4162
1688993762101,-606838,4162
1688993762103,-606838,4162
1688993762104,-606838,4162
1688993762106,-606838,4162
1688993762107,-606838,4162
1688993762109,-606838,4162
1688993762111,-606838,4162
1688993762113,-606838,4162
1688993762114,-606838,4162
1688993762116,-606838,4162
1688993762118,-606838,4162
1688993762119,-606838,4162
1688993762123,-606838,4162
1688993762124,-606838,4162
1688993762126,-606838,4162
1688993762128,-606838,4162
1688993762130,-606838,4162
1688993762131,-606838,4162
1688993762132,-606838,4162
1688993762134,-606838,4162
1688993762135,-606838,4162
1688993762136,-606838,4162
1688993762138,-606838,4162
1688993762139,-606838,4162
1688993762141,-606838,4162
1688993762142,-606838,4162
1688993762144,-606838,4162
1688993762145,-606838,4162
1688993762147,-606838,4162
1688993762149,-606838,4162
1688993762151,-606838,4162
1688993762152,-606838,4162
1688993762155,-606838,4162
1688993762157,-606838,4162
1688993762159,-606838,4162
1688993762161,-606838,4162
1688993762162,-606838,4162
1688993762164,-606838,4162
1688993762165,-606838,4162
1688993762167,-606838,4162
1688993762169,-606838,4162
1688993762170,-606838,4162
1688993762172,-606838,4162
1688993762173,-606838,4162
1688993762175,-606838,4162
1688993762176,-606838,4162
1688993762178,-606838,4162
1688993762180,-606838,4162
1688993762181,-606838,4162
1688993762182,-606838,4162
1688993762184,-606838,4162
1688993762186,-606838,4162
1688993762188,-606838,4162
1688993762191,-606838,4162
1688993762193,-606838,4162
1688993762195,-606838,4162
1688993762196,-606838,4162
1688993762198,-606838,4162
1688993762199,-606838,4162
1688993762201,-606838,4162
1688993762202,-606838,4162
1688993762204,-606838,4162
1688993762205,-606838,4162
1688993762207,-606838,4162
1688993762208,-606838,4162
1688993762210,-606838,4162
1688993762211,-606838,4162
1688993762213,-606838,4162
1688993762214,-606838,4162
1688993762216,-606838,4162
1688993762218,-606838,4162
1688993762219,-606838,4162
1688993762221,-606838,4162
1688993762223,-606838,4162
1688993762225,-606838,4162
1688993762227,-606838,4162
1688993762229,-606838,4162
1688993762230,-606838,4162
1688993762232,-606838,4162
1688993762233,-606838,4162
1688993762234,-606838,4162
1688993762235,-606838,4162
1688993762237,-606838,4162
1688993762239,-606838,4162
1688993762240,-606838,4162
1688993762242,-606838,4162
1688993762244,-606838,4162
1688993762246,-606838,4162
1688993762248,-606838,4162
1688993762250,-606838,4162
1688993762251,-606838,4162
1688993762253,-606838,4162
1688993762255,-606838,4162
1688993762257,-606838,4162
1688993762259,-606838,4162
1688993762260,-606838,4162
1688993762262,-606838,4162
1688993762264,-606838,4162
1688993762265,-606838,4162
1688993762267,-606838,4162
1688993762269,-606838,4162
1688993762270,-606838,4162
1688993762272,-606838,4162
1688993762274,-606838,4162
1688993762275,-606838,4162
1688993762277,-606838,4162
1688993762279,-606838,4162
1688993762280,-606838,4162
1688993762282,-606838,4162
1688993762284,-606838,4162
1688993762286,-606838,4162
1688993762288,-606838,4162
1688993762290,-606838,4162
1688993762292,-606838,4162
1688993762294,-606838,4162
1688993762295,-606838,4162
1688993762297,-606838,4162
1688993762298,-606838,4162
1688993762300,-606838,4162
1688993762302,-606838,4162
1688993762303,-606838,4162
1688993762305,-606838,4162
1688993762307,-606838,4162
1688993762309,-606838,4162
1688993762311,-606838,4162
1688993762313,-606838,4162
1688993762314,-606838,4162
1688993762316,-606838,4162
1688993762318,-606838,4162
1688993762319,-606838,4162
1688993762321,-606838,4162
1688993762323,-606838,4162
1688993762326,-606838,4162
1688993762328,-606838,4162
1688993762329,-606838,4162
1688993762331,-606838,4162
1688993762332,-606838,4162
1688993762333,-606838,4162
1688993762335,-606838,4162
1688993762337,-606838,4162
1688993762338,-606838,4162
1688993762339,-606838,4162
1688993762341,-606838,4162
1688993762342,-606838,4162
1688993762344,-606838,4162
1688993762346,-606838,4162
1688993762348,-606838,4162
1688993762350,-606838,4162
1688993762351,-606838,4162
1688993762353,-606838,4162
1688993762355,-606838,4162
1688993762357,-606838,4162
1688993762358,-606838,4162
1688993762360,-606838,4162
1688993762361,-606838,4162
1688993762363,-606838,4162
1688993762364,-606838,4162
1688993762366,-606838,4162
1688993762367,-606838,4162
1688993762369,-606838,4162
1688993762370,-606838,4162
1688993762372,-606838,4162
1688993762373,-606838,4162
1688993762375,-606838,4162
1688993762377,-606838,4162
1688993762379,-606838,4162
1688993762380,-606838,4162
1688993762382,-606838,4162
1688993762384,-606838,4162
1688993762386,-606838,4162
1688993762389,-606838,4162
1688993762391,-606838,4162
1688993762393,-606838,4162
1688993762395,-606838,4162
1688993762397,-606838,4162
1688993762398,-606838,4162
1688993762400,-606838,4162
1688993762402,-606838,4162
1688993762403,-606838,4162
1688993762405,-606838,4162
1688993762407,-606838,4162
1688993762408,-606838,4162
1688993762410,-606838,4162
1688993762411,-606838,4162
1688993762413,-606838,4162
1688993762414,-606838,4162
1688993762416,-606838,4162
1688993762418,-606838,4162
1688993762419,-606838,4162
1688993762421,-606838,4162
1688993762424,-606838,4162
1688993762425,-606838,4162
1688993762427,-606838,4162
1688993762428,-606838,4162
1688993762430,-606838,4162
1688993762431,-606838,4162
1688993762433,-606838,4162
1688993762434,-606838,4162
1688993762435,-606838,4162
1688993762440,-606838,4162
1688993762441,-606838,4162
1688993762444,-606838,4162
1688993762445,-606838,4162
1688993762447,-606838,4162
1688993762448,-606838,4162
1688993762450,-606838,4162
1688993762451,-606838,4162
1688993762452,-606838,4162
1688993762454,-606838,4162
1688993762457,-606838,4162
1688993762459,-606838,4162
1688993762461,-606838,4162
1688993762462,-606838,4162
1688993762464,-606838,4162
1688993762466,-606838,4162
1688993762468,-606838,4162
1688993762469,-606838,4162
1688993762471,-606838,4162
1688993762472,-606838,4162
1688993762473,-606838,4162
1688993762475,-606838,4162
1688993762477,-606838,4162
1688993762478,-606838,4162
1688993762480,-606838,4162
1688993762481,-606838,4162
1688993762483,-606838,4162
1688993762485,-606838,4162
1688993762488,-606838,4162
1688993762490,-606838,4162
1688993762492,-606838,4162
1688993762494,-606838,4162
1688993762496,-606838,4162
1688993762497,-606838,4162
1688993762499,-606838,4162
1688993762501,-606838,4162
1688993762502,-606838,4162
1688993762504,-606838,4162
1688993762506,-606838,4162
1688993762507,-606838,4162
1688993762509,-606838,4162
1688993762511,-606838,4162
1688993762512,-606838,4162
1688993762514,-606838,4162
1688993762516,-606838,4162
1688993762518,-606838,4162
1688993762520,-606838,4162
1688993762522,-606838,4162
1688993762525,-606838,4162
1688993762526,-606838,4162
1688993762528,-606838,4162
1688993762529,-606838,4162
1688993762531,-606838,4162
1688993762533,-606838,4162
1688993762534,-606838,4162
1688993762536,-606838,4162
1688993762537,-606838,4162
1688993762539,-606838,4162
1688993762541,-606838,4162
1688993762542,-606838,4162
1688993762546,-606838,4162
1688993762548,-606838,4162
1688993762549,-606838,4162
1688993762551,-606838,4162
1688993762552,-606838,4162
1688993762555,-606838,4162
1688993762556,-606838,4162
1688993762558,-606838,4162
1688993762559,-606838,4162
1688993762561,-606838,4162
1688993762563,-606838,4162
1688993762564,-606838,4162
1688993762566,-606838,4162
1688993762568,-606838,4162
1688993762569,-606838,4162
1688993762570,-606838,4162
1688993762572,-606838,4162
1688993762573,-606838,4162
1688993762575,-606838,4162
1688993762577,-606838,4162
1688993762579,-606838,4162
1688993762581,-606838,4162
1688993762583,-606838,4162
1688993762584,-606838,4162
1688993762586,-606838,4162
1688993762588,-606838,4162
1688993762590,-606838,4162
1688993762592,-606838,4162
1688993762594,-606838,4162
1688993762595,-606838,4162
1688993762597,-606838,4162
1688993762599,-606838,4162
1688993762601,-606838,4162
1688993762603,-606838,4162
1688993762605,-606838,4162
1688993762607,-606838,4162
1688993762609,-606838,4162
1688993762611,-606838,4162
1688993762612,-606838,4162
1688993762614,-606838,4162
1688993762616,-606838,4162
1688993762617,-606838,4162
1688993762619,-606838,4162
1688993762621,-606838,4162
1688993762624,-606838,4162
1688993762626,-606838,4162
1688993762627,-606838,4162
1688993762629,-606838,4162
1688993762630,-606838,4162
1688993762632,-606838,4162
1688993762633,-606838,4162
1688993762634,-606838,4162
1688993762636,-606838,4162
1688993762637,-606838,4162
1688993762638,-606838,4162
1688993762640,-606838,4162
1688993762642,-606838,4162
1688993762644,-606838,4162
1688993762645,-606838,4162
1688993762647,-606838,4162
1688993762649,-606838,4162
1688993762650,-606838,4162
1688993762652,-606838,4162
1688993762654,-606838,4162
1688993762656,-606838,4162
1688993762658,-606838,4162
1688993762661,-606838,4162
1688993762663,-606838,4162
1688993762664,-606838,4162
1688993762666,-606838,4162
1688993762668,-606838,4162
1688993762669,-606838,4162
1688993762671,-606838,4162
1688993762672,-606838,4162
1688993762675,-606838,4162
1688993762677,-606838,4162
1688993762678,-606838,4162
1688993762681,-606838,4162
1688993762682,-606838,4162
1688993762684,-606838,4162
1688993762686,-606838,4162
1688993762688,-606838,4162
1688993762690,-606838,4162
1688993762692,-606838,4162
1688993762694,-606838,4162
1688993762695,-606838,4162
1688993762697,-606838,4162
1688993762699,-606838,4162
1688993762700,-606838,4162
1688993762702,-606838,4162
1688993762704,-606838,4162
1688993762706,-606838,4162
1688993762707,-606838,4162
1688993762709,-606838,4162
1688993762711,-606838,4162
1688993762713,-606838,4162
1688993762714,-606838,4162
1688993762716,-606838,4162
1688993762718,-606838,4162
1688993762721,-606838,4162
1688993762723,-606838,4162
1688993762724,-606838,4162
1688993762726,-606838,4162
1688993762728,-606838,4162
1688993762729,-606838,4162
1688993762731,-606838,4162
1688993762732,-606838,4162
1688993762734,-606838,4162
1688993762735,-606838,4162
1688993762737,-606838,4162
1688993762738,-606838,4162
1688993762742,-606838,4162
1688993762744,-606838,4162
1688993762746,-606838,4162
1688993762747,-606838,4162
1688993762749,-606838,4162
1688993762750,-606838,4162
1688993762751,-606838,4162
1688993762754,-606838,4162
1688993762755,-606838,4162
1688993762758,-606838,4162
1688993762759,-606838,4162
1688993762761,-606838,4162
1688993762763,-606838,4162
1688993762764,-606838,4162
1688993762766,-606838,4162
1688993762767,-606838,4162
1688993762769,-606838,4162
1688993762770,-606838,4162
1688993762772,-606838,4162
1688993762773,-606838,4162
1688993762775,-606838,4162
1688993762777,-606838,4162
1688993762779,-606838,4162
1688993762781,-606838,4162
1688993762782,-606838,4162
1688993762784,-606838,4162
1688993762785,-606838,4162
1688993762788,-606838,4162
1688993762790,-606838,4162
1688993762792,-606838,4162
1688993762793,-606838,4162
1688993762795,-606838,4162
1688993762796,-606838,4162
1688993762798,-606838,4162
1688993762799,-606838,4162
1688993762801,-606838,4162
1688993762802,-606838,4162
1688993762804,-606838,4162
1688993762805,-606838,4162
1688993762807,-606838,4162
1688993762808,-606838,4162
1688993762810,-606838,4162
1688993762811,-606838,4162
1688993762813,-606838,4162
1688993762815,-606838,4162
1688993762816,-606838,4162
1688993762818,-606838,4162
1688993762820,-606838,4162
1688993762822,-606838,4162
1688993762824,-606838,4162
1688993762826,-606838,4162
1688993762828,-606838,4162
1688993762829,-606838,4162
1688993762831,-606838,4162
1688993762832,-606838,4162
1688993762833,-606838,4162
1688993762834,-606838,4162
1688993762836,-606838,4162
1688993762838,-606838,4162
1688993762839,-606838,4162
1688993762841,-606838,4162
1688993762842,-606838,4162
1688993762844,-606838,4162
1688993762846,-606838,4162
1688993762848,-606838,4162
1688993762849,-606838,4162
1688993762851,-606838,4162
1688993762853,-606838,4162
1688993762855,-606838,4162
1688993762857,-606838,4162
1688993762859,-606838,4162
1688993762861,-606838,4162
1688993762862,-606838,4162
1688993762864,-606838,4162
1688993762865,-606838,4162
1688993762867,-606838,4162
1688993762868,-606838,4162
1688993762870,-606838,4162
1688993762871,-606838,4162
1688993762872,-606838,4162
1688993762874,-606838,4162
1688993762876,-606838,4162
1688993762878,-606838,4162
1688993762880,-606838,4162
1688993762881,-606838,4162
1688993762883,-606838,4162
1688993762884,-606838,4162
1688993762886,-606838,4162
1688993762888,-606838,4162
1688993762890,-606838,4162
1688993762892,-606838,4162
1688993762893,-606838,4162
1688993762895,-606838,4162
1688993762897,-606838,4162
1688993762898,-606838,4162
1688993762900,-606838,4162
1688993762901,-606838,4162
1688993762903,-606838,4162
1688993762904,-606838,4162
1688993762905,-606838,4162
1688993762907,-606838,4162
1688993762909,-606838,4162
1688993762910,-606838,4162
1688993762912,-606838,4162
1688993762914,-606838,4162
1688993762915,-606838,4162
1688993762917,-606838,4162
1688993762919,-606838,4162
1688993762921,-606838,4162
1688993762923,-606838,4162
1688993762925,-606838,4162
1688993762927,-606838,4162
1688993762928,-606838,4162
1688993762930,-606838,4162
1688993762931,-606838,4162
1688993762933,-606838,4162
1688993762935,-606838,4162
1688993762936,-606838,4162
1688993762938,-606838,4162
1688993762939,-606838,4162
1688993762941,-606838,4162
1688993762942,-606838,4162
1688993762944,-606838,4162
1688993762945,-606838,4162
1688993762947,-606838,4162
1688993762948,-606838,4162
1688993762950,-606838,4162
1688993762951,-606838,4162
1688993762953,-606838,4162
1688993762955,-606838,4162
1688993762957,-606838,4162
1688993762959,-606838,4162
1688993762961,-606838,4162
1688993762962,-606838,4162
1688993762964,-606838,4162
1688993762965,-606838,4162
1688993762967,-606838,4162
1688993762968,-606838,4162
1688993762969,-606838,4162
1688993762971,-606838,4162
1688993762972,-606838,4162
1688993762974,-606838,4162
1688993762975,-606838,4162
1688993762977,-606838,4162
1688993762979,-606838,4162
1688993762981,-606838,4162
1688993762983,-606838,4162
1688993762984,-606838,4162
1688993762985,-606838,4162
1688993762987,-606838,4162
1688993762989,-606838,4162
1688993762991,-606838,4162
1688993762993,-606838,4162
1688993762994,-606838,4162
1688993762997,-606838,4162
1688993762998,-606838,4162
1688993763000,-606838,4162
1688993763001,-606838,4162
1688993763003,-606838,4162
1688993763004,-606838,4162
1688993763006,-606838,4162
1688993763008,-606838,4162
1688993763010,-606838,4162
1688993763013,-606838,4162
1688993763015,-606838,4162
1688993763017,-606838,4162
1688993763018,-606838,4162
1688993763020,-606838,4162
1688993763023,-606838,4162
1688993763025,-606838,4162
1688993763027,-606838,4162
1688993763028,-606838,4162
1688993763030,-606838,4162
1688993763031,-606838,4162
1688993763032,-606838,4162
1688993763034,-606838,4162
1688993763036,-606838,4162
1688993763037,-606838,4162
1688993763039,-606838,4162
1688993763040,-606838,4162
1688993763042,-606838,4162
1688993763044,-606838,4162
1688993763046,-606838,4162
1688993763048,-606838,4162
1688993763049,-606838,4162
1688993763051,-606838,4162
1688993763052,-606838,4162
1688993763055,-606838,4162
1688993763058,-606838,4162
1688993763060,-606838,4162
1688993763061,-606838,4162
1688993763063,-606838,4162
1688993763064,-606838,4162
1688993763066,-606838,4162
1688993763067,-606838,4162
1688993763069,-606838,4162
1688993763070,-606838,4162
1688993763072,-606838,4162
1688993763074,-606838,4162
1688993763076,-606838,4162
1688993763078,-606838,4162
1688993763079,-606838,4162
1688993763081,-606838,4162
1688993763082,-606838,4162
1688993763084,-606838,4162
1688993763085,-606838,4162
1688993763087,-606838,4162
1688993763089,-606838,4162
1688993763092,-606838,4162
1688993763093,-606838,4162
1688993763095,-606838,4162
1688993763098,-606838,4162
1688993763100,-606838,4162
1688993763102,-606838,4162
1688993763103,-606838,4162
1688993763105,-606838,4162
1688993763106,-606838,4162
1688993763107,-606838,4162
1688993763109,-606838,4162
1688993763111,-606838,4162
1688993763113,-606838,4162
1688993763116,-606838,4162
1688993763117,-606838,4162
1688993763119,-606838,4162
1688993763121,-606838,4162
1688993763123,-606838,4162
1688993763125,-606838,4162
1688993763126,-606838,4162
1688993763128,-606838,4162
1688993763130,-606838,4162
1688993763131,-606838,4162
1688993763134,-606838,4162
1688993763135,-606838,4162
1688993763137,-606838,4162
1688993763138,-606838,4162
1688993763140,-606838,4162
1688993763141,-606838,4162
1688993763143,-606838,4162
1688993763145,-606838,4162
1688993763146,-606838,4162
1688993763148,-606838,4162
1688993763149,-606838,4162
1688993763151,-606838,4162
1688993763153,-606838,4162
1688993763155,-606838,4162
1688993763157,-606838,4162
1688993763159,-606838,4162
1688993763161,-606838,4162
1688993763162,-606838,4162
1688993763163,-606838,4162
1688993763165,-606838,4162
1688993763166,-606838,4162
1688993763168,-606838,4162
1688993763169,-606838,4162
1688993763171,-606838,4162
1688993763172,-606838,4162
1688993763175,-606838,4162
1688993763177,-606838,4162
1688993763179,-606838,4162
1688993763181,-606838,4162
1688993763182,-606838,4162
1688993763184,-606838,4162
1688993763186,-606838,4162
1688993763188,-606838,4162
1688993763190,-606838,4162
1688993763192,-606838,4162
1688993763194,-606838,4162
1688993763196,-606838,4162
1688993763197,-606838,4162
1688993763199,-606838,4162
1688993763201,-606838,4162
1688993763202,-606838,4162
1688993763204,-606838,4162
1688993763205,-606838,4162
1688993763207,-606838,4162
1688993763208,-606838,4162
1688993763209,-606838,4162
1688993763211,-606838,4162
1688993763213,-606838,4162
1688993763215,-606838,4162
1688993763216,-606838,4162
1688993763218,-606838,4162
1688993763219,-606838,4162
1688993763221,-606838,4162
1688993763223,-606838,4162
1688993763225,-606838,4162
1688993763227,-606838,4162
1688993763228,-606838,4162
1688993763229,-606838,4162
1688993763232,-606838,4162
1688993763233,-606838,4162
1688993763235,-606838,4162
1688993763236,-606838,4162
1688993763238,-606838,4162
1688993763239,-606838,4162
1688993763240,-606838,4162
1688993763242,-606838,4162
1688993763244,-606838,4162
1688993763245,-606838,4162
1688993763247,-606838,4162
1688993763249,-606838,4162
1688993763251,-606838,4162
1688993763253,-606838,4162
1688993763255,-606838,4162
1688993763257,-606838,4162
1688993763259,-606838,4162
1688993763261,-606838,4162
1688993763262,-606838,4162
1688993763266,-606838,4162
1688993763267,-606838,4162
1688993763269,-606838,4162
1688993763271,-606838,4162
1688993763273,-606838,4162
1688993763274,-606838,4162
1688993763276,-606838,4162
1688993763278,-606838,4162
1688993763279,-606838,4162
1688993763281,-606838,4162
1688993763282,-606838,4162
1688993763283,-606838,4162
1688993763285,-606838,4162
1688993763287,-606838,4162
1688993763288,-606838,4162
1688993763291,-606838,4162
1688993763292,-606838,4162
1688993763294,-606838,4162
1688993763296,-606838,4162
1688993763298,-606838,4162
1688993763299,-606838,4162
1688993763301,-606838,4162
1688993763302,-606838,4162
1688993763304,-606838,4162
1688993763306,-606838,4162
1688993763307,-606838,4162
1688993763309,-606838,4162
1688993763311,-606838,4162
1688993763313,-606838,4162
1688993763314,-606838,4162
1688993763316,-606838,4162
1688993763318,-606838,4162
1688993763323,-606838,4162
1688993763325,-606838,4162
1688993763327,-606838,4162
1688993763328,-606838,4162
1688993763331,-606838,4162
1688993763332,-606838,4162
1688993763334,-606838,4162
1688993763335,-606838,4162
1688993763338,-606838,4162
1688993763340,-606838,4162
1688993763342,-606838,4162
1688993763344,-606838,4162
1688993763345,-606838,4162
1688993763347,-606838,4162
1688993763349,-606838,4162
1688993763351,-606838,4162
1688993763353,-606838,4162
1688993763356,-606838,4162
1688993763357,-606838,4162
1688993763359,-606838,4162
1688993763361,-606838,4162
1688993763362,-606838,4162
1688993763365,-606838,4162
1688993763366,-606838,4162
1688993763368,-606838,4162
1688993763370,-606838,4162
1688993763372,-606838,4162
1688993763373,-606838,4162
1688993763375,-606838,4162
1688993763377,-606838,4162
1688993763378,-606838,4162
1688993763380,-606838,4162
1688993763382,-606838,4162
1688993763384,-606838,4162
1688993763385,-606838,4162
1688993763387,-606838,4162
1688993763390,-606838,4162
1688993763392,-606838,4162
1688993763394,-606838,4162
1688993763396,-606838,4162
1688993763397,-606838,4162
1688993763399,-606838,4162
1688993763401,-606838,4162
1688993763402,-606838,4162
1688993763404,-606838,4162
1688993763405,-606838,4162
1688993763407,-606838,4162
1688993763409,-606838,4162
1688993763411,-606838,4162
1688993763412,-606838,4162
1688993763414,-606838,4162
1688993763416,-606838,4162
1688993763418,-606838,4162
1688993763420,-606838,4162
1688993763422,-606838,4162
1688993763424,-606838,4162
1688993763426,-606838,4162
1688993763427,-606838,4162
1688993763429,-606838,4162
1688993763431,-606838,4162
1688993763433,-606838,4162
1688993763434,-606838,4162
1688993763436,-606838,4162
1688993763437,-606838,4162
1688993763439,-606838,4162
1688993763440,-606838,4162
1688993763442,-606838,4162
1688993763444,-606838,4162
1688993763445,-606838,4162
1688993763447,-606838,4162
1688993763449,-606838,4162
1688993763451,-606838,4162
1688993763453,-606838,4162
1688993763455,-606838,4162
1688993763457,-606838,4162
1688993763459,-606838,4162
1688993763461,-606838,4162
1688993763462,-606838,4162
1688993763464,-606838,4162
1688993763465,-606838,4162
1688993763467,-606838,4162
1688993763469,-606838,4162
1688993763471,-606838,4162
1688993763473,-606838,4162
1688993763474,-606838,4162
1688993763475,-606838,4162
1688993763477,-606838,4162
1688993763479,-606838,4162
1688993763481,-606838,4162
1688993763482,-606838,4162
1688993763484,-606838,4162
1688993763485,-606838,4162
1688993763487,-606838,4162
1688993763490,-606838,4162
1688993763491,-606838,4162
1688993763493,-606838,4162
1688993763495,-606838,4162
1688993763496,-606838,4162
1688993763498,-606838,4162
1688993763499,-606838,4162
1688993763501,-606838,4162
1688993763502,-606838,4162
1688993763504,-606838,4162
1688993763505,-606838,4162
1688993763507,-606838,4162
1688993763509,-606838,4162
1688993763511,-606838,4162
1688993763512,-606838,4162
1688993763514,-606838,4162
1688993763516,-606838,4162
1688993763517,-606838,4162
1688993763519,-606838,4162
1688993763521,-606838,4162
1688993763524,-606838,4162
1688993763526,-606838,4162
1688993763528,-606838,4162
1688993763530,-606838,4162
1688993763531,-606838,4162
1688993763533,-606838,4162
1688993763534,-606838,4162
1688993763536,-606838,4162
1688993763537,-606838,4162
1688993763539,-606838,4162
1688993763540,-606838,4162
1688993763542,-606838,4162
1688993763543,-606838,4162
1688993763545,-606838,4162
1688993763547,-606838,4162
1688993763549,-606838,4162
1688993763551,-606838,4162
1688993763552,-606838,4162
1688993763554,-606838,4162
1688993763556,-606838,4162
1688993763558,-606838,4162
1688993763559,-606838,4162
1688993763561,-606838,4162
1688993763562,-606838,4162
1688993763565,-606838,4162
1688993763567,-606838,4162
1688993763568,-606838,4162
1688993763570,-606838,4162
1688993763571,-606838,4162
1688993763573,-606838,4162
1688993763575,-606838,4162
1688993763577,-606838,4162
1688993763578,-606838,4162
1688993763580,-606838,4162
1688993763581,-606838,4162
1688993763583,-606838,4162
1688993763585,-606838,4162
1688993763587,-606838,4162
1688993763591,-606838,4162
1688993763592,-606838,4162
1688993763594,-606838,4162
1688993763596,-606838,4162
1688993763597,-606838,4162
1688993763599,-606838,4162
1688993763600,-606838,4162
1688993763602,-606838,4162
1688993763604,-606838,4162
1688993763605,-606838,4162
1688993763607,-606838,4162
1688993763609,-606838,4162
1688993763611,-606838,4162
1688993763612,-606838,4162
1688993763614,-606838,4162
1688993763616,-606838,4162
1688993763617,-606838,4162
1688993763619,-606838,4162
1688993763621,-606838,4162
1688993763623,-606838,4162
1688993763625,-606838,4162
1688993763627,-606838,4162
1688993763629,-606838,4162
1688993763631,-606838,4162
1688993763632,-606838,4162
1688993763634,-606838,4162
1688993763635,-606838,4162
1688993763637,-606838,4162
1688993763638,-606838,4162
1688993763640,-606838,4162
1688993763641,-606838,4162
1688993763642,-606838,4162
1688993763645,-606838,4162
1688993763647,-606838,4162
1688993763648,-606838,4162
1688993763649,-606838,4162
1688993763651,-606838,4162
1688993763652,-606838,4162
1688993763654,-606838,4162
1688993763656,-606838,4162
1688993763658,-606838,4162
1688993763660,-606838,4162
1688993763662,-606838,4162
1688993763664,-606838,4162
1688993763666,-606838,4162
1688993763668,-606838,4162
1688993763669,-606838,4162
1688993763671,-606838,4162
1688993763673,-606838,4162
1688993763674,-606838,4162
1688993763676,-606838,4162
1688993763678,-606838,4162
1688993763679,-606838,4162
1688993763681,-606838,4162
1688993763682,-606838,4162
1688993763685,-606838,4162
1688993763687,-606838,4162
1688993763689,-606838,4162
1688993763691,-606838,4162
1688993763693,-606838,4162
1688993763695,-606838,4162
1688993763696,-606838,4162
1688993763698,-606838,4162
1688993763699,-606838,4162
1688993763701,-606838,4162
1688993763702,-606838,4162
1688993763704,-606838,4162
1688993763705,-606838,4162
1688993763707,-606838,4162
1688993763708,-606838,4162
1688993763710,-606838,4162
1688993763712,-606838,4162
1688993763713,-606838,4162
1688993763715,-606838,4162
1688993763716,-606838,4162
1688993763718,-606838,4162
1688993763720,-606838,4162
1688993763722,-606838,4162
1688993763724,-606838,4162
1688993763725,-606838,4162
1688993763727,-606838,4162
1688993763729,-606838,4162
1688993763730,-606838,4162
1688993763732,-606838,4162
1688993763733,-606838,4162
1688993763735,-606838,4162
1688993763736,-606838,4162
1688993763737,-606838,4162
1688993763739,-606838,4162
1688993763740,-606838,4162
1688993763742,-606838,4162
1688993763744,-606838,4162
1688993763745,-606838,4162
1688993763747,-606838,4162
1688993763748,-606838,4162
1688993763750,-606838,4162
1688993763751,-606838,4162
1688993763753,-606838,4162
1688993763755,-606838,4162
1688993763757,-606838,4162
1688993763758,-606838,4162
1688993763760,-606838,4162
1688993763762,-606838,4162
1688993763764,-606838,4162
1688993763765,-606838,4162
1688993763767,-606838,4162
1688993763769,-606838,4162
1688993763770,-606838,4162
1688993763772,-606838,4162
1688993763773,-606838,4162
1688993763775,-606838,4162
1688993763777,-606838,4162
1688993763778,-606838,4162
1688993763780,-606838,4162
1688993763782,-606838,4162
1688993763784,-606838,4162
1688993763786,-606838,4162
1688993763788,-606838,4162
1688993763790,-606838,4162
1688993763791,-606838,4162
1688993763793,-606838,4162
1688993763794,-606838,4162
1688993763796,-606838,4162
1688993763797,-606838,4162
1688993763798,-606838,4162
1688993763800,-606838,4162
1688993763801,-606838,4162
1688993763803,-606838,4162
1688993763805,-606838,4162
1688993763806,-606838,4162
1688993763808,-606838,4162
1688993763809,-606838,4162
1688993763811,-606838,4162
1688993763813,-606838,4162
1688993763814,-606838,4162
1688993763816,-606838,4162
1688993763818,-606838,4162
1688993763819,-606838,4162
1688993763822,-606838,4162
1688993763824,-606838,4162
1688993763826,-606838,4162
1688993763828,-606838,4162
1688993763829,-606838,4162
1688993763831,-606838,4162
1688993763832,-606838,4162
1688993763833,-606838,4162
1688993763834,-606838,4162
1688993763836,-606838,4162
1688993763837,-606838,4162
1688993763839,-606838,4162
1688993763841,-606838,4162
1688993763842,-606838,4162
1688993763844,-606838,4162
1688993763846,-606838,4162
1688993763848,-606838,4162
1688993763849,-606838,4162
1688993763851,-606838,4162
1688993763853,-606838,4162
1688993763855,-606838,4162
1688993763857,-606838,4162
1688993763858,-606838,4162
1688993763860,-606838,4162
1688993763862,-606838,4162
1688993763866,-606838,4162
1688993763868,-606838,4162
1688993763869,-606838,4162
1688993763871,-606838,4162
1688993763873,-606838,4162
1688993763874,-606838,4162
1688993763875,-606838,4162
1688993763877,-606838,4162
1688993763879,-606838,4162
1688993763881,-606838,4162
1688993763883,-606838,4162
1688993763885,-606838,4162
1688993763888,-606838,4162
1688993763890,-606838,4162
1688993763892,-606838,4162
1688993763893,-606838,4162
1688993763895,-606838,4162
1688993763896,-606838,4162
1688993763898,-606838,4162
1688993763899,-606838,4162
1688993763901,-606838,4162
1688993763903,-606838,4162
1688993763904,-606838,4162
1688993763906,-606838,4162
1688993763908,-606838,4162
1688993763909,-606838,4162
1688993763911,-606838,4162
1688993763913,-606838,4162
1688993763914,-606838,4162
1688993763916,-606838,4162
1688993763917,-606838,4162
1688993763919,-606838,4162
1688993763921,-606838,4162
1688993763923,-606838,4162
1688993763925,-606838,4162
1688993763927,-606838,4162
1688993763928,-606838,4162
1688993763930,-606838,4162
1688993763931,-606838,4162
1688993763933,-606838,4162
1688993763934,-606838,4162
1688993763935,-606838,4162
1688993763937,-606838,4162
1688993763938,-606838,4162
1688993763940,-606838,4162
1688993763942,-606838,4162
1688993763944,-606838,4162
1688993763945,-606838,4162
1688993763947,-606838,4162
1688993763948,-606838,4162
1688993763949,-606838,4162
1688993763951,-606838,4162
1688993763952,-606838,4162
1688993763955,-606838,4162
1688993763956,-606838,4162
1688993763958,-606838,4162
1688993763961,-606838,4162
1688993763962,-606838,4162
1688993763964,-606838,4162
1688993763965,-606838,4162
1688993763967,-606838,4162
1688993763969,-606838,4162
1688993763970,-606838,4162
1688993763972,-606838,4162
1688993763973,-606838,4162
1688993763975,-606838,4162
1688993763977,-606838,4162
1688993763979,-606838,4162
1688993763981,-606838,4162
1688993763983,-606838,4162
1688993763984,-606838,4162
1688993763986,-606838,4162
1688993763989,-606838,4162
1688993763991,-606838,4162
1688993763992,-606838,4162
1688993763994,-606838,4162
1688993763995,-606838,4162
1688993763997,-606838,4162
1688993763998,-606838,4162
1688993764000,-606838,4162
1688993764002,-606838,4162
1688993764003,-606838,4162
1688993764005,-606838,4162
1688993764006,-606838,4162
1688993764008,-606838,4162
1688993764009,-606838,4162
1688993764011,-606838,4162
1688993764013,-606838,4162
1688993764014,-606838,4162
1688993764016,-606838,4162
1688993764017,-606838,4162
1688993764019,-606838,4162
1688993764021,-606838,4162
1688993764024,-606838,4162
1688993764025,-606838,4162
1688993764027,-606838,4162
1688993764029,-606838,4162
1688993764031,-606838,4162
1688993764033,-606838,4162
1688993764035,-606838,4162
1688993764036,-606838,4162
1688993764038,-606838,4162
1688993764040,-606838,4162
1688993764041,-606838,4162
1688993764044,-606838,4162
1688993764045,-606838,4162
1688993764047,-606838,4162
1688993764049,-606838,4162
1688993764050,-606838,4162
1688993764051,-606838,4162
1688993764053,-606838,4162
1688993764056,-606838,4162
1688993764058,-606838,4162
1688993764060,-606838,4162
1688993764062,-606838,4162
1688993764063,-606838,4162
1688993764065,-606838,4162
1688993764067,-606838,4162
1688993764068,-606838,4162
1688993764070,-606838,4162
1688993764071,-606838,4162
1688993764073,-606838,4162
1688993764074,-606838,4162
1688993764076,-606838,4162
1688993764078,-606838,4162
1688993764080,-606838,4162
1688993764082,-606838,4162
1688993764083,-606838,4162
1688993764085,-606838,4162
1688993764087,-606838,4162
1688993764089,-606838,4162
1688993764091,-606838,4162
1688993764092,-606838,4162
1688993764094,-606838,4162
1688993764095,-606838,4162
1688993764097,-606838,4162
1688993764098,-606838,4162
1688993764100,-606838,4162
1688993764102,-606838,4162
1688993764103,-606838,4162
1688993764105,-606838,4162
1688993764106,-606838,4162
1688993764108,-606838,4162
1688993764110,-606838,4162
1688993764112,-606838,4162
1688993764114,-606838,4162
1688993764115,-606838,4162
1688993764117,-606838,4162
1688993764119,-606838,4162
1688993764121,-606838,4162
1688993764123,-606838,4162
1688993764125,-606838,4162
1688993764127,-606838,4162
1688993764129,-606838,4162
1688993764130,-606838,4162
1688993764131,-606838,4162
1688993764133,-606838,4162
1688993764135,-606838,4162
1688993764136,-606838,4162
1688993764138,-606838,4162
1688993764140,-606838,4162
1688993764142,-606838,4162
1688993764143,-606838,4162
1688993764145,-606838,4162
1688993764146,-606838,4162
1688993764148,-606838,4162
1688993764149,-606838,4162
1688993764151,-606838,4162
1688993764152,-606838,4162
1688993764154,-606838,4162
1688993764156,-606838,4162
1688993764158,-606838,4162
1688993764160,-606838,4162
1688993764162,-606838,4162
1688993764164,-606838,4162
1688993764165,-606838,4162
1688993764167,-606838,4162
1688993764168,-606838,4162
1688993764170,-606838,4162
1688993764172,-606838,4162
1688993764173,-606838,4162
1688993764175,-606838,4162
1688993764177,-606838,4162
1688993764179,-606838,4162
1688993764181,-606838,4162
1688993764182,-606838,4162
1688993764184,-606838,4162
1688993764185,-606838,4162
1688993764188,-606838,4162
1688993764190,-606838,4162
1688993764192,-606838,4162
1688993764193,-606838,4162
1688993764195,-606838,4162
1688993764197,-606838,4162
1688993764198,-606838,4162
1688993764200,-606838,4162
1688993764201,-606838,4162
1688993764202,-606838,4162
1688993764204,-606838,4162
1688993764205,-606838,4162
1688993764207,-606838,4162
1688993764208,-606838,4162
1688993764210,-606838,4162
1688993764212,-606838,4162
1688993764213,-606838,4162
1688993764215,-606838,4162
1688993764216,-606838,4162
1688993764219,-606838,4162
1688993764221,-606838,4162
1688993764223,-606838,4162
1688993764225,-606838,4162
1688993764227,-606838,4162
1688993764228,-606838,4162
1688993764230,-606838,4162
1688993764231,-606838,4162
1688993764233,-606838,4162
1688993764234,-606838,4162
1688993764236,-606838,4162
1688993764238,-606838,4162
1688993764239,-606838,4162
1688993764241,-606838,4162
1688993764243,-606838,4162
1688993764245,-606838,4162
1688993764246,-606838,4162
1688993764248,-606838,4162
1688993764249,-606838,4162
1688993764251,-606838,4162
1688993764252,-606838,4162
1688993764254,-606838,4162
1688993764257,-606838,4162
1688993764259,-606838,4162
1688993764261,-606838,4162
1688993764262,-606838,4162
1688993764264,-606838,4162
1688993764266,-606838,4162
1688993764267,-606838,4162
1688993764269,-606838,4162
1688993764271,-606838,4162
1688993764273,-606838,4162
1688993764274,-606838,4162
1688993764276,-606838,4162
1688993764278,-606838,4162
1688993764280,-606838,4162
1688993764281,-606838,4162
1688993764282,-606838,4162
1688993764286,-606838,4162
1688993764288,-606838,4162
1688993764290,-606838,4162
1688993764292,-606838,4162
1688993764294,-606838,4162
1688993764295,-606838,4162
1688993764297,-606838,4162
1688993764298,-606838,4162
1688993764300,-606838,4162
1688993764302,-606838,4162
1688993764303,-606838,4162
1688993764304,-606838,4162
1688993764306,-606838,4162
1688993764308,-606838,4162
1688993764309,-606838,4162
1688993764311,-606838,4162
1688993764313,-606838,4162
1688993764314,-606838,4162
1688993764316,-606838,4162
1688993764318,-606838,4162
1688993764320,-606838,4162
1688993764322,-606838,4162
1688993764326,-606838,4162
1688993764328,-606838,4162
1688993764329,-606838,4162
1688993764331,-606838,4162
1688993764332,-606838,4162
1688993764334,-606838,4162
1688993764335,-606838,4162
1688993764337,-606838,4162
1688993764339,-606838,4162
1688993764341,-606838,4162
1688993764342,-606838,4162
1688993764344,-606838,4162
1688993764345,-606838,4162
1688993764347,-606838,4162
1688993764349,-606838,4162
1688993764350,-606838,4162
1688993764352,-606838,4162
1688993764354,-606838,4162
1688993764357,-606838,4162
1688993764360,-606838,4162
1688993764361,-606838,4162
1688993764363,-606838,4162
1688993764365,-606838,4162
1688993764366,-606838,4162
1688993764368,-606838,4162
1688993764369,-606838,4162
1688993764370,-606838,4162
1688993764372,-606838,4162
1688993764374,-606838,4162
1688993764375,-606838,4162
1688993764377,-606838,4162
1688993764379,-606838,4162
1688993764381,-606838,4162
1688993764382,-606838,4162
1688993764384,-606838,4162
1688993764386,-606838,4162
1688993764388,-606838,4162
1688993764390,-606838,4162
1688993764392,-606838,4162
1688993764394,-606838,4162
1688993764399,-606838,4162
1688993764403,-606838,4162
1688993764404,-606838,4162
1688993764406,-606838,4162
1688993764408,-606838,4162
1688993764409,-606838,4162
1688993764411,-606838,4162
1688993764413,-606838,4162
1688993764418,-606838,4162
1688993764423,-606838,4162
1688993764425,-606838,4162
1688993764426,-606838,4162
1688993764428,-606838,4162
1688993764430,-606838,4162
1688993764431,-606838,4162
1688993764432,-606838,4162
1688993764434,-606838,4162
1688993764438,-606838,4162
1688993764439,-606838,4162
1688993764441,-606838,4162
1688993764442,-606838,4162
1688993764443,-606838,4162
1688993764445,-606838,4162
1688993764446,-606838,4162
1688993764448,-606838,4162
1688993764449,-606838,4162
1688993764451,-606838,4162
1688993764452,-606838,4162
1688993764456,-606838,4162
1688993764458,-606838,4162
1688993764460,-606838,4162
1688993764462,-606838,4162
1688993764463,-606838,4162
1688993764465,-606838,4162
1688993764466,-606838,4162
1688993764468,-606838,4162
1688993764469,-606838,4162
1688993764471,-606838,4162
1688993764472,-606838,4162
1688993764474,-606838,4162
1688993764476,-606838,4162
1688993764478,-606838,4162
1688993764479,-606838,4162
1688993764481,-606838,4162
1688993764482,-606838,4162
1688993764484,-606838,4162
1688993764485,-606838,4162
1688993764487,-606838,4162
1688993764489,-606838,4162
1688993764491,-606838,4162
1688993764492,-606838,4162
1688993764494,-606838,4162
1688993764496,-606838,4162
1688993764498,-606838,4162
1688993764499,-606838,4162
1688993764501,-606838,4162
1688993764502,-606838,4162
1688993764503,-606838,4162
1688993764505,-606838,4162
1688993764506,-606838,4162
1688993764508,-606838,4162
1688993764510,-606838,4162
1688993764511,-606838,4162
1688993764513,-606838,4162
1688993764515,-606838,4162
1688993764516,-606838,4162
1688993764518,-606838,4162
1688993764520,-606838,4162
1688993764522,-606838,4162
1688993764524,-606838,4162
1688993764526,-606838,4162
1688993764528,-606838,4162
1688993764529,-606838,4162
1688993764531,-606838,4162
1688993764533,-606838,4162
1688993764534,-606838,4162
1688993764536,-606838,4162
1688993764538,-606838,4162
1688993764539,-606838,4162
1688993764541,-606838,4162
1688993764543,-606838,4162
1688993764545,-606838,4162
1688993764546,-606838,4162
1688993764548,-606838,4162
1688993764549,-606838,4162
1688993764551,-606838,4162
1688993764554,-606838,4162
1688993764556,-606838,4162
1688993764558,-606838,4162
1688993764559,-606838,4162
1688993764561,-606838,4162
1688993764562,-606838,4162
1688993764564,-606838,4162
1688993764565,-606838,4162
1688993764567,-606838,4162
1688993764568,-606838,4162
1688993764570,-606838,4162
1688993764572,-606838,4162
1688993764574,-606838,4162
1688993764576,-606838,4162
1688993764578,-606838,4162
1688993764579,-606838,4162
1688993764581,-606838,4162
1688993764583,-606838,4162
1688993764584,-606838,4162
1688993764586,-606838,4162
1688993764588,-606838,4162
1688993764590,-606838,4162
1688993764592,-606838,4162
1688993764594,-606838,4162
1688993764596,-606838,4162
1688993764597,-606838,4162
1688993764598,-606838,4162
1688993764600,-606838,4162
1688993764601,-606838,4162
1688993764603,-606838,4162
1688993764604,-606838,4162
1688993764605,-606838,4162
1688993764607,-606838,4162
1688993764609,-606838,4162
1688993764610,-606838,4162
1688993764612,-606838,4162
1688993764614,-606838,4162
1688993764615,-606838,4162
1688993764617,-606838,4162
1688993764619,-606838,4162
1688993764621,-606838,4162
1688993764623,-606838,4162
1688993764625,-606838,4162
1688993764626,-606838,4162
1688993764628,-606838,4162
1688993764630,-606838,4162
1688993764632,-606838,4162
1688993764635,-606838,4162
1688993764637,-606838,4162
1688993764638,-606838,4162
1688993764641,-606838,4162
1688993764643,-606838,4162
1688993764645,-606838,4162
1688993764647,-606838,4162
1688993764649,-606838,4162
1688993764651,-606838,4162
1688993764654,-606838,4162
1688993764657,-606838,4162
1688993764659,-606838,4162
1688993764661,-606838,4162
1688993764663,-606838,4162
1688993764664,-606838,4162
1688993764666,-606838,4162
1688993764668,-606838,4162
1688993764669,-606838,4162
1688993764672,-606838,4162
1688993764675,-606838,4162
1688993764676,-606838,4162
1688993764678,-606838,4162
1688993764679,-606838,4162
1688993764681,-606838,4162
1688993764682,-606838,4162
1688993764684,-606838,4162
1688993764686,-606838,4162
1688993764688,-606838,4162
1688993764690,-606838,4162
1688993764692,-606838,4162
1688993764693,-606838,4162
1688993764695,-606838,4162
1688993764696,-606838,4162
1688993764697,-606838,4162
1688993764699,-606838,4162
1688993764700,-606838,4162
1688993764701,-606838,4162
1688993764703,-606838,4162
1688993764704,-606838,4162
1688993764705,-606838,4162
1688993764707,-606838,4162
1688993764709,-606838,4162
1688993764711,-606838,4162
1688993764712,-606838,4162
1688993764714,-606838,4162
1688993764715,-606838,4162
1688993764717,-606838,4162
1688993764718,-606838,4162
1688993764721,-606838,4162
1688993764724,-606838,4162
1688993764725,-606838,4162
1688993764727,-606838,4162
1688993764729,-606838,4162
1688993764731,-606838,4162
1688993764733,-606838,4162
1688993764735,-606838,4162
1688993764736,-606838,4162
1688993764738,-606838,4162
1688993764739,-606838,4162
1688993764740,-606838,4162
1688993764742,-606838,4162
1688993764743,-606838,4162
1688993764745,-606838,4162
1688993764747,-606838,4162
1688993764748,-606838,4162
1688993764750,-606838,4162
1688993764752,-606838,4162
1688993764754,-606838,4162
1688993764756,-606838,4162
1688993764758,-606838,4162
1688993764759,-606838,4162
1688993764761,-606838,4162
1688993764762,-606838,4162
1688993764764,-606838,4162
1688993764765,-606838,4162
1688993764767,-606838,4162
1688993764769,-606838,4162
1688993764771,-606838,4162
1688993764773,-606838,4162
1688993764774,-606838,4162
1688993764776,-606838,4162
1688993764778,-606838,4162
1688993764780,-606838,4162
1688993764781,-606838,4162
1688993764783,-606838,4162
1688993764784,-606838,4162
1688993764786,-606838,4162
1688993764788,-606838,4162
1688993764791,-606838,4162
1688993764792,-606838,4162
1688993764794,-606838,4162
1688993764795,-606838,4162
1688993764797,-606838,4162
1688993764798,-606838,4162
1688993764800,-606838,4162
1688993764801,-606838,4162
1688993764803,-606838,4162
1688993764804,-606838,4162
1688993764805,-606838,4162
1688993764807,-606838,4162
1688993764809,-606838,4162
1688993764810,-606838,4162
1688993764812,-606838,4162
1688993764814,-606838,4162
1688993764815,-606838,4162
1688993764817,-606838,4162
1688993764819,-606838,4162
1688993764821,-606838,4162
1688993764822,-606838,4162
1688993764825,-606838,4162
1688993764827,-606838,4162
1688993764828,-606838,4162
1688993764830,-606838,4162
1688993764832,-606838,4162
1688993764834,-606838,4162
1688993764835,-606838,4162
1688993764837,-606838,4162
1688993764838,-606838,4162
1688993764840,-606838,4162
1688993764841,-606838,4162
1688993764843,-606838,4162
1688993764845,-606838,4162
1688993764846,-606838,4162
1688993764849,-606838,4162
1688993764850,-606838,4162
1688993764852,-606838,4162
1688993764854,-606838,4162
1688993764856,-606838,4162
1688993764858,-606838,4162
1688993764860,-606838,4162
1688993764861,-606838,4162
1688993764862,-606838,4162
1688993764864,-606838,4162
1688993764866,-606838,4162
1688993764868,-606838,4162
1688993764869,-606838,4162
1688993764871,-606838,4162
1688993764873,-606838,4162
1688993764875,-606838,4162
1688993764876,-606838,4162
1688993764878,-606838,4162
1688993764879,-606838,4162
1688993764881,-606838,4162
1688993764882,-606838,4162
1688993764884,-606838,4162
1688993764886,-606838,4162
1688993764888,-606838,4162
1688993764890,-606838,4162
1688993764892,-606838,4162
1688993764893,-606838,4162
1688993764895,-606838,4162
1688993764896,-606838,4162
1688993764898,-606838,4162
1688993764899,-606838,4162
1688993764901,-606838,4162
1688993764902,-606838,4162
1688993764903,-606838,4162
1688993764904,-606838,4162
1688993764906,-606838,4162
1688993764908,-606838,4162
1688993764909,-606838,4162
1688993764911,-606838,4162
1688993764912,-606838,4162
1688993764914,-606838,4162
1688993764915,-606838,4162
1688993764917,-606838,4162
1688993764918,-606838,4162
1688993764920,-606838,4162
1688993764922,-606838,4162
1688993764925,-606838,4162
1688993764927,-606838,4162
1688993764929,-606838,4162
1688993764931,-606838,4162
1688993764932,-606838,4162
1688993764933,-606838,4162
1688993764935,-606838,4162
1688993764937,-606838,4162
1688993764938,-606838,4162
1688993764940,-606838,4162
1688993764941,-606838,4162
1688993764942,-606838,4162
1688993764944,-606838,4162
1688993764945,-606838,4162
1688993764948,-606838,4162
1688993764949,-606838,4162
1688993764951,-606838,4162
1688993764953,-606838,4162
1688993764956,-606838,4162
1688993764958,-606838,4162
1688993764959,-606838,4162
1688993764961,-606838,4162
1688993764962,-606838,4162
1688993764964,-606838,4162
1688993764966,-606838,4162
1688993764968,-606838,4162
1688993764969,-606838,4162
1688993764971,-606838,4162
1688993764972,-606838,4162
1688993764974,-606838,4162
1688993764976,-606838,4162
1688993764978,-606838,4162
1688993764980,-606838,4162
1688993764981,-606838,4162
1688993764983,-606838,4162
1688993764984,-606838,4162
1688993764987,-606838,4162
1688993764989,-606838,4162
1688993764991,-606838,4162
1688993764993,-606838,4162
1688993764998,-606838,4162
1688993765000,-606838,4162
1688993765002,-606838,4162
1688993765004,-606838,4162
1688993765006,-606838,4162
1688993765008,-606838,4162
1688993765010,-606838,4162
1688993765012,-606838,4162
1688993765014,-606838,4162
1688993765017,-606838,4162
1688993765018,-606838,4162
1688993765024,-606838,4162
1688993765026,-606838,4162
1688993765028,-606838,4162
1688993765030,-606838,4162
1688993765031,-606838,4162
1688993765033,-606838,4162
1688993765034,-606838,4162
1688993765036,-606838,4162
1688993765037,-606838,4162
1688993765039,-606838,4162
1688993765040,-606838,4162
1688993765042,-606838,4162
1688993765046,-606838,4162
1688993765048,-606838,4162
1688993765049,-606838,4162
1688993765051,-606838,4162
1688993765052,-606838,4162
1688993765055,-606838,4162
1688993765056,-606838,4162
1688993765058,-606838,4162
1688993765059,-606838,4162
1688993765061,-606838,4162
1688993765063,-606838,4162
1688993765064,-606838,4162
1688993765066,-606838,4162
1688993765067,-606838,4162
1688993765069,-606838,4162
1688993765070,-606838,4162
1688993765072,-606838,4162
1688993765073,-606838,4162
1688993765074,-606838,4162
1688993765076,-606838,4162
1688993765077,-606838,4162
1688993765079,-606838,4162
1688993765081,-606838,4162
1688993765082,-606838,4162
1688993765084,-606838,4162
1688993765086,-606838,4162
1688993765088,-606838,4162
1688993765090,-606838,4162
1688993765091,-606838,4162
1688993765093,-606838,4162
1688993765094,-606838,4162
1688993765095,-606838,4162
1688993765097,-606838,4162
1688993765098,-606838,4162
1688993765099,-606838,4162
1688993765101,-606838,4162
1688993765103,-606838,4162
1688993765104,-606838,4162
1688993765106,-606838,4162
1688993765107,-606838,4162
1688993765109,-606838,4162
1688993765110,-606838,4162
1688993765112,-606838,4162
1688993765114,-606838,4162
1688993765115,-606838,4162
1688993765118,-606838,4162
1688993765120,-606838,4162
1688993765122,-606838,4162
1688993765124,-606838,4162
1688993765126,-606838,4162
1688993765127,-606838,4162
1688993765129,-606838,4162
1688993765131,-606838,4162
1688993765132,-606838,4162
1688993765133,-606838,4162
1688993765134,-606838,4162
1688993765136,-606838,4162
1688993765137,-606838,4162
1688993765139,-606838,4162
1688993765140,-606838,4162
1688993765142,-606838,4162
1688993765144,-606838,4162
1688993765146,-606838,4162
1688993765147,-606838,4162
1688993765149,-606838,4162
1688993765151,-606838,4162
1688993765152,-606838,4162
1688993765154,-606838,4162
1688993765156,-606838,4162
1688993765158,-606838,4162
1688993765160,-606838,4162
1688993765162,-606838,4162
1688993765163,-606838,4162
1688993765165,-606838,4162
1688993765166,-606838,4162
1688993765168,-606838,4162
1688993765169,-606838,4162
1688993765171,-606838,4162
1688993765172,-606838,4162
1688993765174,-606838,4162
1688993765176,-606838,4162
1688993765177,-606838,4162
1688993765179,-606838,4162
1688993765182,-606838,4162
1688993765184,-606838,4162
1688993765187,-606838,4162
1688993765189,-606838,4162
1688993765191,-606838,4162
1688993765193,-606838,4162
1688993765194,-606838,4162
1688993765196,-606838,4162
1688993765197,-606838,4162
1688993765199,-606838,4162
1688993765200,-606838,4162
1688993765202,-606838,4162
1688993765204,-606838,4162
1688993765205,-606838,4162
1688993765207,-606838,4162
1688993765208,-606838,4162
1688993765209,-606838,4162
1688993765211,-606838,4162
1688993765213,-606838,4162
1688993765214,-606838,4162
1688993765216,-606838,4162
1688993765217,-606838,4162
1688993765219,-606838,4162
1688993765221,-606838,4162
1688993765223,-606838,4162
1688993765225,-606838,4162
1688993765227,-606838,4162
1688993765228,-606838,4162
1688993765229,-606838,4162
1688993765231,-606838,4162
1688993765232,-606838,4162
1688993765234,-606838,4162
1688993765235,-606838,4162
1688993765237,-606838,4162
1688993765238,-606838,4162
1688993765239,-606838,4162
1688993765241,-606838,4162
1688993765243,-606838,4162
1688993765244,-606838,4162
1688993765246,-606838,4162
1688993765248,-606838,4162
1688993765249,-606838,4162
1688993765251,-606838,4162
1688993765252,-606838,4162
1688993765255,-606838,4162
1688993765257,-606838,4162
1688993765259,-606838,4162
1688993765260,-606838,4162
1688993765262,-606838,4162
1688993765264,-606838,4162
1688993765266,-606838,4162
1688993765268,-606838,4162
1688993765269,-606838,4162
1688993765271,-606838,4162
1688993765272,-606838,4162
1688993765274,-606838,4162
1688993765275,-606838,4162
1688993765277,-606838,4162
1688993765279,-606838,4162
1688993765281,-606838,4162
1688993765282,-606838,4162
1688993765284,-606838,4162
1688993765287,-606838,4162
1688993765289,-606838,4162
1688993765291,-606838,4162
1688993765292,-606838,4162
1688993765294,-606838,4162
1688993765295,-606838,4162
1688993765297,-606838,4162
1688993765298,-606838,4162
1688993765301,-606838,4162
1688993765303,-606838,4162
1688993765305,-606838,4162
1688993765306,-606838,4162
1688993765307,-606838,4162
1688993765309,-606838,4162
1688993765311,-606838,4162
1688993765313,-606838,4162
1688993765315,-606838,4162
1688993765316,-606838,4162
1688993765318,-606838,4162
1688993765320,-606838,4162
1688993765323,-606838,4162
1688993765326,-606838,4162
1688993765327,-606838,4162
1688993765329,-606838,4162
1688993765331,-606838,4162
1688993765332,-606838,4162
1688993765333,-606838,4162
1688993765335,-606838,4162
1688993765337,-606838,4162
1688993765338,-606838,4162
1688993765340,-606838,4162
1688993765342,-606838,4162
1688993765344,-606838,4162
1688993765345,-606838,4162
1688993765347,-606838,4162
1688993765348,-606838,4162
1688993765349,-606838,4162
1688993765351,-606838,4162
1688993765352,-606838,4162
1688993765354,-606838,4162
1688993765356,-606838,4162
1688993765358,-606838,4162
1688993765360,-606838,4162
1688993765362,-606838,4162
1688993765364,-606838,4162
1688993765365,-606838,4162
1688993765367,-606838,4162
1688993765369,-606838,4162
1688993765370,-606838,4162
1688993765371,-606838,4162
1688993765373,-606838,4162
1688993765374,-606838,4162
1688993765376,-606838,4162
1688993765378,-606838,4162
1688993765379,-606838,4162
1688993765381,-606838,4162
1688993765383,-606838,4162
1688993765384,-606838,4162
1688993765386,-606838,4162
1688993765388,-606838,4162
1688993765390,-606838,4162
1688993765392,-606838,4162
1688993765394,-606838,4162
1688993765395,-606838,4162
1688993765397,-606838,4162
1688993765398,-606838,4162
1688993765400,-606838,4162
1688993765401,-606838,4162
1688993765403,-606838,4162
1688993765404,-606838,4162
1688993765405,-606838,4162
1688993765407,-606838,4162
1688993765409,-606838,4162
1688993765411,-606838,4162
1688993765413,-606838,4162
1688993765415,-606838,4162
1688993765416,-606838,4162
1688993765418,-606838,4162
1688993765420,-606838,4162
1688993765422,-606838,4162
1688993765424,-606838,4162
1688993765426,-606838,4162
1688993765428,-606838,4162
1688993765429,-606838,4162
1688993765430,-606838,4162
1688993765432,-606838,4162
1688993765433,-606838,4162
1688993765435,-606838,4162
1688993765436,-606838,4162
1688993765438,-606838,4162
1688993765440,-606838,4162
1688993765442,-606838,4162
1688993765444,-606838,4162
1688993765445,-606838,4162
1688993765447,-606838,4162
1688993765448,-606838,4162
1688993765450,-606838,4162
1688993765451,-606838,4162
1688993765453,-606838,4162
1688993765455,-606838,4162
1688993765457,-606838,4162
1688993765459,-606838,4162
1688993765461,-606838,4162
1688993765462,-606838,4162
1688993765464,-606838,4162
1688993765465,-606838,4162
1688993765467,-606838,4162
1688993765469,-606838,4162
1688993765470,-606838,4162
1688993765472,-606838,4162
1688993765474,-606838,4162
1688993765475,-606838,4162
1688993765477,-606838,4162
1688993765479,-606838,4162
1688993765481,-606838,4162
1688993765482,-606838,4162
1688993765484,-606838,4162
1688993765486,-606838,4162
1688993765488,-606838,4162
1688993765490,-606838,4162
1688993765492,-606838,4162
1688993765493,-606838,4162
1688993765495,-606838,4162
1688993765496,-606838,4162
1688993765498,-606838,4162
1688993765499,-606838,4162
1688993765501,-606838,4162
1688993765502,-606838,4162
1688993765504,-606838,4162
1688993765506,-606838,4162
1688993765507,-606838,4162
1688993765509,-606838,4162
1688993765511,-606838,4162
1688993765513,-606838,4162
1688993765514,-606838,4162
1688993765516,-606838,4162
1688993765518,-606838,4162
1688993765520,-606838,4162
1688993765523,-606838,4162
1688993765524,-606838,4162
1688993765526,-606838,4162
1688993765528,-606838,4162
1688993765529,-606838,4162
1688993765531,-606838,4162
1688993765532,-606838,4162
1688993765534,-606838,4162
1688993765535,-606838,4162
1688993765537,-606838,4162
1688993765539,-606838,4162
1688993765541,-606838,4162
1688993765542,-606838,4162
1688993765544,-606838,4162
1688993765546,-606838,4162
1688993765547,-606838,4162
1688993765549,-606838,4162
1688993765550,-606838,4162
1688993765552,-606838,4162
1688993765554,-606838,4162
1688993765556,-606838,4162
1688993765558,-606838,4162
1688993765559,-606838,4162
1688993765561,-606838,4162
1688993765563,-606838,4162
1688993765564,-606838,4162
1688993765565,-606838,4162
1688993765567,-606838,4162
1688993765569,-606838,4162
1688993765570,-606838,4162
1688993765572,-606838,4162
1688993765573,-606838,4162
1688993765575,-606838,4162
1688993765577,-606838,4162
1688993765578,-606838,4162
1688993765580,-606838,4162
1688993765581,-606838,4162
1688993765583,-606838,4162
1688993765584,-606838,4162
1688993765586,-606838,4162
1688993765588,-606838,4162
1688993765590,-606838,4162
1688993765592,-606838,4162
1688993765594,-606838,4162
1688993765596,-606838,4162
1688993765598,-606838,4162
1688993765600,-606838,4162
1688993765601,-606838,4162
1688993765602,-606838,4162
1688993765604,-606838,4162
1688993765606,-606838,4162
1688993765608,-606838,4162
1688993765610,-606838,4162
1688993765611,-606838,4162
1688993765613,-606838,4162
1688993765615,-606838,4162
1688993765617,-606838,4162
1688993765618,-606838,4162
1688993765620,-606838,4162
1688993765622,-606838,4162
1688993765624,-606838,4162
1688993765626,-606838,4162
1688993765627,-606838,4162
1688993765629,-606838,4162
1688993765630,-606838,4162
1688993765632,-606838,4162
1688993765633,-606838,4162
1688993765635,-606838,4162
1688993765637,-606838,4162
1688993765638,-606838,4162
1688993765640,-606838,4162
1688993765641,-606838,4162
1688993765643,-606838,4162
1688993765644,-606838,4162
1688993765646,-606838,4162
1688993765648,-606838,4162
1688993765649,-606838,4162
1688993765651,-606838,4162
1688993765652,-606838,4162
1688993765654,-606838,4162
1688993765656,-606838,4162
1688993765658,-606838,4162
1688993765660,-606838,4162
1688993765661,-606838,4162
1688993765662,-606838,4162
1688993765666,-606838,4162
1688993765667,-606838,4162
1688993765669,-606838,4162
1688993765670,-606838,4162
1688993765672,-606838,4162
1688993765673,-606838,4162
1688993765675,-606838,4162
1688993765677,-606838,4162
1688993765679,-606838,4162
1688993765681,-606838,4162
1688993765682,-606838,4162
1688993765684,-606838,4162
1688993765685,-606838,4162
1688993765689,-606838,4162
1688993765691,-606838,4162
1688993765693,-606838,4162
1688993765695,-606838,4162
1688993765697,-606838,4162
1688993765698,-606838,4162
1688993765700,-606838,4162
1688993765702,-606838,4162
1688993765704,-606838,4162
1688993765706,-606838,4162
1688993765708,-606838,4162
1688993765709,-606838,4162
1688993765711,-606838,4162
1688993765714,-606838,4162
1688993765716,-606838,4162
1688993765717,-606838,4162
1688993765721,-606838,4162
1688993765724,-606838,4162
1688993765726,-606838,4162
1688993765728,-606838,4162
1688993765729,-606838,4162
1688993765731,-606838,4162
1688993765732,-606838,4162
1688993765734,-606838,4162
1688993765736,-606838,4162
1688993765737,-606838,4162
1688993765739,-606838,4162
1688993765740,-606838,4162
1688993765742,-606838,4162
1688993765743,-606838,4162
1688993765745,-606838,4162
1688993765747,-606838,4162
1688993765748,-606838,4162
1688993765750,-606838,4162
1688993765751,-606838,4162
1688993765753,-606838,4162
1688993765756,-606838,4162
1688993765758,-606838,4162
1688993765759,-606838,4162
1688993765761,-606838,4162
1688993765763,-606838,4162
1688993765764,-606838,4162
1688993765766,-606838,4162
1688993765767,-606838,4162
1688993765769,-606838,4162
1688993765770,-606838,4162
1688993765772,-606838,4162
1688993765774,-606838,4162
1688993765775,-606838,4162
1688993765778,-606838,4162
1688993765779,-606838,4162
1688993765781,-606838,4162
1688993765782,-606838,4162
1688993765784,-606838,4162
1688993765786,-606838,4162
1688993765789,-606838,4162
1688993765791,-606838,4162
1688993765793,-606838,4162
1688993765795,-606838,4162
1688993765796,-606838,4162
1688993765798,-606838,4162
1688993765800,-606838,4162
1688993765801,-606838,4162
1688993765802,-606838,4162
1688993765804,-606838,4162
1688993765805,-606838,4162
1688993765807,-606838,4162
1688993765809,-606838,4162
1688993765810,-606838,4162
1688993765812,-606838,4162
1688993765814,-606838,4162
1688993765816,-606838,4162
1688993765817,-606838,4162
1688993765819,-606838,4162
1688993765821,-606838,4162
1688993765823,-606838,4162
1688993765825,-606838,4162
1688993765827,-606838,4162
1688993765828,-606838,4162
1688993765830,-606838,4162
1688993765832,-606838,4162
1688993765833,-606838,4162
1688993765835,-606838,4162
1688993765836,-606838,4162
1688993765838,-606838,4162
1688993765839,-606838,4162
1688993765841,-606838,4162
1688993765842,-606838,4162
1688993765844,-606838,4162
1688993765846,-606838,4162
1688993765848,-606838,4162
1688993765849,-606838,4162
1688993765851,-606838,4162
1688993765853,-606838,4162
1688993765855,-606838,4162
1688993765857,-606838,4162
1688993765859,-606838,4162
1688993765861,-606838,4162
1688993765862,-606838,4162
1688993765864,-606838,4162
1688993765866,-606838,4162
1688993765867,-606838,4162
1688993765869,-606838,4162
1688993765870,-606838,4162
1688993765872,-606838,4162
1688993765874,-606838,4162
1688993765875,-606838,4162
1688993765880,-606838,4162
1688993765881,-606838,4162
1688993765882,-606838,4162
1688993765884,-606838,4162
1688993765886,-606838,4162
1688993765888,-606838,4162
1688993765890,-606838,4162
1688993765892,-606838,4162
1688993765894,-606838,4162
1688993765895,-606838,4162
1688993765897,-606838,4162
1688993765898,-606838,4162
1688993765899,-606838,4162
1688993765901,-606838,4162
1688993765902,-606838,4162
1688993765904,-606838,4162
1688993765905,-606838,4162
1688993765907,-606838,4162
1688993765908,-606838,4162
1688993765910,-606838,4162
1688993765912,-606838,4162
1688993765914,-606838,4162
1688993765915,-606838,4162
1688993765917,-606838,4162
1688993765918,-606838,4162
1688993765920,-606838,4162
1688993765923,-606838,4162
1688993765925,-606838,4162
1688993765927,-606838,4162
1688993765929,-606838,4162
1688993765930,-606838,4162
1688993765932,-606838,4162
1688993765934,-606838,4162
1688993765936,-606838,4162
1688993765937,-606838,4162
1688993765939,-606838,4162
1688993765941,-606838,4162
1688993765942,-606838,4162
1688993765944,-606838,4162
1688993765946,-606838,4162
1688993765948,-606838,4162
1688993765949,-606838,4162
1688993765952,-606838,4162
1688993765954,-606838,4162
1688993765957,-606838,4162
1688993765959,-606838,4162
1688993765960,-606838,4162
1688993765962,-606838,4162
1688993765964,-606838,4162
1688993765965,-606838,4162
1688993765967,-606838,4162
1688993765969,-606838,4162
1688993765970,-606838,4162
1688993765972,-606838,4162
1688993765974,-606838,4162
1688993765975,-606838,4162
1688993765977,-606838,4162
1688993765979,-606838,4162
1688993765981,-606838,4162
1688993765982,-606838,4162
1688993765983,-606838,4162
1688993765985,-606838,4162
1688993765986,-606838,4162
1688993765988,-606838,4162
1688993765990,-606838,4162
1688993765992,-606838,4162
1688993765994,-606838,4162
1688993765995,-606838,4162
1688993765997,-606838,4162
1688993765998,-606838,4162
1688993766000,-606838,4162
1688993766002,-606838,4162
1688993766003,-606838,4162
1688993766005,-606838,4162
1688993766007,-606838,4162
1688993766008,-606838,4162
1688993766011,-606838,4162
1688993766013,-606838,4162
1688993766015,-606838,4162
1688993766016,-606838,4162
1688993766018,-606838,4162
1688993766019,-606838,4162
1688993766021,-606838,4162
1688993766023,-606838,4162
1688993766025,-606838,4162
1688993766026,-606838,4162
1688993766028,-606838,4162
1688993766029,-606838,4162
1688993766031,-606838,4162
1688993766032,-606838,4162
1688993766035,-606838,4162
1688993766038,-606838,4162
1688993766039,-606838,4162
1688993766041,-606838,4162
1688993766042,-606838,4162
1688993766044,-606838,4162
1688993766046,-606838,4162
1688993766047,-606838,4162
1688993766049,-606838,4162
1688993766051,-606838,4162
1688993766053,-606838,4162
1688993766055,-606838,4162
1688993766057,-606838,4162
1688993766059,-606838,4162
1688993766061,-606838,4162
1688993766062,-606838,4162
1688993766064,-606838,4162
1688993766065,-606838,4162
1688993766067,-606838,4162
1688993766069,-606838,4162
1688993766071,-606838,4162
1688993766073,-606838,4162
1688993766074,-606838,4162
1688993766076,-606838,4162
1688993766078,-606838,4162
1688993766079,-606838,4162
1688993766081,-606838,4162
1688993766082,-606838,4162
1688993766084,-606838,4162
1688993766085,-606838,4162
1688993766088,-606838,4162
1688993766090,-606838,4162
1688993766091,-606838,4162
1688993766093,-606838,4162
1688993766095,-606838,4162
1688993766096,-606838,4162
1688993766098,-606838,4162
1688993766099,-606838,4162
1688993766101,-606838,4162
1688993766102,-606838,4162
1688993766103,-606838,4162
1688993766105,-606838,4162
1688993766106,-606838,4162
1688993766108,-606838,4162
1688993766110,-606838,4162
1688993766112,-606838,4162
1688993766113,-606838,4162
1688993766115,-606838,4162
1688993766117,-606838,4162
1688993766118,-606838,4162
1688993766121,-606838,4162
1688993766123,-606838,4162
1688993766125,-606838,4162
1688993766126,-606838,4162
1688993766129,-606838,4162
1688993766131,-606838,4162
1688993766132,-606838,4162
1688993766133,-606838,4162
1688993766135,-606838,4162
1688993766136,-606838,4162
1688993766138,-606838,4162
1688993766139,-606838,4162
1688993766140,-606838,4162
1688993766142,-606838,4162
1688993766143,-606838,4162
1688993766145,-606838,4162
1688993766147,-606838,4162
1688993766149,-606838,4162
1688993766151,-606838,4162
1688993766152,-606838,4162
1688993766154,-606838,4162
1688993766156,-606838,4162
1688993766158,-606838,4162
1688993766160,-606838,4162
1688993766161,-606838,4162
1688993766163,-606838,4162
1688993766164,-606838,4162
1688993766166,-606838,4162
1688993766168,-606838,4162
1688993766169,-606838,4162
1688993766171,-606838,4162
1688993766172,-606838,4162
1688993766173,-606838,4162
1688993766175,-606838,4162
1688993766176,-606838,4162
1688993766178,-606838,4162
1688993766179,-606838,4162
1688993766181,-606838,4162
1688993766182,-606838,4162
1688993766184,-606838,4162
1688993766185,-606838,4162
1688993766188,-606838,4162
1688993766193,-606838,4162
1688993766195,-606838,4162
1688993766197,-606838,4162
1688993766198,-606838,4162
1688993766200,-606838,4162
1688993766201,-606838,4162
1688993766202,-606838,4162
1688993766204,-606838,4162
1688993766206,-606838,4162
1688993766208,-606838,4162
1688993766210,-606838,4162
1688993766211,-606838,4162
1688993766213,-606838,4162
1688993766215,-606838,4162
1688993766216,-606838,4162
1688993766218,-606838,4162
1688993766220,-606838,4162
1688993766222,-606838,4162
1688993766226,-606838,4162
1688993766228,-606838,4162
1688993766230,-606838,4162
1688993766231,-606838,4162
1688993766232,-606838,4162
1688993766234,-606838,4162
1688993766236,-606838,4162
1688993766237,-606838,4162
1688993766239,-606838,4162
1688993766240,-606838,4162
1688993766242,-606838,4162
1688993766244,-606838,4162
1688993766246,-606838,4162
1688993766247,-606838,4162
1688993766249,-606838,4162
1688993766251,-606838,4162
1688993766252,-606838,4162
1688993766254,-606838,4162
1688993766256,-606838,4162
1688993766258,-606838,4162
1688993766260,-606838,4162
1688993766262,-606838,4162
1688993766263,-606838,4162
1688993766265,-606838,4162
1688993766266,-606838,4162
1688993766268,-606838,4162
1688993766270,-606838,4162
1688993766271,-606838,4162
1688993766272,-606838,4162
1688993766274,-606838,4162
1688993766276,-606838,4162
1688993766277,-606838,4162
1688993766279,-606838,4162
1688993766281,-606838,4162
1688993766282,-606838,4162
1688993766284,-606838,4162
1688993766286,-606838,4162
1688993766288,-606838,4162
1688993766290,-606838,4162
1688993766292,-606838,4162
1688993766293,-606838,4162
1688993766295,-606838,4162
1688993766296,-606838,4162
1688993766298,-606838,4162
1688993766299,-606838,4162
1688993766301,-606838,4162
1688993766302,-606838,4162
1688993766303,-606838,4162
1688993766305,-606838,4162
1688993766307,-606838,4162
1688993766309,-606838,4162
1688993766310,-606838,4162
1688993766312,-606838,4162
1688993766313,-606838,4162
1688993766315,-606838,4162
1688993766316,-606838,4162
1688993766318,-606838,4162
1688993766319,-606838,4162
1688993766322,-606838,4162
1688993766324,-606838,4162
1688993766326,-606838,4162
1688993766328,-606838,4162
1688993766329,-606838,4162
1688993766331,-606838,4162
1688993766332,-606838,4162
1688993766334,-606838,4162
1688993766335,-606838,4162
1688993766337,-606838,4162
1688993766338,-606838,4162
1688993766340,-606838,4162
1688993766341,-606838,4162
1688993766343,-606838,4162
1688993766345,-606838,4162
1688993766347,-606838,4162
1688993766348,-606838,4162
1688993766350,-606838,4162
1688993766351,-606838,4162
1688993766354,-606838,4162
1688993766356,-606838,4162
1688993766358,-606838,4162
1688993766359,-606838,4162
1688993766361,-606838,4162
1688993766362,-606838,4162
1688993766364,-606838,4162
1688993766366,-606838,4162
1688993766368,-606838,4162
1688993766369,-606838,4162
1688993766371,-606838,4162
1688993766372,-606838,4162
1688993766374,-606838,4162
1688993766375,-606838,4162
1688993766377,-606838,4162
1688993766379,-606838,4162
1688993766381,-606838,4162
1688993766382,-606838,4162
1688993766384,-606838,4162
1688993766387,-606838,4162
1688993766390,-606838,4162
1688993766392,-606838,4162
1688993766394,-606838,4162
1688993766395,-606838,4162
1688993766397,-606838,4162
1688993766398,-606838,4162
1688993766400,-606838,4162
1688993766401,-606838,4162
1688993766402,-606838,4162
1688993766404,-606838,4162
1688993766406,-606838,4162
1688993766408,-606838,4162
1688993766409,-606838,4162
1688993766411,-606838,4162
1688993766413,-606838,4162
1688993766414,-606838,4162
1688993766415,-606838,4162
1688993766417,-606838,4162
1688993766419,-606838,4162
1688993766421,-606838,4162
1688993766423,-606838,4162
1688993766425,-606838,4162
1688993766427,-606838,4162
1688993766428,-606838,4162
1688993766429,-606838,4162
1688993766431,-606838,4162
1688993766432,-606838,4162
1688993766434,-606838,4162
1688993766435,-606838,4162
1688993766437,-606838,4162
1688993766438,-606838,4162
1688993766440,-606838,4162
1688993766441,-606838,4162
1688993766443,-606838,4162
1688993766445,-606838,4162
1688993766447,-606838,4162
1688993766448,-606838,4162
1688993766450,-606838,4162
1688993766451,-606838,4162
1688993766452,-606838,4162
1688993766454,-606838,4162
1688993766457,-606838,4162
1688993766458,-606838,4162
1688993766460,-606838,4162
1688993766462,-606838,4162
1688993766464,-606838,4162
1688993766465,-606838,4162
1688993766467,-606838,4162
1688993766469,-606838,4162
1688993766470,-606838,4162
1688993766472,-606838,4162
1688993766473,-606838,4162
1688993766475,-606838,4162
1688993766476,-606838,4162
1688993766478,-606838,4162
1688993766480,-606838,4162
1688993766482,-606838,4162
1688993766483,-606838,4162
1688993766485,-606838,4162
1688993766487,-606838,4162
1688993766489,-606838,4162
1688993766491,-606838,4162
1688993766493,-606838,4162
1688993766495,-606838,4162
1688993766496,-606838,4162
1688993766497,-606838,4162
1688993766499,-606838,4162
1688993766500,-606838,4162
1688993766502,-606838,4162
1688993766504,-606838,4162
1688993766505,-606838,4162
1688993766507,-606838,4162
1688993766508,-606838,4162
1688993766510,-606838,4162
1688993766512,-606838,4162
1688993766513,-606838,4162
1688993766515,-606838,4162
1688993766517,-606838,4162
1688993766518,-606838,4162
1688993766520,-606838,4162
1688993766523,-606838,4162
1688993766524,-606838,4162
1688993766526,-606838,4162
1688993766528,-606838,4162
1688993766530,-606838,4162
1688993766531,-606838,4162
1688993766532,-606838,4162
1688993766534,-606838,4162
1688993766536,-606838,4162
1688993766537,-606838,4162
1688993766539,-606838,4162
1688993766541,-606838,4162
1688993766542,-606838,4162
1688993766544,-606838,4162
1688993766546,-606838,4162
1688993766547,-606838,4162
1688993766549,-606838,4162
1688993766550,-606838,4162
1688993766552,-606838,4162
1688993766554,-606838,4162
1688993766556,-606838,4162
1688993766558,-606838,4162
1688993766559,-606838,4162
1688993766561,-606838,4162
1688993766562,-606838,4162
1688993766564,-606838,4162
1688993766565,-606838,4162
1688993766567,-606838,4162
1688993766569,-606838,4162
1688993766570,-606838,4162
1688993766571,-606838,4162
1688993766573,-606838,4162
1688993766574,-606838,4162
1688993766575,-606838,4162
1688993766577,-606838,4162
1688993766579,-606838,4162
1688993766581,-606838,4162
1688993766583,-606838,4162
1688993766584,-606838,4162
1688993766586,-606838,4162
1688993766588,-606838,4162
1688993766590,-606838,4162
1688993766592,-606838,4162
1688993766594,-606838,4162
1688993766595,-606838,4162
1688993766597,-606838,4162
1688993766598,-606838,4162
1688993766600,-606838,4162
1688993766601,-606838,4162
1688993766603,-606838,4162
1688993766605,-606838,4162
1688993766606,-606838,4162
1688993766608,-606838,4162
1688993766609,-606838,4162
1688993766612,-606838,4162
1688993766614,-606838,4162
1688993766615,-606838,4162
1688993766616,-606838,4162
1688993766618,-606838,4162
1688993766620,-606838,4162
1688993766622,-606838,4162
1688993766624,-606838,4162
1688993766626,-606838,4162
1688993766628,-606838,4162
1688993766629,-606838,4162
1688993766631,-606838,4162
1688993766633,-606838,4162
1688993766635,-606838,4162
1688993766636,-606838,4162
1688993766638,-606838,4162
1688993766639,-606838,4162
1688993766641,-606838,4162
1688993766643,-606838,4162
1688993766645,-606838,4162
1688993766647,-606838,4162
1688993766649,-606838,4162
1688993766650,-606838,4162
1688993766652,-606838,4162
1688993766654,-606838,4162
1688993766658,-606838,4162
1688993766660,-606838,4162
1688993766661,-606838,4162
1688993766665,-606838,4162
1688993766667,-606838,4162
1688993766668,-606838,4162
1688993766670,-606838,4162
1688993766672,-606838,4162
1688993766673,-606838,4162
1688993766675,-606838,4162
1688993766679,-606838,4162
1688993766681,-606838,4162
1688993766683,-606838,4162
1688993766685,-606838,4162
1688993766686,-606838,4162
1688993766689,-606838,4162
1688993766691,-606838,4162
1688993766693,-606838,4162
1688993766695,-606838,4162
1688993766696,-606838,4162
1688993766698,-606838,4162
1688993766701,-606838,4162
1688993766703,-606838,4162
1688993766704,-606838,4162
1688993766705,-606838,4162
1688993766707,-606838,4162
1688993766708,-606838,4162
1688993766710,-606838,4162
1688993766711,-606838,4162
1688993766713,-606838,4162
1688993766714,-606838,4162
1688993766715,-606838,4162
1688993766717,-606838,4162
1688993766719,-606838,4162
1688993766721,-606838,4162
1688993766723,-606838,4162
1688993766725,-606838,4162
1688993766727,-606838,4162
1688993766729,-606838,4162
1688993766731,-606838,4162
1688993766732,-606838,4162
1688993766734,-606838,4162
1688993766735,-606838,4162
1688993766737,-606838,4162
1688993766739,-606838,4162
1688993766741,-606838,4162
1688993766742,-606838,4162
1688993766744,-606838,4162
1688993766746,-606838,4162
1688993766748,-606838,4162
1688993766749,-606838,4162
1688993766751,-606838,4162
1688993766752,-606838,4162
1688993766754,-606838,4162
1688993766756,-606838,4162
1688993766758,-606838,4162
1688993766760,-606838,4162
1688993766761,-606838,4162
1688993766763,-606838,4162
1688993766764,-606838,4162
1688993766765,-606838,4162
1688993766767,-606838,4162
1688993766768,-606838,4162
1688993766770,-606838,4162
1688993766771,-606838,4162
1688993766772,-606838,4162
1688993766774,-606838,4162
1688993766775,-606838,4162
1688993766777,-606838,4162
1688993766779,-606838,4162
1688993766781,-606838,4162
1688993766782,-606838,4162
1688993766784,-606838,4162
1688993766785,-606838,4162
1688993766788,-606838,4162
1688993766790,-606838,4162
1688993766792,-606838,4162
1688993766794,-606838,4162
1688993766795,-606838,4162
1688993766797,-606838,4162
1688993766799,-606838,4162
1688993766801,-606838,4162
1688993766802,-606838,4162
1688993766804,-606838,4162
1688993766806,-606838,4162
1688993766807,-606838,4162
1688993766809,-606838,4162
1688993766810,-606838,4162
1688993766812,-606838,4162
1688993766814,-606838,4162
1688993766815,-606838,4162
1688993766817,-606838,4162
1688993766819,-606838,4162
1688993766822,-606838,4162
1688993766824,-606838,4162
1688993766825,-606838,4162
1688993766826,-606838,4162
1688993766828,-606838,4162
1688993766829,-606838,4162
1688993766831,-606838,4162
1688993766832,-606838,4162
1688993766833,-606838,4162
1688993766835,-606838,4162
1688993766836,-606838,4162
1688993766838,-606838,4162
1688993766839,-606838,4162
1688993766841,-606838,4162
1688993766843,-606838,4162
1688993766845,-606838,4162
1688993766847,-606838,4162
1688993766848,-606838,4162
1688993766849,-606838,4162
1688993766851,-606838,4162
1688993766852,-606838,4162
1688993766855,-606838,4162
1688993766857,-606838,4162
1688993766858,-606838,4162
1688993766861,-606838,4162
1688993766862,-606838,4162
1688993766865,-606838,4162
1688993766867,-606838,4162
1688993766869,-606838,4162
1688993766871,-606838,4162
1688993766872,-606838,4162
1688993766873,-606838,4162
1688993766875,-606838,4162
1688993766877,-606838,4162
1688993766878,-606838,4162
1688993766880,-606838,4162
1688993766881,-606838,4162
1688993766882,-606838,4162
1688993766884,-606838,4162
1688993766886,-606838,4162
1688993766888,-606838,4162
1688993766890,-606838,4162
1688993766892,-606838,4162
1688993766893,-606838,4162
1688993766894,-606838,4162
1688993766896,-606838,4162
1688993766898,-606838,4162
1688993766900,-606838,4162
1688993766901,-606838,4162
1688993766902,-606838,4162
1688993766904,-606838,4162
1688993766906,-606838,4162
1688993766907,-606838,4162
1688993766909,-606838,4162
1688993766911,-606838,4162
1688993766913,-606838,4162
1688993766915,-606838,4162
1688993766916,-606838,4162
1688993766918,-606838,4162
1688993766921,-606838,4162
1688993766923,-606838,4162
1688993766925,-606838,4162
1688993766927,-606838,4162
1688993766929,-606838,4162
1688993766930,-606838,4162
1688993766932,-606838,4162
1688993766934,-606838,4162
1688993766935,-606838,4162
1688993766937,-606838,4162
1688993766939,-606838,4162
1688993766940,-606838,4162
1688993766942,-606838,4162
1688993766944,-606838,4162
1688993766945,-606838,4162
1688993766947,-606838,4162
1688993766949,-606838,4162
1688993766950,-606838,4162
1688993766952,-606838,4162
1688993766954,-606838,4162
1688993766956,-606838,4162
1688993766958,-606838,4162
1688993766959,-606838,4162
1688993766961,-606838,4162
1688993766962,-606838,4162
1688993766964,-606838,4162
1688993766965,-606838,4162
1688993766967,-606838,4162
1688993766968,-606838,4162
1688993766970,-606838,4162
1688993766971,-606838,4162
1688993766973,-606838,4162
1688993766974,-606838,4162
1688993766976,-606838,4162
1688993766978,-606838,4162
1688993766980,-606838,4162
1688993766981,-606838,4162
1688993766983,-606838,4162
1688993766984,-606838,4162
1688993766985,-606838,4162
1688993766988,-606838,4162
1688993766990,-606838,4162
1688993766991,-606838,4162
1688993766993,-606838,4162
1688993766995,-606838,4162
1688993766997,-606838,4162
1688993766999,-606838,4162
1688993767001,-606838,4162
1688993767003,-606838,4162
1688993767005,-606838,4162
1688993767006,-606838,4162
1688993767008,-606838,4162
1688993767009,-606838,4162
1688993767011,-606838,4162
1688993767013,-606838,4162
1688993767014,-606838,4162
1688993767016,-606838,4162
1688993767018,-606838,4162
1688993767020,-606838,4162
1688993767022,-606838,4162
1688993767024,-606838,4162
1688993767026,-606838,4162
1688993767028,-606838,4162
1688993767029,-606838,4162
1688993767031,-606838,4162
1688993767033,-606838,4162
1688993767035,-606838,4162
1688993767036,-606838,4162
1688993767038,-606838,4162
1688993767040,-606838,4162
1688993767042,-606838,4162
1688993767043,-606838,4162
1688993767045,-606838,4162
1688993767047,-606838,4162
1688993767049,-606838,4162
1688993767050,-606838,4162
1688993767052,-606838,4162
1688993767054,-606838,4162
1688993767057,-606838,4162
1688993767059,-606838,4162
1688993767061,-606838,4162
1688993767062,-606838,4162
1688993767064,-606838,4162
1688993767065,-606838,4162
1688993767067,-606838,4162
1688993767069,-606838,4162
1688993767071,-606838,4162
1688993767072,-606838,4162
1688993767075,-606838,4162
1688993767076,-606838,4162
1688993767078,-606838,4162
1688993767080,-606838,4162
1688993767081,-606838,4162
1688993767083,-606838,4162
1688993767084,-606838,4162
1688993767086,-606838,4162
1688993767088,-606838,4162
1688993767091,-606838,4162
1688993767094,-606838,4162
1688993767096,-606838,4162
1688993767097,-606838,4162
1688993767099,-606838,4162
1688993767100,-606838,4162
1688993767101,-606838,4162
1688993767103,-606838,4162
1688993767105,-606838,4162
1688993767106,-606838,4162
1688993767107,-606838,4162
1688993767109,-606838,4162
1688993767110,-606838,4162
1688993767112,-606838,4162
1688993767114,-606838,4162
1688993767116,-606838,4162
1688993767117,-606838,4162
1688993767119,-606838,4162
1688993767122,-606838,4162
1688993767124,-606838,4162
1688993767126,-606838,4162
1688993767127,-606838,4162
1688993767129,-606838,4162
1688993767130,-606838,4162
1688993767132,-606838,4162
1688993767133,-606838,4162
1688993767135,-606838,4162
1688993767136,-606838,4162
1688993767138,-606838,4162
1688993767139,-606838,4162
1688993767141,-606838,4162
1688993767142,-606838,4162
1688993767144,-606838,4162
1688993767146,-606838,4162
1688993767147,-606838,4162
1688993767149,-606838,4162
1688993767150,-606838,4162
1688993767152,-606838,4162
1688993767155,-606838,4162
1688993767158,-606838,4162
1688993767159,-606838,4162
1688993767161,-606838,4162
1688993767162,-606838,4162
1688993767164,-606838,4162
1688993767166,-606838,4162
1688993767167,-606838,4162
1688993767169,-606838,4162
1688993767171,-606838,4162
1688993767173,-606838,4162
1688993767175,-606838,4162
1688993767176,-606838,4162
1688993767178,-606838,4162
1688993767180,-606838,4162
1688993767181,-606838,4162
1688993767183,-606838,4162
1688993767184,-606838,4162
1688993767186,-606838,4162
1688993767188,-606838,4162
1688993767190,-606838,4162
1688993767192,-606838,4162
1688993767194,-606838,4162
1688993767195,-606838,4162
1688993767197,-606838,4162
1688993767198,-606838,4162
1688993767200,-606838,4162
1688993767201,-606838,4162
1688993767202,-606838,4162
1688993767204,-606838,4162
1688993767206,-606838,4162
1688993767208,-606838,4162
1688993767209,-606838,4162
1688993767211,-606838,4162
1688993767213,-606838,4162
1688993767215,-606838,4162
1688993767217,-606838,4162
1688993767219,-606838,4162
1688993767222,-606838,4162
1688993767224,-606838,4162
1688993767226,-606838,4162
1688993767227,-606838,4162
1688993767229,-606838,4162
1688993767231,-606838,4162
1688993767232,-606838,4162
1688993767234,-606838,4162
1688993767235,-606838,4162
1688993767237,-606838,4162
1688993767238,-606838,4162
1688993767239,-606838,4162
1688993767241,-606838,4162
1688993767243,-606838,4162
1688993767245,-606838,4162
1688993767247,-606838,4162
1688993767248,-606838,4162
1688993767250,-606838,4162
1688993767252,-606838,4162
1688993767257,-606838,4162
1688993767259,-606838,4162
1688993767260,-606838,4162
1688993767262,-606838,4162
1688993767264,-606838,4162
1688993767265,-606838,4162
1688993767267,-606838,4162
1688993767269,-606838,4162
1688993767271,-606838,4162
1688993767273,-606838,4162
1688993767275,-606838,4162
1688993767276,-606838,4162
1688993767278,-606838,4162
1688993767280,-606838,4162
1688993767281,-606838,4162
1688993767282,-606838,4162
1688993767284,-606838,4162
1688993767286,-606838,4162
1688993767288,-606838,4162
1688993767290,-606838,4162
1688993767292,-606838,4162
1688993767294,-606838,4162
1688993767295,-606838,4162
1688993767297,-606838,4162
1688993767298,-606838,4162
1688993767300,-606838,4162
1688993767301,-606838,4162
1688993767303,-606838,4162
1688993767305,-606838,4162
1688993767306,-606838,4162
1688993767308,-606838,4162
1688993767311,-606838,4162
1688993767312,-606838,4162
1688993767314,-606838,4162
1688993767315,-606838,4162
1688993767317,-606838,4162
1688993767319,-606838,4162
1688993767321,-606838,4162
1688993767323,-606838,4162
1688993767325,-606838,4162
1688993767326,-606838,4162
1688993767328,-606838,4162
1688993767330,-606838,4162
1688993767332,-606838,4162
1688993767334,-606838,4162
1688993767335,-606838,4162
1688993767337,-606838,4162
1688993767338,-606838,4162
1688993767340,-606838,4162
1688993767342,-606838,4162
1688993767343,-606838,4162
1688993767345,-606838,4162
1688993767346,-606838,4162
1688993767348,-606838,4162
1688993767351,-606838,4162
1688993767353,-606838,4162
1688993767355,-606838,4162
1688993767357,-606838,4162
1688993767359,-606838,4162
1688993767361,-606838,4162
1688993767362,-606838,4162
1688993767364,-606838,4162
1688993767366,-606838,4162
1688993767367,-606838,4162
1688993767369,-606838,4162
1688993767371,-606838,4162
1688993767372,-606838,4162
1688993767374,-606838,4162
1688993767376,-606838,4162
1688993767378,-606838,4162
1688993767379,-606838,4162
1688993767381,-606838,4162
1688993767382,-606838,4162
1688993767384,-606838,4162
1688993767386,-606838,4162
1688993767389,-606838,4162
1688993767391,-606838,4162
1688993767392,-606838,4162
1688993767394,-606838,4162
1688993767396,-606838,4162
1688993767397,-606838,4162
1688993767399,-606838,4162
1688993767400,-606838,4162
1688993767402,-606838,4162
1688993767403,-606838,4162
1688993767405,-606838,4162
1688993767407,-606838,4162
1688993767408,-606838,4162
1688993767411,-606838,4162
1688993767412,-606838,4162
1688993767414,-606838,4162
1688993767415,-606838,4162
1688993767417,-606838,4162
1688993767419,-606838,4162
1688993767421,-606838,4162
1688993767423,-606838,4162
1688993767425,-606838,4162
1688993767426,-606838,4162
1688993767428,-606838,4162
1688993767430,-606838,4162
1688993767431,-606838,4162
1688993767433,-606838,4162
1688993767434,-606838,4162
1688993767436,-606838,4162
1688993767437,-606838,4162
1688993767438,-606838,4162
1688993767440,-606838,4162
1688993767441,-606838,4162
1688993767443,-606838,4162
1688993767444,-606838,4162
1688993767446,-606838,4162
1688993767448,-606838,4162
1688993767450,-606838,4162
1688993767453,-606838,4162
1688993767456,-606838,4162
1688993767458,-606838,4162
1688993767460,-606838,4162
1688993767461,-606838,4162
1688993767463,-606838,4162
1688993767464,-606838,4162
1688993767465,-606838,4162
1688993767467,-606838,4162
1688993767469,-606838,4162
1688993767471,-606838,4162
1688993767473,-606838,4162
1688993767474,-606838,4162
1688993767475,-606838,4162
1688993767477,-606838,4162
1688993767479,-606838,4162
1688993767481,-606838,4162
1688993767482,-606838,4162
1688993767483,-606838,4162
1688993767485,-606838,4162
1688993767487,-606838,4162
1688993767489,-606838,4162
1688993767491,-606838,4162
1688993767493,-606838,4162
1688993767495,-606838,4162
1688993767496,-606838,4162
1688993767497,-606838,4162
1688993767499,-606838,4162
1688993767500,-606838,4162
1688993767502,-606838,4162
1688993767503,-606838,4162
1688993767505,-606838,4162
1688993767506,-606838,4162
1688993767508,-606838,4162
1688993767509,-606838,4162
1688993767511,-606838,4162
1688993767512,-606838,4162
1688993767514,-606838,4162
1688993767516,-606838,4162
1688993767517,-606838,4162
1688993767519,-606838,4162
1688993767521,-606838,4162
1688993767523,-606838,4162
1688993767525,-606838,4162
1688993767526,-606838,4162
1688993767528,-606838,4162
1688993767530,-606838,4162
1688993767531,-606838,4162
1688993767533,-606838,4162
1688993767534,-606838,4162
1688993767536,-606838,4162
1688993767537,-606838,4162
1688993767538,-606838,4162
1688993767540,-606838,4162
1688993767542,-606838,4162
1688993767543,-606838,4162
1688993767545,-606838,4162
1688993767547,-606838,4162
1688993767549,-606838,4162
1688993767551,-606838,4162
1688993767552,-606838,4162
1688993767555,-606838,4162
1688993767556,-606838,4162
1688993767558,-606838,4162
1688993767559,-606838,4162
1688993767561,-606838,4162
1688993767563,-606838,4162
1688993767564,-606838,4162
1688993767566,-606838,4162
1688993767567,-606838,4162
1688993767569,-606838,4162
1688993767571,-606838,4162
1688993767572,-606838,4162
1688993767574,-606838,4162
1688993767575,-606838,4162
1688993767577,-606838,4162
1688993767579,-606838,4162
1688993767581,-606838,4162
1688993767582,-606838,4162
1688993767584,-606838,4162
1688993767585,-606838,4162
1688993767589,-606838,4162
1688993767591,-606838,4162
1688993767593,-606838,4162
1688993767595,-606838,4162
1688993767596,-606838,4162
1688993767598,-606838,4162
1688993767599,-606838,4162
1688993767601,-606838,4162
1688993767602,-606838,4162
1688993767603,-606838,4162
1688993767605,-606838,4162
1688993767607,-606838,4162
1688993767609,-606838,4162
1688993767611,-606838,4162
1688993767612,-606838,4162
1688993767614,-606838,4162
1688993767616,-606838,4162
1688993767618,-606838,4162
1688993767620,-606838,4162
1688993767622,-606838,4162
1688993767624,-606838,4162
1688993767626,-606838,4162
1688993767627,-606838,4162
1688993767629,-606838,4162
1688993767631,-606838,4162
1688993767632,-606838,4162
1688993767633,-606838,4162
1688993767635,-606838,4162
1688993767637,-606838,4162
1688993767638,-606838,4162
1688993767640,-606838,4162
1688993767641,-606838,4162
1688993767643,-606838,4162
1688993767645,-606838,4162
1688993767647,-606838,4162
1688993767648,-606838,4162
1688993767650,-606838,4162
1688993767651,-606838,4162
1688993767653,-606838,4162
1688993767655,-606838,4162
1688993767657,-606838,4162
1688993767659,-606838,4162
1688993767660,-606838,4162
1688993767661,-606838,4162
1688993767662,-606838,4162
1688993767664,-606838,4162
1688993767666,-606838,4162
1688993767668,-606838,4162
1688993767669,-606838,4162
1688993767671,-606838,4162
1688993767672,-606838,4162
1688993767674,-606838,4162
1688993767676,-606838,4162
1688993767678,-606838,4162
1688993767680,-606838,4162
1688993767681,-606838,4162
1688993767683,-606838,4162
1688993767685,-606838,4162
1688993767687,-606838,4162
1688993767689,-606838,4162
1688993767691,-606838,4162
1688993767693,-606838,4162
1688993767694,-606838,4162
1688993767696,-606838,4162
1688993767697,-606838,4162
1688993767699,-606838,4162
1688993767700,-606838,4162
1688993767702,-606838,4162
1688993767703,-606838,4162
1688993767705,-606838,4162
1688993767707,-606838,4162
1688993767709,-606838,4162
1688993767711,-606838,4162
1688993767713,-606838,4162
1688993767714,-606838,4162
1688993767716,-606838,4162
1688993767718,-606838,4162
1688993767720,-606838,4162
1688993767723,-606838,4162
1688993767725,-606838,4162
1688993767727,-606838,4162
1688993767729,-606838,4162
1688993767730,-606838,4162
1688993767732,-606838,4162
1688993767734,-606838,4162
1688993767735,-606838,4162
1688993767737,-606838,4162
1688993767739,-606838,4162
1688993767741,-606838,4162
1688993767742,-606838,4162
1688993767744,-606838,4162
1688993767746,-606838,4162
1688993767747,-606838,4162
1688993767749,-606838,4162
1688993767753,-606838,4162
1688993767755,-606838,4162
1688993767758,-606838,4162
1688993767759,-606838,4162
1688993767761,-606838,4162
1688993767763,-606838,4162
1688993767765,-606838,4162
1688993767766,-606838,4162
1688993767768,-606838,4162
1688993767769,-606838,4162
1688993767771,-606838,4162
1688993767772,-606838,4162
1688993767773,-606838,4162
1688993767775,-606838,4162
1688993767777,-606838,4162
1688993767779,-606838,4162
1688993767780,-606838,4162
1688993767782,-606838,4162
1688993767784,-606838,4162
1688993767786,-606838,4162
1688993767789,-606838,4162
1688993767791,-606838,4162
1688993767792,-606838,4162
1688993767794,-606838,4162
1688993767796,-606838,4162
1688993767797,-606838,4162
1688993767799,-606838,4162
1688993767800,-606838,4162
1688993767802,-606838,4162
1688993767804,-606838,4162
1688993767806,-606838,4162
1688993767808,-606838,4162
1688993767809,-606838,4162
1688993767811,-606838,4162
1688993767813,-606838,4162
1688993767814,-606838,4162
1688993767815,-606838,4162
1688993767818,-606838,4162
1688993767820,-606838,4162
1688993767822,-606838,4162
1688993767824,-606838,4162
1688993767826,-606838,4162
1688993767828,-606838,4162
1688993767830,-606838,4162
1688993767831,-606838,4162
1688993767832,-606838,4162
1688993767834,-606838,4162
1688993767835,-606838,4162
1688993767837,-606838,4162
1688993767838,-606838,4162
1688993767840,-606838,4162
1688993767841,-606838,4162
1688993767843,-606838,4162
1688993767845,-606838,4162
1688993767846,-606838,4162
1688993767848,-606838,4162
1688993767849,-606838,4162
1688993767851,-606838,4162
1688993767852,-606838,4162
1688993767854,-606838,4162
1688993767856,-606838,4162
1688993767858,-606838,4162
1688993767860,-606838,4162
1688993767861,-606838,4162
1688993767863,-606838,4162
1688993767865,-606838,4162
1688993767866,-606838,4162
1688993767868,-606838,4162
1688993767869,-606838,4162
1688993767871,-606838,4162
1688993767872,-606838,4162
1688993767874,-606838,4162
1688993767875,-606838,4162
1688993767877,-606838,4162
1688993767879,-606838,4162
1688993767881,-606838,4162
1688993767883,-606838,4162
1688993767885,-606838,4162
1688993767887,-606838,4162
1688993767889,-606838,4162
1688993767891,-606838,4162
1688993767892,-606838,4162
1688993767894,-606838,4162
1688993767895,-606838,4162
1688993767897,-606838,4162
1688993767898,-606838,4162
1688993767900,-606838,4162
1688993767901,-606838,4162
1688993767903,-606838,4162
1688993767904,-606838,4162
1688993767906,-606838,4162
1688993767907,-606838,4162
1688993767909,-606838,4162
1688993767911,-606838,4162
1688993767912,-606838,4162
1688993767914,-606838,4162
1688993767916,-606838,4162
1688993767917,-606838,4162
1688993767919,-606838,4162
1688993767922,-606838,4162
1688993767924,-606838,4162
1688993767925,-606838,4162
1688993767927,-606838,4162
1688993767928,-606838,4162
1688993767930,-606838,4162
1688993767931,-606838,4162
1688993767932,-606838,4162
1688993767934,-606838,4162
1688993767936,-606838,4162
1688993767937,-606838,4162
1688993767939,-606838,4162
1688993767940,-606838,4162
1688993767942,-606838,4162
1688993767944,-606838,4162
1688993767946,-606838,4162
1688993767948,-606838,4162
1688993767949,-606838,4162
1688993767950,-606838,4162
1688993767952,-606838,4162
1688993767954,-606838,4162
1688993767957,-606838,4162
1688993767958,-606838,4162
1688993767960,-606838,4162
1688993767961,-606838,4162
1688993767963,-606838,4162
1688993767964,-606838,4162
1688993767966,-606838,4162
1688993767967,-606838,4162
1688993767969,-606838,4162
1688993767970,-606838,4162
1688993767972,-606838,4162
1688993767973,-606838,4162
1688993767975,-606838,4162
1688993767976,-606838,4162
1688993767978,-606838,4162
1688993767980,-606838,4162
1688993767982,-606838,4162
1688993767983,-606838,4162
1688993767985,-606838,4162
1688993767987,-606838,4162
1688993767991,-606838,4162
1688993767993,-606838,4162
1688993767995,-606838,4162
1688993767996,-606838,4162
1688993767998,-606838,4162
1688993767999,-606838,4162
1688993768002,-606838,4162
1688993768004,-606838,4162
1688993768005,-606838,4162
1688993768007,-606838,4162
1688993768009,-606838,4162
1688993768011,-606838,4162
1688993768012,-606838,4162
1688993768014,-606838,4162
1688993768016,-606838,4162
1688993768018,-606838,4162
1688993768020,-606838,4162
1688993768022,-606838,4162
1688993768025,-606838,4162
1688993768027,-606838,4162
1688993768028,-606838,4162
1688993768030,-606838,4162
1688993768032,-606838,4162
1688993768033,-606838,4162
1688993768035,-606838,4162
1688993768037,-606838,4162
1688993768038,-606838,4162
1688993768040,-606838,4162
1688993768042,-606838,4162
1688993768043,-606838,4162
1688993768045,-606838,4162
1688993768046,-606838,4162
1688993768048,-606838,4162
1688993768049,-606838,4162
1688993768051,-606838,4162
1688993768052,-606838,4162
1688993768055,-606838,4162
1688993768057,-606838,4162
1688993768059,-606838,4162
1688993768061,-606838,4162
1688993768062,-606838,4162
1688993768064,-606838,4162
1688993768065,-606838,4162
1688993768067,-606838,4162
1688993768069,-606838,4162
1688993768070,-606838,4162
1688993768072,-606838,4162
1688993768073,-606838,4162
1688993768074,-606838,4162
1688993768076,-606838,4162
1688993768078,-606838,4162
1688993768080,-606838,4162
1688993768081,-606838,4162
1688993768082,-606838,4162
1688993768084,-606838,4162
1688993768086,-606838,4162
1688993768088,-606838,4162
1688993768090,-606838,4162
1688993768092,-606838,4162
1688993768093,-606838,4162
1688993768095,-606838,4162
1688993768097,-606838,4162
1688993768098,-606838,4162
1688993768101,-606838,4162
1688993768102,-606838,4162
1688993768104,-606838,4162
1688993768105,-606838,4162
1688993768107,-606838,4162
1688993768108,-606838,4162
1688993768110,-606838,4162
1688993768112,-606838,4162
1688993768114,-606838,4162
1688993768115,-606838,4162
1688993768117,-606838,4162
1688993768119,-606838,4162
1688993768121,-606838,4162
1688993768123,-606838,4162
1688993768124,-606838,4162
1688993768126,-606838,4162
1688993768128,-606838,4162
1688993768129,-606838,4162
1688993768131,-606838,4162
1688993768132,-606838,4162
1688993768134,-606838,4162
1688993768135,-606838,4162
1688993768138,-606838,4162
1688993768140,-606838,4162
1688993768141,-606838,4162
1688993768143,-606838,4162
1688993768144,-606838,4162
1688993768146,-606838,4162
1688993768147,-606838,4162
1688993768149,-606838,4162
1688993768151,-606838,4162
1688993768152,-606838,4162
1688993768155,-606838,4162
1688993768157,-606838,4162
1688993768159,-606838,4162
1688993768160,-606838,4162
1688993768162,-606838,4162
1688993768163,-606838,4162
1688993768165,-606838,4162
1688993768166,-606838,4162
1688993768168,-606838,4162
1688993768169,-606838,4162
1688993768171,-606838,4162
1688993768172,-606838,4162
1688993768174,-606838,4162
1688993768176,-606838,4162
1688993768178,-606838,4162
1688993768180,-606838,4162
1688993768181,-606838,4162
1688993768182,-606838,4162
1688993768184,-606838,4162
1688993768186,-606838,4162
1688993768188,-606838,4162
1688993768190,-606838,4162
1688993768192,-606838,4162
1688993768194,-606838,4162
1688993768196,-606838,4162
1688993768198,-606838,4162
1688993768199,-606838,4162
1688993768201,-606838,4162
1688993768202,-606838,4162
1688993768204,-606838,4162
1688993768205,-606838,4162
1688993768207,-606838,4162
1688993768208,-606838,4162
1688993768209,-606838,4162
1688993768211,-606838,4162
1688993768212,-606838,4162
1688993768214,-606838,4162
1688993768215,-606838,4162
1688993768217,-606838,4162
1688993768218,-606838,4162
1688993768221,-606838,4162
1688993768222,-606838,4162
1688993768224,-606838,4162
1688993768225,-606838,4162
1688993768227,-606838,4162
1688993768228,-606838,4162
1688993768230,-606838,4162
1688993768231,-606838,4162
1688993768232,-606838,4162
1688993768234,-606838,4162
1688993768236,-606838,4162
1688993768237,-606838,4162
1688993768239,-606838,4162
1688993768241,-606838,4162
1688993768242,-606838,4162
1688993768245,-606838,4162
1688993768246,-606838,4162
1688993768248,-606838,4162
1688993768249,-606838,4162
1688993768251,-606838,4162
1688993768253,-606838,4162
1688993768255,-606838,4162
1688993768257,-606838,4162
1688993768259,-606838,4162
1688993768261,-606838,4162
1688993768262,-606838,4162
1688993768264,-606838,4162
1688993768265,-606838,4162
1688993768267,-606838,4162
1688993768268,-606838,4162
1688993768270,-606838,4162
1688993768271,-606838,4162
1688993768272,-606838,4162
1688993768274,-606838,4162
1688993768276,-606838,4162
1688993768278,-606838,4162
1688993768280,-606838,4162
1688993768281,-606838,4162
1688993768283,-606838,4162
1688993768284,-606838,4162
1688993768286,-606838,4162
1688993768288,-606838,4162
1688993768290,-606838,4162
1688993768292,-606838,4162
1688993768294,-606838,4162
1688993768295,-606838,4162
1688993768300,-606838,4162
1688993768301,-606838,4162
1688993768303,-606838,4162
1688993768304,-606838,4162
1688993768305,-606838,4162
1688993768307,-606838,4162
1688993768308,-606838,4162
1688993768310,-606838,4162
1688993768312,-606838,4162
1688993768313,-606838,4162
1688993768315,-606838,4162
1688993768317,-606838,4162
1688993768319,-606838,4162
1688993768321,-606838,4162
1688993768323,-606838,4162
1688993768324,-606838,4162
1688993768326,-606838,4162
1688993768328,-606838,4162
1688993768329,-606838,4162
1688993768331,-606838,4162
1688993768332,-606838,4162
1688993768334,-606838,4162
1688993768336,-606838,4162
1688993768342,-606838,4162
1688993768344,-606838,4162
1688993768346,-606838,4162
1688993768348,-606838,4162
1688993768353,-606838,4162
1688993768356,-606838,4162
1688993768358,-606838,4162
1688993768360,-606838,4162
1688993768362,-606838,4162
1688993768364,-606838,4162
1688993768366,-606838,4162
1688993768367,-606838,4162
1688993768369,-606838,4162
1688993768371,-606838,4162
1688993768373,-606838,4162
1688993768375,-606838,4162
1688993768378,-606838,4162
1688993768379,-606838,4162
1688993768381,-606838,4162
1688993768382,-606838,4162
1688993768383,-606838,4162
1688993768385,-606838,4162
1688993768387,-606838,4162
1688993768391,-606838,4162
1688993768393,-606838,4162
1688993768395,-606838,4162
1688993768396,-606838,4162
1688993768398,-606838,4162
1688993768399,-606838,4162
1688993768401,-606838,4162
1688993768402,-606838,4162
1688993768403,-606838,4162
1688993768405,-606838,4162
1688993768406,-606838,4162
1688993768408,-606838,4162
1688993768409,-606838,4162
1688993768411,-606838,4162
1688993768413,-606838,4162
1688993768414,-606838,4162
1688993768416,-606838,4162
1688993768417,-606838,4162
1688993768419,-606838,4162
1688993768422,-606838,4162
1688993768424,-606838,4162
1688993768425,-606838,4162
1688993768427,-606838,4162
1688993768429,-606838,4162
1688993768430,-606838,4162
1688993768432,-606838,4162
1688993768434,-606838,4162
1688993768435,-606838,4162
1688993768437,-606838,4162
1688993768439,-606838,4162
1688993768441,-606838,4162
1688993768442,-606838,4162
1688993768444,-606838,4162
1688993768445,-606838,4162
1688993768447,-606838,4162
1688993768449,-606838,4162
1688993768450,-606838,4162
1688993768452,-606838,4162
1688993768454,-606838,4162
1688993768456,-606838,4162
1688993768458,-606838,4162
1688993768460,-606838,4162
1688993768462,-606838,4162
1688993768463,-606838,4162
1688993768464,-606838,4162
1688993768466,-606838,4162
1688993768467,-606838,4162
1688993768469,-606838,4162
1688993768470,-606838,4162
1688993768472,-606838,4162
1688993768474,-606838,4162
1688993768476,-606838,4162
1688993768478,-606838,4162
1688993768480,-606838,4162
1688993768481,-606838,4162
1688993768483,-606838,4162
1688993768484,-606838,4162
1688993768486,-606838,4162
1688993768488,-606838,4162
1688993768490,-606838,4162
1688993768492,-606838,4162
1688993768494,-606838,4162
1688993768495,-606838,4162
1688993768497,-606838,4162
1688993768499,-606838,4162
1688993768500,-606838,4162
1688993768502,-606838,4162
1688993768503,-606838,4162
1688993768504,-606838,4162
1688993768506,-606838,4162
1688993768507,-606838,4162
1688993768509,-606838,4162
1688993768511,-606838,4162
1688993768513,-606838,4162
1688993768515,-606838,4162
1688993768517,-606838,4162
1688993768518,-606838,4162
1688993768520,-606838,4162
1688993768526,-606838,4162
1688993768528,-606838,4162
1688993768531,-606838,4162
1688993768532,-606838,4162
1688993768534,-606838,4162
1688993768536,-606838,4162
1688993768537,-606838,4162
1688993768539,-606838,4162
1688993768540,-606838,4162
1688993768541,-606838,4162
1688993768543,-606838,4162
1688993768545,-606838,4162
1688993768547,-606838,4162
1688993768549,-606838,4162
1688993768550,-606838,4162
1688993768552,-606838,4162
1688993768555,-606838,4162
1688993768557,-606838,4162
1688993768559,-606838,4162
1688993768560,-606838,4162
1688993768562,-606838,4162
1688993768564,-606838,4162
1688993768565,-606838,4162
1688993768567,-606838,4162
1688993768568,-606838,4162
1688993768570,-606838,4162
1688993768571,-606838,4162
1688993768574,-606838,4162
1688993768575,-606838,4162
1688993768577,-606838,4162
1688993768578,-606838,4162
1688993768580,-606838,4162
1688993768581,-606838,4162
1688993768583,-606838,4162
1688993768584,-606838,4162
1688993768586,-606838,4162
1688993768588,-606838,4162
1688993768590,-606838,4162
1688993768592,-606838,4162
1688993768594,-606838,4162
1688993768595,-606838,4162
1688993768596,-606838,4162
1688993768598,-606838,4162
1688993768599,-606838,4162
1688993768600,-606838,4162
1688993768602,-606838,4162
1688993768604,-606838,4162
1688993768605,-606838,4162
1688993768606,-606838,4162
1688993768608,-606838,4162
1688993768609,-606838,4162
1688993768611,-606838,4162
1688993768613,-606838,4162
1688993768615,-606838,4162
1688993768616,-606838,4162
1688993768618,-606838,4162
1688993768620,-606838,4162
1688993768622,-606838,4162
1688993768624,-606838,4162
1688993768626,-606838,4162
1688993768627,-606838,4162
1688993768629,-606838,4162
1688993768631,-606838,4162
1688993768632,-606838,4162
1688993768634,-606838,4162
1688993768636,-606838,4162
1688993768637,-606838,4162
1688993768639,-606838,4162
1688993768640,-606838,4162
1688993768642,-606838,4162
1688993768645,-606838,4162
1688993768647,-606838,4162
1688993768648,-606838,4162
1688993768650,-606838,4162
1688993768652,-606838,4162
1688993768654,-606838,4162
1688993768656,-606838,4162
1688993768658,-606838,4162
1688993768660,-606838,4162
1688993768661,-606838,4162
1688993768663,-606838,4162
1688993768665,-606838,4162
1688993768667,-606838,4162
1688993768671,-606838,4162
1688993768673,-606838,4162
1688993768674,-606838,4162
1688993768676,-606838,4162
1688993768678,-606838,4162
1688993768680,-606838,4162
1688993768681,-606838,4162
1688993768683,-606838,4162
1688993768687,-606838,4162
1688993768692,-606838,4162
1688993768694,-606838,4162
1688993768695,-606838,4162
1688993768697,-606838,4162
1688993768698,-606838,4162
1688993768700,-606838,4162
1688993768701,-606838,4162
1688993768703,-606838,4162
1688993768704,-606838,4162
1688993768706,-606838,4162
1688993768707,-606838,4162
1688993768709,-606838,4162
1688993768711,-606838,4162
1688993768713,-606838,4162
1688993768715,-606838,4162
1688993768716,-606838,4162
1688993768718,-606838,4162
1688993768720,-606838,4162
1688993768722,-606838,4162
1688993768724,-606838,4162
1688993768725,-606838,4162
1688993768727,-606838,4162
1688993768729,-606838,4162
1688993768731,-606838,4162
1688993768732,-606838,4162
1688993768734,-606838,4162
1688993768735,-606838,4162
1688993768737,-606838,4162
1688993768738,-606838,4162
1688993768740,-606838,4162
1688993768742,-606838,4162
1688993768743,-606838,4162
1688993768745,-606838,4162
1688993768746,-606838,4162
1688993768748,-606838,4162
1688993768750,-606838,4162
1688993768752,-606838,4162
1688993768754,-606838,4162
1688993768756,-606838,4162
1688993768758,-606838,4162
1688993768759,-606838,4162
1688993768761,-606838,4162
1688993768762,-606838,4162
1688993768764,-606838,4162
1688993768765,-606838,4162
1688993768767,-606838,4162
1688993768768,-606838,4162
1688993768771,-606838,4162
1688993768772,-606838,4162
1688993768774,-606838,4162
1688993768775,-606838,4162
1688993768777,-606838,4162
1688993768778,-606838,4162
1688993768780,-606838,4162
1688993768781,-606838,4162
1688993768783,-606838,4162
1688993768784,-606838,4162
1688993768787,-606838,4162
1688993768790,-606838,4162
1688993768791,-606838,4162
1688993768793,-606838,4162
1688993768795,-606838,4162
1688993768797,-606838,4162
1688993768798,-606838,4162
1688993768799,-606838,4162
1688993768801,-606838,4162
1688993768802,-606838,4162
1688993768804,-606838,4162
1688993768805,-606838,4162
1688993768807,-606838,4162
1688993768808,-606838,4162
1688993768810,-606838,4162
1688993768812,-606838,4162
1688993768814,-606838,4162
1688993768815,-606838,4162
1688993768817,-606838,4162
1688993768818,-606838,4162
1688993768820,-606838,4162
1688993768822,-606838,4162
1688993768824,-606838,4162
1688993768825,-606838,4162
1688993768827,-606838,4162
1688993768829,-606838,4162
1688993768831,-606838,4162
1688993768832,-606838,4162
1688993768833,-606838,4162
1688993768835,-606838,4162
1688993768836,-606838,4162
1688993768838,-606838,4162
1688993768840,-606838,4162
1688993768841,-606838,4162
1688993768843,-606838,4162
1688993768845,-606838,4162
1688993768846,-606838,4162
1688993768848,-606838,4162
1688993768850,-606838,4162
1688993768851,-606838,4162
1688993768853,-606838,4162
1688993768855,-606838,4162
1688993768857,-606838,4162
1688993768858,-606838,4162
1688993768860,-606838,4162
1688993768862,-606838,4162
1688993768863,-606838,4162
1688993768864,-606838,4162
1688993768866,-606838,4162
1688993768868,-606838,4162
1688993768870,-606838,4162
1688993768872,-606838,4162
1688993768873,-606838,4162
1688993768875,-606838,4162
1688993768876,-606838,4162
1688993768878,-606838,4162
1688993768879,-606838,4162
1688993768881,-606838,4162
1688993768882,-606838,4162
1688993768884,-606838,4162
1688993768885,-606838,4162
1688993768888,-606838,4162
1688993768890,-606838,4162
1688993768892,-606838,4162
1688993768894,-606838,4162
1688993768895,-606838,4162
1688993768897,-606838,4162
1688993768898,-606838,4162
1688993768900,-606838,4162
1688993768902,-606838,4162
1688993768904,-606838,4162
1688993768906,-606838,4162
1688993768907,-606838,4162
1688993768909,-606838,4162
1688993768911,-606838,4162
1688993768912,-606838,4162
1688993768914,-606838,4162
1688993768916,-606838,4162
1688993768918,-606838,4162
1688993768920,-606838,4162
1688993768922,-606838,4162
1688993768924,-606838,4162
1688993768926,-606838,4162
1688993768928,-606838,4162
1688993768929,-606838,4162
1688993768931,-606838,4162
1688993768932,-606838,4162
1688993768934,-606838,4162
1688993768935,-606838,4162
1688993768937,-606838,4162
1688993768938,-606838,4162
1688993768940,-606838,4162
1688993768941,-606838,4162
1688993768942,-606838,4162
1688993768944,-606838,4162
1688993768946,-606838,4162
1688993768948,-606838,4162
1688993768949,-606838,4162
1688993768951,-606838,4162
1688993768953,-606838,4162
1688993768955,-606838,4162
1688993768957,-606838,4162
1688993768958,-606838,4162
1688993768960,-606838,4162
1688993768961,-606838,4162
1688993768962,-606838,4162
1688993768964,-606838,4162
1688993768966,-606838,4162
1688993768967,-606838,4162
1688993768969,-606838,4162
1688993768970,-606838,4162
1688993768972,-606838,4162
1688993768973,-606838,4162
1688993768975,-606838,4162
1688993768977,-606838,4162
1688993768978,-606838,4162
1688993768980,-606838,4162
1688993768981,-606838,4162
1688993768983,-606838,4162
1688993768985,-606838,4162
1688993768987,-606838,4162
1688993768991,-606838,4162
1688993768992,-606838,4162
1688993768994,-606838,4162
1688993768996,-606838,4162
1688993768997,-606838,4162
1688993768999,-606838,4162
1688993769001,-606838,4162
1688993769002,-606838,4162
1688993769004,-606838,4162
1688993769005,-606838,4162
1688993769007,-606838,4162
1688993769009,-606838,4162
1688993769010,-606838,4162
1688993769012,-606838,4162
1688993769014,-606838,4162
1688993769016,-606838,4162
1688993769017,-606838,4162
1688993769019,-606838,4162
1688993769022,-606838,4162
1688993769024,-606838,4162
1688993769026,-606838,4162
1688993769028,-606838,4162
1688993769029,-606838,4162
1688993769030,-606838,4162
1688993769032,-606838,4162
1688993769033,-606838,4162
1688993769035,-606838,4162
1688993769036,-606838,4162
1688993769038,-606838,4162
1688993769039,-606838,4162
1688993769041,-606838,4162
1688993769042,-606838,4162
1688993769044,-606838,4162
1688993769046,-606838,4162
1688993769048,-606838,4162
1688993769049,-606838,4162
1688993769051,-606838,4162
1688993769053,-606838,4162
1688993769055,-606838,4162
1688993769057,-606838,4162
1688993769058,-606838,4162
1688993769060,-606838,4162
1688993769061,-606838,4162
1688993769063,-606838,4162
1688993769065,-606838,4162
1688993769067,-606838,4162
1688993769068,-606838,4162
1688993769070,-606838,4162
1688993769072,-606838,4162
1688993769073,-606838,4162
1688993769075,-606838,4162
1688993769076,-606838,4162
1688993769078,-606838,4162
1688993769079,-606838,4162
1688993769081,-606838,4162
1688993769083,-606838,4162
1688993769085,-606838,4162
1688993769087,-606838,4162
1688993769089,-606838,4162
1688993769091,-606838,4162
1688993769093,-606838,4162
1688993769094,-606838,4162
1688993769095,-606838,4162
1688993769097,-606838,4162
1688993769098,-606838,4162
1688993769100,-606838,4162
1688993769101,-606838,4162
1688993769103,-606838,4162
1688993769105,-606838,4162
1688993769106,-606838,4162
1688993769108,-606838,4162
1688993769109,-606838,4162
1688993769111,-606838,4162
1688993769113,-606838,4162
1688993769114,-606838,4162
1688993769116,-606838,4162
1688993769117,-606838,4162
1688993769119,-606838,4162
1688993769121,-606838,4162
1688993769123,-606838,4162
1688993769125,-606838,4162
1688993769127,-606838,4162
1688993769128,-606838,4162
1688993769130,-606838,4162
1688993769131,-606838,4162
1688993769133,-606838,4162
1688993769134,-606838,4162
1688993769136,-606838,4162
1688993769137,-606838,4162
1688993769139,-606838,4162
1688993769141,-606838,4162
1688993769144,-606838,4162
1688993769145,-606838,4162
1688993769147,-606838,4162
1688993769149,-606838,4162
1688993769151,-606838,4162
1688993769152,-606838,4162
1688993769158,-606838,4162
1688993769160,-606838,4162
1688993769161,-606838,4162
1688993769163,-606838,4162
1688993769165,-606838,4162
1688993769166,-606838,4162
1688993769168,-606838,4162
1688993769170,-606838,4162
1688993769171,-606838,4162
1688993769173,-606838,4162
1688993769174,-606838,4162
1688993769176,-606838,4162
1688993769178,-606838,4162
1688993769179,-606838,4162
1688993769183,-606838,4162
1688993769184,-606838,4162
1688993769186,-606838,4162
1688993769188,-606838,4162
1688993769190,-606838,4162
1688993769192,-606838,4162
1688993769194,-606838,4162
1688993769195,-606838,4162
1688993769197,-606838,4162
1688993769198,-606838,4162
1688993769200,-606838,4162
1688993769201,-606838,4162
1688993769203,-606838,4162
1688993769204,-606838,4162
1688993769206,-606838,4162
1688993769207,-606838,4162
1688993769209,-606838,4162
1688993769211,-606838,4162
1688993769212,-606838,4162
1688993769214,-606838,4162
1688993769216,-606838,4162
1688993769217,-606838,4162
1688993769219,-606838,4162
1688993769221,-606838,4162
1688993769223,-606838,4162
1688993769225,-606838,4162
1688993769227,-606838,4162
1688993769228,-606838,4162
1688993769230,-606838,4162
1688993769231,-606838,4162
1688993769232,-606838,4162
1688993769234,-606838,4162
1688993769235,-606838,4162
1688993769237,-606838,4162
1688993769238,-606838,4162
1688993769240,-606838,4162
1688993769242,-606838,4162
1688993769243,-606838,4162
1688993769245,-606838,4162
1688993769246,-606838,4162
1688993769248,-606838,4162
1688993769249,-606838,4162
1688993769251,-606838,4162
1688993769252,-606838,4162
1688993769255,-606838,4162
1688993769257,-606838,4162
1688993769258,-606838,4162
1688993769260,-606838,4162
1688993769263,-606838,4162
1688993769265,-606838,4162
1688993769266,-606838,4162
1688993769267,-606838,4162
1688993769269,-606838,4162
1688993769271,-606838,4162
1688993769272,-606838,4162
1688993769274,-606838,4162
1688993769275,-606838,4162
1688993769277,-606838,4162
1688993769279,-606838,4162
1688993769281,-606838,4162
1688993769282,-606838,4162
1688993769284,-606838,4162
1688993769286,-606838,4162
1688993769289,-606838,4162
1688993769291,-606838,4162
1688993769293,-606838,4162
1688993769294,-606838,4162
1688993769296,-606838,4162
1688993769297,-606838,4162
1688993769299,-606838,4162
1688993769301,-606838,4162
1688993769302,-606838,4162
1688993769304,-606838,4162
1688993769305,-606838,4162
1688993769307,-606838,4162
1688993769308,-606838,4162
1688993769310,-606838,4162
1688993769312,-606838,4162
1688993769313,-606838,4162
1688993769315,-606838,4162
1688993769316,-606838,4162
1688993769318,-606838,4162
1688993769320,-606838,4162
1688993769322,-606838,4162
1688993769324,-606838,4162
1688993769326,-606838,4162
1688993769328,-606838,4162
1688993769329,-606838,4162
1688993769331,-606838,4162
1688993769332,-606838,4162
1688993769334,-606838,4162
1688993769335,-606838,4162
1688993769337,-606838,4162
1688993769338,-606838,4162
1688993769340,-606838,4162
1688993769342,-606838,4162
1688993769344,-606838,4162
1688993769345,-606838,4162
1688993769347,-606838,4162
1688993769348,-606838,4162
1688993769350,-606838,4162
1688993769351,-606838,4162
1688993769352,-606838,4162
1688993769355,-606838,4162
1688993769357,-606838,4162
1688993769358,-606838,4162
1688993769360,-606838,4162
1688993769362,-606838,4162
1688993769363,-606838,4162
1688993769365,-606838,4162
1688993769366,-606838,4162
1688993769368,-606838,4162
1688993769369,-606838,4162
1688993769371,-606838,4162
1688993769372,-606838,4162
1688993769374,-606838,4162
1688993769375,-606838,4162
1688993769377,-606838,4162
1688993769379,-606838,4162
1688993769380,-606838,4162
1688993769382,-606838,4162
1688993769383,-606838,4162
1688993769385,-606838,4162
1688993769386,-606838,4162
1688993769389,-606838,4162
1688993769391,-606838,4162
1688993769392,-606838,4162
1688993769394,-606838,4162
1688993769396,-606838,4162
1688993769397,-606838,4162
1688993769399,-606838,4162
1688993769401,-606838,4162
1688993769402,-606838,4162
1688993769404,-606838,4162
1688993769405,-606838,4162
1688993769407,-606838,4162
1688993769409,-606838,4162
1688993769410,-606838,4162
1688993769412,-606838,4162
1688993769413,-606838,4162
1688993769415,-606838,4162
1688993769416,-606838,4162
1688993769418,-606838,4162
1688993769420,-606838,4162
1688993769422,-606838,4162
1688993769424,-606838,4162
1688993769426,-606838,4162
1688993769427,-606838,4162
1688993769429,-606838,4162
1688993769430,-606838,4162
1688993769432,-606838,4162
1688993769433,-606838,4162
1688993769435,-606838,4162
1688993769436,-606838,4162
1688993769438,-606838,4162
1688993769439,-606838,4162
1688993769441,-606838,4162
1688993769443,-606838,4162
1688993769445,-606838,4162
1688993769447,-606838,4162
1688993769450,-606838,4162
1688993769452,-606838,4162
1688993769454,-606838,4162
1688993769457,-606838,4162
1688993769458,-606838,4162
1688993769460,-606838,4162
1688993769461,-606838,4162
1688993769463,-606838,4162
1688993769464,-606838,4162
1688993769466,-606838,4162
1688993769468,-606838,4162
1688993769469,-606838,4162
1688993769471,-606838,4162
1688993769473,-606838,4162
1688993769474,-606838,4162
1688993769476,-606838,4162
1688993769479,-606838,4162
1688993769481,-606838,4162
1688993769482,-606838,4162
1688993769484,-606838,4162
1688993769485,-606838,4162
1688993769487,-606838,4162
1688993769490,-606838,4162
1688993769492,-606838,4162
1688993769493,-606838,4162
1688993769495,-606838,4162
1688993769497,-606838,4162
1688993769499,-606838,4162
1688993769500,-606838,4162
1688993769502,-606838,4162
1688993769504,-606838,4162
1688993769505,-606838,4162
1688993769507,-606838,4162
1688993769508,-606838,4162
1688993769510,-606838,4162
1688993769512,-606838,4162
1688993769514,-606838,4162
1688993769515,-606838,4162
1688993769517,-606838,4162
1688993769520,-606838,4162
1688993769522,-606838,4162
1688993769525,-606838,4162
1688993769526,-606838,4162
1688993769528,-606838,4162
1688993769530,-606838,4162
1688993769531,-606838,4162
1688993769533,-606838,4162
1688993769534,-606838,4162
1688993769536,-606838,4162
1688993769538,-606838,4162
1688993769540,-606838,4162
1688993769541,-606838,4162
1688993769543,-606838,4162
1688993769545,-606838,4162
1688993769547,-606838,4162
1688993769548,-606838,4162
1688993769550,-606838,4162
1688993769551,-606838,4162
1688993769553,-606838,4162
1688993769555,-606838,4162
1688993769558,-606838,4162
1688993769560,-606838,4162
1688993769561,-606838,4162
1688993769563,-606838,4162
1688993769564,-606838,4162
1688993769566,-606838,4162
1688993769567,-606838,4162
1688993769569,-606838,4162
1688993769570,-606838,4162
1688993769572,-606838,4162
1688993769574,-606838,4162
1688993769575,-606838,4162
1688993769577,-606838,4162
1688993769579,-606838,4162
1688993769581,-606838,4162
1688993769582,-606838,4162
1688993769584,-606838,4162
1688993769585,-606838,4162
1688993769588,-606838,4162
1688993769589,-606838,4162
1688993769591,-606838,4162
1688993769593,-606838,4162
1688993769594,-606838,4162
1688993769596,-606838,4162
1688993769598,-606838,4162
1688993769600,-606838,4162
1688993769601,-606838,4162
1688993769603,-606838,4162
1688993769605,-606838,4162
1688993769606,-606838,4162
1688993769607,-606838,4162
1688993769608,-606838,4162
1688993769610,-606838,4162
1688993769612,-606838,4162
1688993769613,-606838,4162
1688993769614,-606838,4162
1688993769616,-606838,4162
1688993769618,-606838,4162
1688993769620,-606838,4162
1688993769622,-606838,4162
1688993769624,-606838,4162
1688993769625,-606838,4162
1688993769627,-606838,4162
1688993769628,-606838,4162
1688993769630,-606838,4162
1688993769631,-606838,4162
1688993769633,-606838,4162
1688993769634,-606838,4162
1688993769636,-606838,4162
1688993769638,-606838,4162
1688993769639,-606838,4162
1688993769641,-606838,4162
1688993769642,-606838,4162
1688993769644,-606838,4162
1688993769646,-606838,4162
1688993769647,-606838,4162
1688993769648,-606838,4162
1688993769651,-606838,4162
1688993769652,-606838,4162
1688993769660,-606838,4162
1688993769662,-606838,4162
1688993769664,-606838,4162
1688993769665,-606838,4162
1688993769668,-606838,4162
1688993769671,-606838,4162
1688993769673,-606838,4162
1688993769675,-606838,4162
1688993769677,-606838,4162
1688993769679,-606838,4162
1688993769681,-606838,4162
1688993769683,-606838,4162
1688993769684,-606838,4162
1688993769686,-606838,4162
1688993769689,-606838,4162
1688993769691,-606838,4162
1688993769692,-606838,4162
1688993769694,-606838,4162
1688993769696,-606838,4162
1688993769697,-606838,4162
1688993769699,-606838,4162
1688993769700,-606838,4162
1688993769702,-606838,4162
1688993769703,-606838,4162
1688993769705,-606838,4162
1688993769706,-606838,4162
1688993769708,-606838,4162
1688993769709,-606838,4162
1688993769711,-606838,4162
1688993769713,-606838,4162
1688993769715,-606838,4162
1688993769717,-606838,4162
1688993769718,-606838,4162
1688993769721,-606838,4162
1688993769723,-606838,4162
1688993769725,-606838,4162
1688993769726,-606838,4162
1688993769728,-606838,4162
1688993769729,-606838,4162
1688993769731,-606838,4162
1688993769732,-606838,4162
1688993769734,-606838,4162
1688993769736,-606838,4162
1688993769738,-606838,4162
1688993769739,-606838,4162
1688993769741,-606838,4162
1688993769742,-606838,4162
1688993769744,-606838,4162
1688993769746,-606838,4162
1688993769747,-606838,4162
1688993769749,-606838,4162
1688993769751,-606838,4162
1688993769753,-606838,4162
1688993769758,-606838,4162
1688993769762,-606838,4162
1688993769765,-606838,4162
1688993769766,-606838,4162
1688993769768,-606838,4162
1688993769769,-606838,4162
1688993769771,-606838,4162
1688993769775,-606838,4162
1688993769777,-606838,4162
1688993769779,-606838,4162
1688993769780,-606838,4162
1688993769782,-606838,4162
1688993769783,-606838,4162
1688993769785,-606838,4162
1688993769787,-606838,4162
1688993769789,-606838,4162
1688993769791,-606838,4162
1688993769794,-606838,4162
1688993769797,-606838,4162
1688993769799,-606838,4162
1688993769801,-606838,4162
1688993769803,-606838,4162
1688993769805,-606838,4162
1688993769807,-606838,4162
1688993769808,-606838,4162
1688993769811,-606838,4162
1688993769812,-606838,4162
1688993769814,-606838,4162
1688993769816,-606838,4162
1688993769817,-606838,4162
1688993769819,-606838,4162
1688993769821,-606838,4162
1688993769823,-606838,4162
1688993769824,-606838,4162
1688993769826,-606838,4162
1688993769827,-606838,4162
1688993769829,-606838,4162
1688993769832,-606838,4162
1688993769834,-606838,4162
1688993769835,-606838,4162
1688993769837,-606838,4162
1688993769838,-606838,4162
1688993769840,-606838,4162
1688993769841,-606838,4162
1688993769843,-606838,4162
1688993769845,-606838,4162
1688993769846,-606838,4162
1688993769847,-606838,4162
1688993769849,-606838,4162
1688993769850,-606838,4162
1688993769852,-606838,4162
1688993769854,-606838,4162
1688993769856,-606838,4162
1688993769858,-606838,4162
1688993769859,-606838,4162
1688993769861,-606838,4162
1688993769863,-606838,4162
1688993769865,-606838,4162
1688993769866,-606838,4162
1688993769867,-606838,4162
1688993769868,-606838,4162
1688993769870,-606838,4162
1688993769872,-606838,4162
1688993769874,-606838,4162
1688993769875,-606838,4162
1688993769877,-606838,4162
1688993769878,-606838,4162
1688993769880,-606838,4162
1688993769881,-606838,4162
1688993769883,-606838,4162
1688993769885,-606838,4162
1688993769888,-606838,4162
1688993769891,-606838,4162
1688993769894,-606838,4162
1688993769897,-606838,4162
1688993769900,-606838,4162
1688993769902,-606838,4162
1688993769905,-606838,4162
1688993769908,-606838,4162
1688993769910,-606838,4162
1688993769912,-606838,4162
1688993769914,-606838,4162
1688993769915,-606838,4162
1688993769917,-606838,4162
1688993769918,-606838,4162
1688993769921,-606838,4162
1688993769928,-606838,4162
1688993769930,-606838,4162
1688993769932,-606838,4162
1688993769934,-606838,4162
1688993769935,-606838,4162
1688993769938,-606838,4162
1688993769940,-606838,4162
1688993769942,-606838,4162
1688993769944,-606838,4162
1688993769946,-606838,4162
1688993769947,-606838,4162
1688993769949,-606838,4162
1688993769950,-606838,4162
1688993769952,-606838,4162
1688993769960,-606838,4162
1688993769961,-606838,4162
1688993769963,-606838,4162
1688993769964,-606838,4162
1688993769966,-606838,4162
1688993769968,-606838,4162
1688993769969,-606838,4162
1688993769971,-606838,4162
1688993769972,-606838,4162
1688993769974,-606838,4162
1688993769975,-606838,4162
1688993769977,-606838,4162
1688993769978,-606838,4162
1688993769980,-606838,4162
1688993769981,-606838,4162
1688993769983,-606838,4162
1688993769984,-606838,4162
1688993769985,-606838,4162
1688993769987,-606838,4162
1688993769989,-606838,4162
1688993769991,-606838,4162
1688993769993,-606838,4162
1688993769994,-606838,4162
1688993769995,-606838,4162
1688993769996,-606838,4162
1688993769997,-606838,4162
1688993769999,-606838,4162
1688993770000,-606838,4162
1688993770001,-606838,4162
1688993770003,-606838,4162
1688993770004,-606838,4162
1688993770006,-606838,4162
1688993770007,-606838,4162
1688993770009,-606838,4162
1688993770011,-606838,4162
1688993770012,-606838,4162
1688993770014,-606838,4162
1688993770015,-606838,4162
1688993770016,-606838,4162
1688993770018,-606838,4162
1688993770019,-606838,4162
1688993770021,-606838,4162
1688993770023,-606838,4162
1688993770025,-606838,4162
1688993770027,-606838,4162
1688993770028,-606838,4162
1688993770030,-606838,4162
1688993770031,-606838,4162
1688993770033,-606838,4162
1688993770035,-606838,4162
1688993770036,-606838,4162
1688993770037,-606838,4162
1688993770038,-606838,4162
1688993770040,-606838,4162
1688993770041,-606838,4162
1688993770043,-606838,4162
1688993770044,-606838,4162
1688993770046,-606838,4162
1688993770047,-606838,4162
1688993770049,-606838,4162
1688993770050,-606838,4162
1688993770052,-606838,4162
1688993770054,-606838,4162
1688993770056,-606838,4162
1688993770057,-606838,4162
1688993770058,-606838,4162
1688993770060,-606838,4162
1688993770062,-606838,4162
1688993770063,-606838,4162
1688993770064,-606838,4162
1688993770066,-606838,4162
1688993770067,-606838,4162
1688993770068,-606838,4162
1688993770070,-606838,4162
1688993770072,-606838,4162
1688993770074,-606838,4162
1688993770075,-606838,4162
1688993770076,-606838,4162
1688993770078,-606838,4162
1688993770080,-606838,4162
1688993770081,-606838,4162
1688993770082,-606838,4162
1688993770084,-606838,4162
1688993770085,-606838,4162
1688993770087,-606838,4162
1688993770089,-606838,4162
1688993770091,-606838,4162
1688993770092,-606838,4162
1688993770094,-606838,4162
1688993770095,-606838,4162
1688993770096,-606838,4162
1688993770098,-606838,4162
1688993770099,-606838,4162
1688993770100,-606838,4162
1688993770102,-606838,4162
1688993770103,-606838,4162
1688993770105,-606838,4162
1688993770106,-606838,4162
1688993770108,-606838,4162
1688993770110,-606838,4162
1688993770112,-606838,4162
1688993770113,-606838,4162
1688993770115,-606838,4162
1688993770116,-606838,4162
1688993770118,-606838,4162
1688993770119,-606838,4162
1688993770122,-606838,4162
1688993770124,-606838,4162
1688993770125,-606838,4162
1688993770128,-606838,4162
1688993770130,-606838,4162
1688993770131,-606838,4162
1688993770133,-606838,4162
1688993770134,-606838,4162
1688993770136,-606838,4162
1688993770138,-606838,4162
1688993770139,-606838,4162
1688993770140,-606838,4162
1688993770142,-606838,4162
1688993770144,-606838,4162
1688993770146,-606838,4162
1688993770147,-606838,4162
1688993770149,-606838,4162
1688993770151,-606838,4162
1688993770152,-606838,4162
1688993770155,-606838,4162
1688993770158,-606838,4162
1688993770159,-606838,4162
1688993770161,-606838,4162
1688993770163,-606838,4162
1688993770165,-606838,4162
1688993770166,-606838,4162
1688993770168,-606838,4162
1688993770169,-606838,4162
1688993770171,-606838,4162
1688993770172,-606838,4162
1688993770174,-606838,4162
1688993770176,-606838,4162
1688993770178,-606838,4162
1688993770179,-606838,4162
1688993770181,-606838,4162
1688993770182,-606838,4162
1688993770184,-606838,4162
1688993770185,-606838,4162
1688993770188,-606838,4162
1688993770190,-606838,4162
1688993770192,-606838,4162
1688993770193,-606838,4162
1688993770195,-606838,4162
1688993770196,-606838,4162
1688993770198,-606838,4162
1688993770200,-606838,4162
1688993770201,-606838,4162
1688993770202,-606838,4162
1688993770204,-606838,4162
1688993770205,-606838,4162
1688993770207,-606838,4162
1688993770209,-606838,4162
1688993770211,-606838,4162
1688993770213,-606838,4162
1688993770214,-606838,4162
1688993770216,-606838,4162
1688993770217,-606838,4162
1688993770218,-606838,4162
1688993770221,-606838,4162
1688993770222,-606838,4162
1688993770224,-606838,4162
1688993770226,-606838,4162
1688993770227,-606838,4162
1688993770229,-606838,4162
1688993770231,-606838,4162
1688993770232,-606838,4162
1688993770234,-606838,4162
1688993770235,-606838,4162
1688993770237,-606838,4162
1688993770238,-606838,4162
1688993770240,-606838,4162
1688993770241,-606838,4162
1688993770243,-606838,4162
1688993770245,-606838,4162
1688993770247,-606838,4162
1688993770249,-606838,4162
1688993770250,-606838,4162
1688993770252,-606838,4162
1688993770254,-606838,4162
1688993770256,-606838,4162
1688993770258,-606838,4162
1688993770260,-606838,4162
1688993770261,-606838,4162
1688993770262,-606838,4162
1688993770264,-606838,4162
1688993770266,-606838,4162
1688993770268,-606838,4162
1688993770270,-606838,4162
1688993770271,-606838,4162
1688993770273,-606838,4162
1688993770275,-606838,4162
1688993770276,-606838,4162
1688993770278,-606838,4162
1688993770280,-606838,4162
1688993770282,-606838,4162
1688993770283,-606838,4162
1688993770285,-606838,4162
1688993770287,-606838,4162
1688993770288,-606838,4162
1688993770291,-606838,4162
1688993770292,-606838,4162
1688993770294,-606838,4162
1688993770295,-606838,4162
1688993770297,-606838,4162
1688993770298,-606838,4162
1688993770300,-606838,4162
1688993770301,-606838,4162
1688993770302,-606838,4162
1688993770305,-606838,4162
1688993770306,-606838,4162
1688993770308,-606838,4162
1688993770310,-606838,4162
1688993770312,-606838,4162
1688993770313,-606838,4162
1688993770315,-606838,4162
1688993770316,-606838,4162
1688993770317,-606838,4162
1688993770319,-606838,4162
1688993770321,-606838,4162
1688993770325,-606838,4162
1688993770326,-606838,4162
1688993770328,-606838,4162
1688993770329,-606838,4162
1688993770331,-606838,4162
1688993770332,-606838,4162
1688993770334,-606838,4162
1688993770335,-606838,4162
1688993770337,-606838,4162
1688993770338,-606838,4162
1688993770340,-606838,4162
1688993770341,-606838,4162
1688993770343,-606838,4162
1688993770345,-606838,4162
1688993770347,-606838,4162
1688993770348,-606838,4162
1688993770350,-606838,4162
1688993770351,-606838,4162
1688993770353,-606838,4162
1688993770355,-606838,4162
1688993770357,-606838,4162
1688993770358,-606838,4162
1688993770360,-606838,4162
1688993770362,-606838,4162
1688993770363,-606838,4162
1688993770365,-606838,4162
1688993770366,-606838,4162
1688993770368,-606838,4162
1688993770369,-606838,4162
1688993770371,-606838,4162
1688993770372,-606838,4162
1688993770374,-606838,4162
1688993770376,-606838,4162
1688993770378,-606838,4162
1688993770379,-606838,4162
1688993770381,-606838,4162
1688993770382,-606838,4162
1688993770384,-606838,4162
1688993770386,-606838,4162
1688993770389,-606838,4162
1688993770391,-606838,4162
1688993770393,-606838,4162
1688993770394,-606838,4162
1688993770396,-606838,4162
1688993770397,-606838,4162
1688993770399,-606838,4162
1688993770400,-606838,4162
1688993770402,-606838,4162
1688993770404,-606838,4162
1688993770406,-606838,4162
1688993770408,-606838,4162
1688993770409,-606838,4162
1688993770411,-606838,4162
1688993770413,-606838,4162
1688993770414,-606838,4162
1688993770416,-606838,4162
1688993770417,-606838,4162
1688993770419,-606838,4162
1688993770421,-606838,4162
1688993770423,-606838,4162
1688993770425,-606838,4162
1688993770427,-606838,4162
1688993770428,-606838,4162
1688993770430,-606838,4162
1688993770431,-606838,4162
1688993770433,-606838,4162
1688993770434,-606838,4162
1688993770436,-606838,4162
1688993770437,-606838,4162
1688993770439,-606838,4162
1688993770440,-606838,4162
1688993770442,-606838,4162
1688993770444,-606838,4162
1688993770446,-606838,4162
1688993770448,-606838,4162
1688993770450,-606838,4162
1688993770451,-606838,4162
1688993770453,-606838,4162
1688993770457,-606838,4162
1688993770459,-606838,4162
1688993770461,-606838,4162
1688993770462,-606838,4162
1688993770464,-606838,4162
1688993770466,-606838,4162
1688993770468,-606838,4162
1688993770469,-606838,4162
1688993770471,-606838,4162
1688993770472,-606838,4162
1688993770474,-606838,4162
1688993770475,-606838,4162
1688993770477,-606838,4162
1688993770479,-606838,4162
1688993770480,-606838,4162
1688993770482,-606838,4162
1688993770484,-606838,4162
1688993770486,-606838,4162
1688993770488,-606838,4162
1688993770490,-606838,4162
1688993770492,-606838,4162
1688993770493,-606838,4162
1688993770495,-606838,4162
1688993770496,-606838,4162
1688993770498,-606838,4162
1688993770499,-606838,4162
1688993770501,-606838,4162
1688993770502,-606838,4162
1688993770504,-606838,4162
1688993770506,-606838,4162
1688993770508,-606838,4162
1688993770509,-606838,4162
1688993770511,-606838,4162
1688993770512,-606838,4162
1688993770514,-606838,4162
1688993770515,-606838,4162
1688993770517,-606838,4162
1688993770519,-606838,4162
1688993770521,-606838,4162
1688993770523,-606838,4162
1688993770525,-606838,4162
1688993770527,-606838,4162
1688993770528,-606838,4162
1688993770530,-606838,4162
1688993770531,-606838,4162
1688993770533,-606838,4162
1688993770535,-606838,4162
1688993770536,-606838,4162
1688993770537,-606838,4162
1688993770539,-606838,4162
1688993770541,-606838,4162
1688993770543,-606838,4162
1688993770545,-606838,4162
1688993770547,-606838,4162
1688993770548,-606838,4162
1688993770549,-606838,4162
1688993770551,-606838,4162
1688993770552,-606838,4162
1688993770554,-606838,4162
1688993770556,-606838,4162
1688993770558,-606838,4162
1688993770559,-606838,4162
1688993770561,-606838,4162
1688993770563,-606838,4162
1688993770564,-606838,4162
1688993770566,-606838,4162
1688993770567,-606838,4162
1688993770569,-606838,4162
1688993770570,-606838,4162
1688993770572,-606838,4162
1688993770574,-606838,4162
1688993770575,-606838,4162
1688993770577,-606838,4162
1688993770579,-606838,4162
1688993770580,-606838,4162
1688993770582,-606838,4162
1688993770584,-606838,4162
1688993770586,-606838,4162
1688993770588,-606838,4162
1688993770590,-606838,4162
1688993770592,-606838,4162
1688993770594,-606838,4162
1688993770595,-606838,4162
1688993770596,-606838,4162
1688993770598,-606838,4162
1688993770599,-606838,4162
1688993770601,-606838,4162
1688993770603,-606838,4162
1688993770604,-606838,4162
1688993770606,-606838,4162
1688993770608,-606838,4162
1688993770609,-606838,4162
1688993770611,-606838,4162
1688993770612,-606838,4162
1688993770614,-606838,4162
1688993770615,-606838,4162
1688993770617,-606838,4162
1688993770618,-606838,4162
1688993770620,-606838,4162
1688993770622,-606838,4162
1688993770625,-606838,4162
1688993770626,-606838,4162
1688993770628,-606838,4162
1688993770629,-606838,4162
1688993770631,-606838,4162
1688993770632,-606838,4162
1688993770634,-606838,4162
1688993770635,-606838,4162
1688993770638,-606838,4162
1688993770640,-606838,4162
1688993770642,-606838,4162
1688993770644,-606838,4162
1688993770645,-606838,4162
1688993770647,-606838,4162
1688993770649,-606838,4162
1688993770650,-606838,4162
1688993770652,-606838,4162
1688993770653,-606838,4162
1688993770655,-606838,4162
1688993770657,-606838,4162
1688993770659,-606838,4162
1688993770661,-606838,4162
1688993770662,-606838,4162
1688993770664,-606838,4162
1688993770665,-606838,4162
1688993770667,-606838,4162
1688993770668,-606838,4162
1688993770670,-606838,4162
1688993770671,-606838,4162
1688993770673,-606838,4162
1688993770674,-606838,4162
1688993770676,-606838,4162
1688993770678,-606838,4162
1688993770680,-606838,4162
1688993770682,-606838,4162
1688993770683,-606838,4162
1688993770685,-606838,4162
1688993770688,-606838,4162
1688993770690,-606838,4162
1688993770691,-606838,4162
1688993770693,-606838,4162
1688993770694,-606838,4162
1688993770696,-606838,4162
1688993770697,-606838,4162
1688993770699,-606838,4162
1688993770701,-606838,4162
1688993770702,-606838,4162
1688993770704,-606838,4162
1688993770706,-606838,4162
1688993770708,-606838,4162
1688993770709,-606838,4162
1688993770711,-606838,4162
1688993770713,-606838,4162
1688993770714,-606838,4162
1688993770716,-606838,4162
1688993770718,-606838,4162
1688993770720,-606838,4162
1688993770722,-606838,4162
1688993770724,-606838,4162
1688993770726,-606838,4162
1688993770727,-606838,4162
1688993770729,-606838,4162
1688993770731,-606838,4162
1688993770732,-606838,4162
1688993770734,-606838,4162
1688993770735,-606838,4162
1688993770737,-606838,4162
1688993770739,-606838,4162
1688993770741,-606838,4162
1688993770742,-606838,4162
1688993770744,-606838,4162
1688993770745,-606838,4162
1688993770747,-606838,4162
1688993770748,-606838,4162
1688993770750,-606838,4162
1688993770751,-606838,4162
1688993770752,-606838,4162
1688993770754,-606838,4162
1688993770756,-606838,4162
1688993770758,-606838,4162
1688993770760,-606838,4162
1688993770761,-606838,4162
1688993770762,-606838,4162
1688993770764,-606838,4162
1688993770765,-606838,4162
1688993770766,-606838,4162
1688993770768,-606838,4162
1688993770769,-606838,4162
1688993770771,-606838,4162
1688993770772,-606838,4162
1688993770774,-606838,4162
1688993770776,-606838,4162
1688993770778,-606838,4162
1688993770780,-606838,4162
1688993770781,-606838,4162
1688993770783,-606838,4162
1688993770784,-606838,4162
1688993770786,-606838,4162
1688993770788,-606838,4162
1688993770790,-606838,4162
1688993770792,-606838,4162
1688993770794,-606838,4162
1688993770795,-606838,4162
1688993770797,-606838,4162
1688993770799,-606838,4162
1688993770802,-606838,4162
1688993770804,-606838,4162
1688993770805,-606838,4162
1688993770807,-606838,4162
1688993770808,-606838,4162
1688993770810,-606838,4162
1688993770811,-606838,4162
1688993770813,-606838,4162
1688993770814,-606838,4162
1688993770816,-606838,4162
1688993770818,-606838,4162
1688993770820,-606838,4162
1688993770822,-606838,4162
1688993770824,-606838,4162
1688993770826,-606838,4162
1688993770827,-606838,4162
1688993770829,-606838,4162
1688993770830,-606838,4162
1688993770832,-606838,4162
1688993770833,-606838,4162
1688993770834,-606838,4162
1688993770836,-606838,4162
1688993770838,-606838,4162
1688993770840,-606838,4162
1688993770841,-606838,4162
1688993770843,-606838,4162
1688993770845,-606838,4162
1688993770846,-606838,4162
1688993770848,-606838,4162
1688993770850,-606838,4162
1688993770851,-606838,4162
1688993770853,-606838,4162
1688993770855,-606838,4162
1688993770857,-606838,4162
1688993770859,-606838,4162
1688993770861,-606838,4162
1688993770862,-606838,4162
1688993770864,-606838,4162
1688993770865,-606838,4162
1688993770867,-606838,4162
1688993770868,-606838,4162
1688993770870,-606838,4162
1688993770871,-606838,4162
1688993770872,-606838,4162
1688993770874,-606838,4162
1688993770875,-606838,4162
1688993770878,-606838,4162
1688993770879,-606838,4162
1688993770881,-606838,4162
1688993770883,-606838,4162
1688993770884,-606838,4162
1688993770886,-606838,4162
1688993770888,-606838,4162
1688993770891,-606838,4162
1688993770892,-606838,4162
1688993770895,-606838,4162
1688993770898,-606838,4162
1688993770900,-606838,4162
1688993770901,-606838,4162
1688993770905,-606838,4162
1688993770907,-606838,4162
1688993770911,-606838,4162
1688993770915,-606838,4162
1688993770917,-606838,4162
1688993770919,-606838,4162
1688993770922,-606838,4162
1688993770924,-606838,4162
1688993770926,-606838,4162
1688993770928,-606838,4162
1688993770930,-606838,4162
1688993770931,-606838,4162
1688993770933,-606838,4162
1688993770935,-606838,4162
1688993770936,-606838,4162
1688993770938,-606838,4162
1688993770940,-606838,4162
1688993770977,-606838,4162
1688993770979,-606838,4162
1688993770981,-606838,4162
1688993770983,-606838,4162
1688993770984,-606838,4162
1688993770987,-606838,4162
1688993770990,-606838,4162
1688993770992,-606838,4162
1688993770994,-606838,4162
1688993770997,-606838,4162
1688993770999,-606838,4162
1688993771001,-606838,4162
1688993771002,-606838,4162
1688993771004,-606838,4162
1688993771006,-606838,4162
1688993771008,-606838,4162
1688993771010,-606838,4162
1688993771012,-606838,4162
1688993771013,-606838,4162
1688993771015,-606838,4162
1688993771017,-606838,4162
1688993771018,-606838,4162
1688993771020,-606838,4162
1688993771023,-606838,4162
1688993771025,-606838,4162
1688993771026,-606838,4162
1688993771028,-606838,4162
1688993771030,-606838,4162
1688993771032,-606838,4162
1688993771033,-606838,4162
1688993771035,-606838,4162
1688993771038,-606838,4162
1688993771040,-606838,4162
1688993771042,-606838,4162
1688993771044,-606838,4162
1688993771046,-606838,4162
1688993771047,-606838,4162
1688993771049,-606838,4162
1688993771051,-606838,4162
1688993771053,-606838,4162
1688993771057,-606838,4162
1688993771059,-606838,4162
1688993771061,-606838,4162
1688993771063,-606838,4162
1688993771065,-606838,4162
1688993771067,-606838,4162
1688993771069,-606838,4162
1688993771070,-606838,4162
1688993771072,-606838,4162
1688993771073,-606838,4162
1688993771075,-606838,4162
1688993771077,-606838,4162
1688993771078,-606838,4162
1688993771080,-606838,4162
1688993771082,-606838,4162
1688993771083,-606838,4162
1688993771085,-606838,4162
1688993771087,-606838,4162
1688993771088,-606838,4162
1688993771090,-606838,4162
1688993771097,-606838,4162
1688993771099,-606838,4162
1688993771100,-606838,4162
1688993771102,-606838,4162
1688993771103,-606838,4162
1688993771105,-606838,4162
1688993771106,-606838,4162
1688993771108,-606838,4162
1688993771109,-606838,4162
1688993771111,-606838,4162
1688993771112,-606838,4162
1688993771114,-606838,4162
1688993771116,-606838,4162
1688993771118,-606838,4162
1688993771122,-606838,4162
1688993771124,-606838,4162
1688993771126,-606838,4162
1688993771127,-606838,4162
1688993771129,-606838,4162
1688993771131,-606838,4162
1688993771134,-606838,4162
1688993771135,-606838,4162
1688993771137,-606838,4162
1688993771139,-606838,4162
1688993771141,-606838,4162
1688993771143,-606838,4162
1688993771144,-606838,4162
1688993771146,-606838,4162
1688993771148,-606838,4162
1688993771150,-606838,4162
1688993771152,-606838,4162
1688993771154,-606838,4162
1688993771166,-606838,4162
1688993771168,-606838,4162
1688993771171,-606838,4162
1688993771174,-606838,4162
1688993771176,-606838,4162
1688993771178,-606838,4162
1688993771179,-606838,4162
1688993771181,-606838,4162
1688993771183,-606838,4162
1688993771185,-606838,4162
1688993771187,-606838,4162
1688993771190,-606838,4162
1688993771192,-606838,4162
1688993771195,-606838,4162
1688993771196,-606838,4162
1688993771198,-606838,4162
1688993771200,-606838,4162
1688993771201,-606838,4162
1688993771203,-606838,4162
1688993771204,-606838,4162
1688993771206,-606838,4162
1688993771208,-606838,4162
1688993771210,-606838,4162
1688993771212,-606838,4162
1688993771214,-606838,4162
1688993771216,-606838,4162
1688993771218,-606838,4162
1688993771223,-606838,4162
1688993771226,-606838,4162
1688993771228,-606838,4162
1688993771230,-606838,4162
1688993771232,-606838,4162
1688993771234,-606838,4162
1688993771235,-606838,4162
1688993771238,-606838,4162
1688993771240,-606838,4162
1688993771241,-606838,4162
1688993771243,-606838,4162
1688993771245,-606838,4162
1688993771246,-606838,4162
1688993771248,-606838,4162
1688993771249,-606838,4162
1688993771251,-606838,4162
1688993771256,-606838,4162
1688993771258,-606838,4162
1688993771260,-606838,4162
1688993771262,-606838,4162
1688993771264,-606838,4162
1688993771265,-606838,4162
1688993771267,-606838,4162
1688993771269,-606838,4162
1688993771270,-606838,4162
1688993771272,-606838,4162
1688993771274,-606838,4162
1688993771276,-606838,4162
1688993771278,-606838,4162
1688993771279,-606838,4162
1688993771281,-606838,4162
1688993771282,-606838,4162
1688993771284,-606838,4162
1688993771286,-606838,4162
1688993771288,-606838,4162
1688993771290,-606838,4162
1688993771293,-606838,4162
1688993771295,-606838,4162
1688993771297,-606838,4162
1688993771299,-606838,4162
1688993771300,-606838,4162
1688993771302,-606838,4162
1688993771304,-606838,4162
1688993771305,-606838,4162
1688993771307,-606838,4162
1688993771309,-606838,4162
1688993771312,-606838,4162
1688993771313,-606838,4162
1688993771315,-606838,4162
1688993771317,-606838,4162
1688993771319,-606838,4162
1688993771323,-606838,4162
1688993771325,-606838,4162
1688993771327,-606838,4162
1688993771329,-606838,4162
1688993771332,-606838,4162
1688993771336,-606838,4162
1688993771338,-606838,4162
1688993771339,-606838,4162
1688993771341,-606838,4162
1688993771343,-606838,4162
1688993771345,-606838,4162
1688993771346,-606838,4162
1688993771348,-606838,4162
1688993771350,-606838,4162
1688993771353,-606838,4162
1688993771355,-606838,4162
1688993771357,-606838,4162
1688993771359,-606838,4162
1688993771361,-606838,4162
1688993771362,-606838,4162
1688993771364,-606838,4162
1688993771366,-606838,4162
1688993771368,-606838,4162
1688993771369,-606838,4162
1688993771371,-606838,4162
1688993771373,-606838,4162
1688993771375,-606838,4162
1688993771377,-606838,4162
1688993771379,-606838,4162
1688993771381,-606838,4162
1688993771383,-606838,4162
1688993771385,-606838,4162
1688993771388,-606838,4162
1688993771393,-606838,4162
1688993771395,-606838,4162
1688993771396,-606838,4162
1688993771398,-606838,4162
1688993771401,-606838,4162
1688993771403,-606838,4162
1688993771405,-606838,4162
1688993771407,-606838,4162
1688993771409,-606838,4162
1688993771412,-606838,4162
1688993771414,-606838,4162
1688993771415,-606838,4162
1688993771419,-606838,4162
1688993771423,-606838,4162
1688993771425,-606838,4162
1688993771427,-606838,4162
1688993771428,-606838,4162
1688993771431,-606838,4162
1688993771433,-606838,4162
1688993771435,-606838,4162
1688993771481,-606838,4162
1688993771483,-606838,4162
1688993771485,-606838,4162
1688993771487,-606838,4162
1688993771490,-606838,4162
1688993771493,-606838,4162
1688993771495,-606838,4162
1688993771497,-606838,4162
1688993771499,-606838,4162
1688993771501,-606838,4162
1688993771504,-606838,4162
1688993771506,-606838,4162
1688993771507,-606838,4162
1688993771508,-606838,4162
1688993771511,-606838,4162
1688993771513,-606838,4162
1688993771514,-606838,4162
1688993771515,-606838,4162
1688993771517,-606838,4162
1688993771518,-606838,4162
1688993771520,-606838,4162
1688993771523,-606838,4162
1688993771524,-606838,4162
1688993771525,-606838,4162
1688993771528,-606838,4162
1688993771529,-606838,4162
1688993771530,-606838,4162
1688993771532,-606838,4162
1688993771533,-606838,4162
1688993771534,-606838,4162
1688993771535,-606838,4162
1688993771537,-606838,4162
1688993771538,-606838,4162
1688993771539,-606838,4162
1688993771541,-606838,4162
1688993771542,-606838,4162
1688993771544,-606838,4162
1688993771546,-606838,4162
1688993771550,-606838,4162
1688993771551,-606838,4162
1688993771553,-606838,4162
1688993771555,-606838,4162
1688993771556,-606838,4162
1688993771558,-606838,4162
1688993771559,-606838,4162
1688993771561,-606838,4162
1688993771562,-606838,4162
1688993771566,-606838,4162
1688993771567,-606838,4162
1688993771570,-606838,4162
1688993771571,-606838,4162
1688993771573,-606838,4162
1688993771575,-606838,4162
1688993771577,-606838,4162
1688993771579,-606838,4162
1688993771582,-606838,4162
1688993771589,-606838,4162
1688993771591,-606838,4162
1688993771592,-606838,4162
1688993771594,-606838,4162
1688993771596,-606838,4162
1688993771597,-606838,4162
1688993771598,-606838,4162
1688993771600,-606838,4162
1688993771602,-606838,4162
1688993771603,-606838,4162
1688993771604,-606838,4162
1688993771606,-606838,4162
1688993771607,-606838,4162
1688993771608,-606838,4162
1688993771611,-606838,4162
1688993771613,-606838,4162
1688993771614,-606838,4162
1688993771615,-606838,4162
1688993771616,-606838,4162
1688993771618,-606838,4162
1688993771619,-606838,4162
1688993771622,-606838,4162
1688993771624,-606838,4162
1688993771625,-606838,4162
1688993771628,-606838,4162
1688993771630,-606838,4162
1688993771632,-606838,4162
1688993771634,-606838,4162
1688993771636,-606838,4162
1688993771638,-606838,4162
1688993771639,-606838,4162
1688993771641,-606838,4162
1688993771643,-606838,4162
1688993771645,-606838,4162
1688993771646,-606838,4162
1688993771648,-606838,4162
1688993771649,-606838,4162
1688993771650,-606838,4162
1688993771651,-606838,4162
1688993771653,-606838,4162
1688993771654,-606838,4162
1688993771655,-606838,4162
1688993771657,-606838,4162
1688993771658,-606838,4162
1688993771659,-606838,4162
1688993771661,-606838,4162
1688993771662,-606838,4162
1688993771664,-606838,4162
1688993771665,-606838,4162
1688993771667,-606838,4162
1688993771669,-606838,4162
1688993771670,-606838,4162
1688993771671,-606838,4162
1688993771672,-606838,4162
1688993771674,-606838,4162
1688993771675,-606838,4162
1688993771676,-606838,4162
1688993771678,-606838,4162
1688993771679,-606838,4162
1688993771681,-606838,4162
1688993771682,-606838,4162
1688993771683,-606838,4162
1688993771684,-606838,4162
1688993771685,-606838,4162
1688993771687,-606838,4162
1688993771688,-606838,4162
1688993771690,-606838,4162
1688993771691,-606838,4162
1688993771694,-606838,4162
1688993771696,-606838,4162
1688993771697,-606838,4162
1688993771698,-606838,4162
1688993771700,-606838,4162
1688993771701,-606838,4162
1688993771702,-606838,4162
1688993771704,-606838,4162
1688993771705,-606838,4162
1688993771707,-606838,4162
1688993771708,-606838,4162
1688993771710,-606838,4162
1688993771712,-606838,4162
1688993771713,-606838,4162
1688993771714,-606838,4162
1688993771715,-606838,4162
1688993771716,-606838,4162
1688993771718,-606838,4162
1688993771720,-606838,4162
1688993771721,-606838,4162
1688993771723,-606838,4162
1688993771724,-606838,4162
1688993771726,-606838,4162
1688993771728,-606838,4162
1688993771729,-606838,4162
1688993771731,-606838,4162
1688993771732,-606838,4162
1688993771733,-606838,4162
1688993771735,-606838,4162
1688993771737,-606838,4162
1688993771738,-606838,4162
1688993771739,-606838,4162
1688993771741,-606838,4162
1688993771743,-606838,4162
1688993771745,-606838,4162
1688993771746,-606838,4162
1688993771748,-606838,4162
1688993771749,-606838,4162
1688993771750,-606838,4162
1688993771752,-606838,4162
1688993771753,-606838,4162
1688993771754,-606838,4162
1688993771755,-606838,4162
1688993771757,-606838,4162
1688993771758,-606838,4162
1688993771760,-606838,4162
1688993771762,-606838,4162
1688993771763,-606838,4162
1688993771765,-606838,4162
1688993771766,-606838,4162
1688993771768,-606838,4162
1688993771770,-606838,4162
1688993771771,-606838,4162
1688993771773,-606838,4162
1688993771774,-606838,4162
1688993771778,-606838,4162
1688993771779,-606838,4162
1688993771782,-606838,4162
1688993771784,-606838,4162
1688993771786,-606838,4162
1688993771788,-606838,4162
1688993771789,-606838,4162
1688993771790,-606838,4162
1688993771792,-606838,4162
1688993771794,-606838,4162
1688993771796,-606838,4162
1688993771797,-606838,4162
1688993771799,-606838,4162
1688993771800,-606838,4162
1688993771801,-606838,4162
1688993771803,-606838,4162
1688993771804,-606838,4162
1688993771805,-606838,4162
1688993771807,-606838,4162
1688993771810,-606838,4162
1688993771812,-606838,4162
1688993771814,-606838,4162
1688993771815,-606838,4162
1688993771817,-606838,4162
1688993771818,-606838,4162
1688993771820,-606838,4162
1688993771822,-606838,4162
1688993771823,-606838,4162
1688993771824,-606838,4162
1688993771827,-606838,4162
1688993771828,-606838,4162
1688993771829,-606838,4162
1688993771831,-606838,4162
1688993771832,-606838,4162
1688993771834,-606838,4162
1688993771835,-606838,4162
1688993771836,-606838,4162
1688993771838,-606838,4162
1688993771840,-606838,4162
1688993771841,-606838,4162
1688993771844,-606838,4162
1688993771846,-606838,4162
1688993771848,-606838,4162
1688993771849,-606838,4162
1688993771851,-606838,4162
1688993771852,-606838,4162
1688993771854,-606838,4162
1688993771856,-606838,4162
1688993771857,-606838,4162
1688993771860,-606838,4162
1688993771862,-606838,4162
1688993771863,-606838,4162
1688993771864,-606838,4162
1688993771866,-606838,4162
1688993771868,-606838,4162
1688993771869,-606838,4162
1688993771871,-606838,4162
1688993771872,-606838,4162
1688993771874,-606838,4162
1688993771876,-606838,4162
1688993771878,-606838,4162
1688993771879,-606838,4162
1688993771881,-606838,4162
1688993771882,-606838,4162
1688993771884,-606838,4162
1688993771885,-606838,4162
1688993771887,-606838,4162
1688993771888,-606838,4162
1688993771890,-606838,4162
1688993771891,-606838,4162
1688993771893,-606838,4162
1688993771895,-606838,4162
1688993771896,-606838,4162
1688993771898,-606838,4162
1688993771899,-606838,4162
1688993771901,-606838,4162
1688993771902,-606838,4162
1688993771904,-606838,4162
1688993771905,-606838,4162
1688993771907,-606838,4162
1688993771909,-606838,4162
1688993771911,-606838,4162
1688993771912,-606838,4162
1688993771914,-606838,4162
1688993771916,-606838,4162
1688993771917,-606838,4162
1688993771919,-606838,4162
1688993771921,-606838,4162
1688993771922,-606838,4162
1688993771923,-606838,4162
1688993771927,-606838,4162
1688993771928,-606838,4162
1688993771930,-606838,4162
1688993771931,-606838,4162
1688993771932,-606838,4162
1688993771934,-606838,4162
1688993771936,-606838,4162
1688993771938,-606838,4162
1688993771939,-606838,4162
1688993771941,-606838,4162
1688993771943,-606838,4162
1688993771945,-606838,4162
1688993771946,-606838,4162
1688993771948,-606838,4162
1688993771949,-606838,4162
1688993771951,-606838,4162
1688993771952,-606838,4162
1688993771954,-606838,4162
1688993771955,-606838,4162
1688993771957,-606838,4162
1688993771958,-606838,4162
1688993771961,-606838,4162
1688993771963,-606838,4162
1688993771965,-606838,4162
1688993771967,-606838,4162
1688993771969,-606838,4162
1688993771971,-606838,4162
1688993771972,-606838,4162
1688993771974,-606838,4162
1688993771978,-606838,4162
1688993771980,-606838,4162
1688993771982,-606838,4162
1688993771983,-606838,4162
1688993771985,-606838,4162
1688993771986,-606838,4162
1688993771988,-606838,4162
1688993771989,-606838,4162
1688993771991,-606838,4162
1688993771993,-606838,4162
1688993771995,-606838,4162
1688993771996,-606838,4162
1688993771998,-606838,4162
1688993771999,-606838,4162
1688993772001,-606838,4162
1688993772002,-606838,4162
1688993772004,-606838,4162
1688993772005,-606838,4162
1688993772006,-606838,4162
1688993772009,-606838,4162
1688993772011,-606838,4162
1688993772013,-606838,4162
1688993772014,-606838,4162
1688993772016,-606838,4162
1688993772018,-606838,4162
1688993772019,-606838,4162
1688993772021,-606838,4162
1688993772022,-606838,4162
1688993772024,-606838,4162
1688993772025,-606838,4162
1688993772027,-606838,4162
1688993772029,-606838,4162
1688993772030,-606838,4162
1688993772032,-606838,4162
1688993772034,-606838,4162
1688993772035,-606838,4162
1688993772037,-606838,4162
1688993772038,-606838,4162
1688993772040,-606838,4162
1688993772041,-606838,4162
1688993772042,-606838,4162
1688993772044,-606838,4162
1688993772045,-606838,4162
1688993772047,-606838,4162
1688993772048,-606838,4162
1688993772050,-606838,4162
1688993772051,-606838,4162
1688993772053,-606838,4162
1688993772054,-606838,4162
1688993772055,-606838,4162
1688993772057,-606838,4162
1688993772059,-606838,4162
1688993772061,-606838,4162
1688993772062,-606838,4162
1688993772064,-606838,4162
1688993772065,-606838,4162
1688993772067,-606838,4162
1688993772069,-606838,4162
1688993772071,-606838,4162
1688993772072,-606838,4162
1688993772074,-606838,4162
1688993772076,-606838,4162
1688993772077,-606838,4162
1688993772079,-606838,4162
1688993772080,-606838,4162
1688993772081,-606838,4162
1688993772083,-606838,4162
1688993772084,-606838,4162
1688993772085,-606838,4162
1688993772087,-606838,4162
1688993772089,-606838,4162
1688993772091,-606838,4162
1688993772092,-606838,4162
1688993772093,-606838,4162
1688993772095,-606838,4162
1688993772096,-606838,4162
1688993772098,-606838,4162
1688993772099,-606838,4162
1688993772101,-606838,4162
1688993772102,-606838,4162
1688993772104,-606838,4162
1688993772105,-606838,4162
1688993772107,-606838,4162
1688993772109,-606838,4162
1688993772111,-606838,4162
1688993772112,-606838,4162
1688993772113,-606838,4162
1688993772115,-606838,4162
1688993772118,-606838,4162
1688993772119,-606838,4162
1688993772122,-606838,4162
1688993772124,-606838,4162
1688993772126,-606838,4162
1688993772128,-606838,4162
1688993772129,-606838,4162
1688993772131,-606838,4162
1688993772132,-606838,4162
1688993772134,-606838,4162
1688993772135,-606838,4162
1688993772137,-606838,4162
1688993772139,-606838,4162
1688993772141,-606838,4162
1688993772142,-606838,4162
1688993772144,-606838,4162
1688993772146,-606838,4162
1688993772148,-606838,4162
1688993772149,-606838,4162
1688993772151,-606838,4162
1688993772153,-606838,4162
1688993772154,-606838,4162
1688993772156,-606838,4162
1688993772157,-606838,4162
1688993772159,-606838,4162
1688993772161,-606838,4162
1688993772162,-606838,4162
1688993772164,-606838,4162
1688993772166,-606838,4162
1688993772168,-606838,4162
1688993772169,-606838,4162
1688993772171,-606838,4162
1688993772172,-606838,4162
1688993772174,-606838,4162
1688993772176,-606838,4162
1688993772178,-606838,4162
1688993772179,-606838,4162
1688993772181,-606838,4162
1688993772183,-606838,4162
1688993772184,-606838,4162
1688993772186,-606838,4162
1688993772187,-606838,4162
1688993772189,-606838,4162
1688993772191,-606838,4162
1688993772192,-606838,4162
1688993772194,-606838,4162
1688993772195,-606838,4162
1688993772198,-606838,4162
1688993772201,-606838,4162
1688993772203,-606838,4162
1688993772204,-606838,4162
1688993772206,-606838,4162
1688993772208,-606838,4162
1688993772210,-606838,4162
1688993772211,-606838,4162
1688993772213,-606838,4162
1688993772215,-606838,4162
1688993772218,-606838,4162
1688993772220,-606838,4162
1688993772222,-606838,4162
1688993772224,-606838,4162
1688993772225,-606838,4162
1688993772227,-606838,4162
1688993772229,-606838,4162
1688993772231,-606838,4162
1688993772233,-606838,4162
1688993772234,-606838,4162
1688993772236,-606838,4162
1688993772238,-606838,4162
1688993772239,-606838,4162
1688993772241,-606838,4162
1688993772242,-606838,4162
1688993772244,-606838,4162
1688993772245,-606838,4162
1688993772247,-606838,4162
1688993772249,-606838,4162
1688993772251,-606838,4162
1688993772252,-606838,4162
1688993772254,-606838,4162
1688993772256,-606838,4162
1688993772258,-606838,4162
1688993772260,-606838,4162
1688993772261,-606838,4162
1688993772263,-606838,4162
1688993772264,-606838,4162
1688993772266,-606838,4162
1688993772269,-606838,4162
1688993772271,-606838,4162
1688993772274,-606838,4162
1688993772275,-606838,4162
1688993772279,-606838,4162
1688993772281,-606838,4162
1688993772283,-606838,4162
1688993772285,-606838,4162
1688993772287,-606838,4162
1688993772288,-606838,4162
1688993772290,-606838,4162
1688993772291,-606838,4162
1688993772293,-606838,4162
1688993772294,-606838,4162
1688993772296,-606838,4162
1688993772298,-606838,4162
1688993772299,-606838,4162
1688993772301,-606838,4162
1688993772302,-606838,4162
1688993772304,-606838,4162
1688993772306,-606838,4162
1688993772308,-606838,4162
1688993772310,-606838,4162
1688993772311,-606838,4162
1688993772313,-606838,4162
1688993772315,-606838,4162
1688993772321,-606838,4162
1688993772324,-606838,4162
1688993772326,-606838,4162
1688993772328,-606838,4162
1688993772330,-606838,4162
1688993772332,-606838,4162
1688993772335,-606838,4162
1688993772337,-606838,4162
1688993772339,-606838,4162
1688993772341,-606838,4162
1688993772343,-606838,4162
1688993772346,-606838,4162
1688993772348,-606838,4162
1688993772349,-606838,4162
1688993772351,-606838,4162
1688993772352,-606838,4162
1688993772354,-606838,4162
1688993772356,-606838,4162
1688993772357,-606838,4162
1688993772358,-606838,4162
1688993772360,-606838,4162
1688993772361,-606838,4162
1688993772362,-606838,4162
1688993772364,-606838,4162
1688993772365,-606838,4162
1688993772366,-606838,4162
1688993772367,-606838,4162
1688993772369,-606838,4162
1688993772370,-606838,4162
1688993772371,-606838,4162
1688993772372,-606838,4162
1688993772374,-606838,4162
1688993772375,-606838,4162
1688993772377,-606838,4162
1688993772378,-606838,4162
1688993772379,-606838,4162
1688993772380,-606838,4162
1688993772382,-606838,4162
1688993772383,-606838,4162
1688993772384,-606838,4162
1688993772385,-606838,4162
1688993772387,-606838,4162
1688993772388,-606838,4162
1688993772389,-606838,4162
1688993772390,-606838,4162
1688993772391,-606838,4162
1688993772393,-606838,4162
1688993772394,-606838,4162
1688993772395,-606838,4162
1688993772397,-606838,4162
1688993772398,-606838,4162
1688993772400,-606838,4162
1688993772401,-606838,4162
1688993772402,-606838,4162
1688993772404,-606838,4162
1688993772406,-606838,4162
1688993772407,-606838,4162
1688993772409,-606838,4162
1688993772410,-606838,4162
1688993772411,-606838,4162
1688993772412,-606838,4162
1688993772414,-606838,4162
1688993772416,-606838,4162
1688993772417,-606838,4162
1688993772418,-606838,4162
1688993772420,-606838,4162
1688993772421,-606838,4162
1688993772423,-606838,4162
1688993772425,-606838,4162
1688993772427,-606838,4162
1688993772428,-606838,4162
1688993772430,-606838,4162
1688993772431,-606838,4162
1688993772433,-606838,4162
1688993772434,-606838,4162
1688993772435,-606838,4162
1688993772437,-606838,4162
1688993772439,-606838,4162
1688993772442,-606838,4162
1688993772444,-606838,4162
1688993772446,-606838,4162
1688993772448,-606838,4162
1688993772451,-606838,4162
1688993772453,-606838,4162
1688993772455,-606838,4162
1688993772457,-606838,4162
1688993772459,-606838,4162
1688993772461,-606838,4162
1688993772463,-606838,4162
1688993772465,-606838,4162
1688993772467,-606838,4162
1688993772468,-606838,4162
1688993772470,-606838,4162
1688993772472,-606838,4162
1688993772474,-606838,4162
1688993772476,-606838,4162
1688993772478,-606838,4162
1688993772479,-606838,4162
1688993772481,-606838,4162
1688993772483,-606838,4162
1688993772485,-606838,4162
1688993772487,-606838,4162
1688993772489,-606838,4162
1688993772491,-606838,4162
1688993772493,-606838,4162
1688993772495,-606838,4162
1688993772497,-606838,4162
1688993772499,-606838,4162
1688993772501,-606838,4162
1688993772504,-606838,4162
1688993772505,-606838,4162
1688993772507,-606838,4162
1688993772509,-606838,4162
1688993772511,-606838,4162
1688993772513,-606838,4162
1688993772515,-606838,4162
1688993772517,-606838,4162
1688993772519,-606838,4162
1688993772521,-606838,4162
1688993772523,-606838,4162
1688993772525,-606838,4162
1688993772527,-606838,4162
1688993772528,-606838,4162
1688993772530,-606838,4162
1688993772532,-606838,4162
1688993772534,-606838,4162
1688993772536,-606838,4162
1688993772538,-606838,4162
1688993772540,-606838,4162
1688993772542,-606838,4162
1688993772544,-606838,4162
1688993772546,-606838,4162
1688993772548,-606838,4162
1688993772550,-606838,4162
1688993772552,-606838,4162
1688993772553,-606838,4162
1688993772555,-606838,4162
1688993772557,-606838,4162
1688993772558,-606838,4162
1688993772560,-606838,4162
1688993772562,-606838,4162
1688993772564,-606838,4162
1688993772565,-606838,4162
1688993772567,-606838,4162
1688993772569,-606838,4162
1688993772572,-606838,4162
1688993772574,-606838,4162
1688993772576,-606838,4162
1688993772578,-606838,4162
1688993772580,-606838,4162
1688993772582,-606838,4162
1688993772584,-606838,4162
1688993772585,-606838,4162
1688993772587,-606838,4162
1688993772589,-606838,4162
1688993772591,-606838,4162
1688993772593,-606838,4162
1688993772595,-606838,4162
1688993772599,-606838,4162
1688993772602,-606838,4162
1688993772604,-606838,4162
1688993772606,-606838,4162
1688993772608,-606838,4162
1688993772610,-606838,4162
1688993772613,-606838,4162
1688993772615,-606838,4162
1688993772618,-606838,4162
1688993772620,-606838,4162
1688993772622,-606838,4162
1688993772624,-606838,4162
1688993772627,-606838,4162
1688993772629,-606838,4162
1688993772632,-606838,4162
1688993772634,-606838,4162
1688993772636,-606838,4162
1688993772638,-606838,4162
1688993772641,-606838,4162
1688993772643,-606838,4162
1688993772645,-606838,4162
1688993772648,-606838,4162
1688993772650,-606838,4162
1688993772652,-606838,4162
1688993772654,-606838,4162
1688993772656,-606838,4162
1688993772659,-606838,4162
1688993772661,-606838,4162
1688993772663,-606838,4162
1688993772665,-606838,4162
1688993772668,-606838,4162
1688993772670,-606838,4162
1688993772672,-606838,4162
1688993772674,-606838,4162
1688993772677,-606838,4162
1688993772679,-606838,4162
1688993772682,-606838,4162
1688993772684,-606838,4162
1688993772686,-606838,4162
1688993772688,-606838,4162
1688993772691,-606838,4162
1688993772693,-606838,4162
1688993772695,-606838,4162
1688993772698,-606838,4162
1688993772701,-606838,4162
1688993772703,-606838,4162
1688993772705,-606838,4162
1688993772708,-606838,4162
1688993772710,-606838,4162
1688993772712,-606838,4162
1688993772715,-606838,4162
1688993772717,-606838,4162
1688993772720,-606838,4162
1688993772722,-606838,4162
1688993772725,-606838,4162
1688993772728,-606838,4162
1688993772730,-606838,4162
1688993772732,-606838,4162
1688993772735,-606838,4162
1688993772739,-606838,4162
1688993772742,-606838,4162
1688993772744,-606838,4162
1688993772748,-606838,4162
1688993772751,-606838,4162
1688993772754,-606838,4162
1688993772756,-606838,4162
1688993772759,-606838,4162
1688993772761,-606838,4162
1688993772764,-606838,4162
1688993772767,-606838,4162
1688993772770,-606838,4162
1688993772772,-606838,4162
1688993772775,-606838,4162
1688993772778,-606838,4162
1688993772781,-606838,4162
1688993772784,-606838,4162
1688993772787,-606838,4162
1688993772790,-606838,4162
1688993772793,-606838,4162
1688993772796,-606838,4162
1688993772799,-606838,4162
1688993772802,-606838,4162
1688993772805,-606838,4162
1688993772808,-606838,4162
1688993772812,-606838,4162
1688993772815,-606838,4162
1688993772819,-606838,4162
1688993772822,-606838,4162
1688993772826,-606838,4162
1688993772830,-606838,4162
1688993772833,-606838,4162
1688993772836,-606838,4162
1688993772839,-606838,4162
1688993772842,-606838,4162
1688993772846,-606838,4162
1688993772849,-606838,4162
1688993772852,-606838,4162
1688993772856,-606838,4162
1688993772859,-606838,4162
1688993772862,-606838,4162
1688993772865,-606838,4162
1688993772869,-606838,4162
1688993772872,-606838,4162
1688993772875,-606838,4162
1688993772879,-606838,4162
1688993772883,-606838,4162
1688993772886,-606838,4162
1688993772889,-606838,4162
1688993772892,-606838,4162
1688993772896,-606838,4162
1688993772899,-606838,4162
1688993772902,-606838,4162
1688993772906,-606838,4162
1688993772910,-606838,4162
1688993772913,-606838,4162
1688993772917,-606838,4162
1688993772920,-606838,4162
1688993772924,-606838,4162
1688993772927,-606838,4162
1688993772930,-606838,4162
1688993772933,-606838,4162
1688993772937,-606838,4162
1688993772941,-606838,4162
1688993772944,-606838,4162
1688993772948,-606838,4162
1688993772951,-606838,4162
1688993772954,-606838,4162
1688993772958,-606838,4162
1688993772962,-606838,4162
1688993772965,-606838,4162
1688993772969,-606838,4162
1688993772972,-606838,4162
1688993772976,-606838,4162
1688993772979,-606838,4162
1688993772983,-606838,4162
1688993772986,-606838,4162
1688993772989,-606838,4162
1688993772992,-606838,4162
1688993772996,-606838,4162
1688993772999,-606838,4162
1688993773002,-606838,4162
1688993773006,-606838,4162
1688993773009,-606838,4162
1688993773012,-606838,4162
1688993773016,-606838,4162
1688993773019,-606838,4162
1688993773022,-606838,4162
1688993773027,-606838,4162
1688993773031,-606838,4162
1688993773034,-606838,4162
1688993773038,-606838,4162
1688993773041,-606838,4162
1688993773045,-606838,4162
1688993773048,-606838,4162
1688993773052,-606838,4162
1688993773055,-606838,4162
1688993773058,-606838,4162
1688993773062,-606838,4162
1688993773065,-606838,4162
1688993773068,-606838,4162
1688993773072,-606838,4162
1688993773075,-606838,4162
1688993773079,-606838,4162
1688993773082,-606838,4162
1688993773085,-606838,4162
1688993773088,-606838,4162
1688993773092,-606838,4162
1688993773095,-606838,4162
1688993773098,-606838,4162
1688993773102,-606838,4162
1688993773105,-606838,4162
1688993773108,-606838,4162
1688993773111,-606838,4162
1688993773114,-606838,4162
1688993773119,-606838,4162
1688993773122,-606838,4162
1688993773126,-606838,4162
1688993773129,-606838,4162
1688993773133,-606838,4162
1688993773136,-606838,4162
1688993773140,-606838,4162
1688993773143,-606838,4162
1688993773146,-606838,4162
1688993773149,-606838,4162
1688993773153,-606838,4162
1688993773156,-606838,4162
1688993773159,-606838,4162
1688993773162,-606838,4162
1688993773165,-606838,4162
1688993773170,-606838,4162
1688993773174,-606838,4162
1688993773177,-606838,4162
1688993773180,-606838,4162
1688993773183,-606838,4162
1688993773186,-606838,4162
1688993773189,-606838,4162
1688993773192,-606838,4162
1688993773195,-606838,4162
1688993773199,-606838,4162
1688993773202,-606838,4162
1688993773205,-606838,4162
1688993773209,-606838,4162
1688993773212,-606838,4162
1688993773216,-606838,4162
1688993773220,-606838,4162
1688993773223,-606838,4162
1688993773227,-606838,4162
1688993773230,-606838,4162
1688993773233,-606838,4162
1688993773236,-606838,4162
1688993773240,-606838,4162
1688993773243,-606838,4162
1688993773247,-606838,4162
1688993773250,-606838,4162
1688993773253,-606838,4162
1688993773256,-606838,4162
1688993773259,-606838,4162
1688993773263,-606838,4162
1688993773266,-606838,4162
1688993773270,-606838,4162
1688993773272,-606838,4162
1688993773276,-606838,4162
1688993773279,-606838,4162
1688993773283,-606838,4162
1688993773286,-606838,4162
1688993773289,-606838,4162
1688993773293,-606838,4162
1688993773296,-606838,4162
1688993773299,-606838,4162
1688993773303,-606838,4162
1688993773306,-606838,4162
1688993773309,-606838,4162
1688993773312,-606838,4162
1688993773316,-606838,4162
1688993773320,-606838,4162
1688993773323,-606838,4162
1688993773327,-606838,4162
1688993773330,-606838,4162
1688993773334,-606838,4162
1688993773337,-606838,4162
1688993773340,-606838,4162
1688993773343,-606838,4162
1688993773347,-606838,4162
1688993773350,-606838,4162
1688993773352,-606838,4162
1688993773356,-606838,4162
1688993773359,-606838,4162
1688993773362,-606838,4162
1688993773366,-606838,4162
1688993773369,-606838,4162
1688993773373,-606838,4162
1688993773377,-606838,4162
1688993773379,-606838,4162
1688993773382,-606838,4162
1688993773386,-606838,4162
1688993773389,-606838,4162
1688993773392,-606838,4162
1688993773396,-606838,4162
1688993773399,-606838,4162
1688993773402,-606838,4162
1688993773406,-606838,4162
1688993773409,-606838,4162
1688993773413,-606838,4162
1688993773416,-606838,4162
1688993773419,-606838,4162
1688993773422,-606838,4162
1688993773426,-606838,4162
1688993773429,-606838,4162
1688993773432,-606838,4162
1688993773436,-606838,4162
1688993773439,-606838,4162
1688993773444,-606838,4162
1688993773449,-606838,4162
1688993773452,-606838,4162
1688993773456,-606838,4162
1688993773459,-606838,4162
1688993773463,-606838,4162
1688993773466,-606838,4162
1688993773470,-606838,4162
1688993773474,-606838,4162
1688993773478,-606838,4162
1688993773481,-606838,4162
1688993773485,-606838,4162
1688993773488,-606838,4162
1688993773492,-606838,4162
1688993773495,-606838,4162
1688993773499,-606838,4162
1688993773502,-606838,4162
1688993773506,-606838,4162
1688993773510,-606838,4162
1688993773513,-606838,4162
1688993773516,-606838,4162
1688993773520,-606838,4162
1688993773524,-606838,4162
1688993773527,-606838,4162
1688993773531,-606838,4162
1688993773535,-606838,4162
1688993773538,-606838,4162
1688993773541,-606838,4162
1688993773544,-606838,4162
1688993773548,-606838,4162
1688993773551,-606838,4162
1688993773554,-606838,4162
1688993773558,-606838,4162
1688993773561,-606838,4162
1688993773564,-606838,4162
1688993773567,-606838,4162
1688993773570,-606838,4162
1688993773573,-606838,4162
1688993773576,-606838,4162
1688993773579,-606838,4162
1688993773582,-606838,4162
1688993773585,-606838,4162
1688993773589,-606838,4162
1688993773592,-606838,4162
1688993773595,-606838,4162
1688993773599,-606838,4162
1688993773602,-606838,4162
1688993773605,-606838,4162
1688993773609,-606838,4162
1688993773612,-606838,4162
1688993773615,-606838,4162
1688993773619,-606838,4162
1688993773622,-606838,4162
1688993773625,-606838,4162
1688993773629,-606838,4162
1688993773632,-606838,4162
1688993773635,-606838,4162
1688993773639,-606838,4162
1688993773642,-606838,4162
1688993773645,-606838,4162
1688993773649,-606838,4162
1688993773653,-606838,4162
1688993773656,-606838,4162
1688993773660,-606838,4162
1688993773664,-606838,4162
1688993773669,-606838,4162
1688993773673,-606838,4162
1688993773677,-606838,4162
1688993773680,-606838,4162
1688993773684,-606838,4162
1688993773687,-606838,4162
1688993773690,-606838,4162
1688993773693,-606838,4162
1688993773696,-606838,4162
1688993773699,-606838,4162
1688993773702,-606838,4162
1688993773705,-606838,4162
1688993773708,-606838,4162
1688993773715,-606838,4162
1688993773718,-606838,4162
1688993773721,-606838,4162
1688993773724,-606838,4162
1688993773729,-606838,4162
1688993773732,-606838,4162
1688993773736,-606838,4162
1688993773740,-606838,4162
1688993773743,-606838,4162
1688993773747,-606838,4162
1688993773750,-606838,4162
1688993773752,-606838,4162
1688993773755,-606838,4162
1688993773758,-606838,4162
1688993773761,-606838,4162
1688993773765,-606838,4162
1688993773768,-606838,4162
1688993773771,-606838,4162
1688993773775,-606838,4162
1688993773778,-606838,4162
1688993773782,-606838,4162
1688993773787,-606838,4162
1688993773790,-606838,4162
1688993773794,-606838,4162
1688993773798,-606838,4162
1688993773802,-606838,4162
1688993773805,-606838,4162
1688993773810,-606838,4162
1688993773814,-606838,4162
1688993773817,-606838,4162
1688993773821,-606838,4162
1688993773824,-606838,4162
1688993773828,-606838,4162
1688993773831,-606838,4162
1688993773835,-606838,4162
1688993773840,-606838,4162
1688993773844,-606838,4162
1688993773848,-606838,4162
1688993773852,-606838,4162
1688993773855,-606838,4162
1688993773860,-606838,4162
1688993773864,-606838,4162
1688993773867,-606838,4162
1688993773870,-606838,4162
1688993773873,-606838,4162
1688993773877,-606838,4162
1688993773880,-606838,4162
1688993773883,-606838,4162
1688993773887,-606838,4162
1688993773890,-606838,4162
1688993773893,-606838,4162
1688993773897,-606838,4162
1688993773900,-606838,4162
1688993773903,-606838,4162
1688993773906,-606838,4162
1688993773910,-606838,4162
1688993773913,-606838,4162
1688993773917,-606838,4162
1688993773920,-606838,4162
1688993773923,-606838,4162
1688993773926,-606838,4162
1688993773930,-606838,4162
1688993773933,-606838,4162
1688993773937,-606838,4162
1688993773940,-606838,4162
1688993773944,-606838,4162
1688993773947,-606838,4162
1688993773950,-606838,4162
1688993773953,-606838,4162
1688993773956,-606838,4162
1688993773959,-606838,4162
1688993773962,-606838,4162
1688993773966,-606838,4162
1688993773970,-606838,4162
1688993773972,-606838,4162
1688993773976,-606838,4162
1688993773979,-606838,4162
1688993773983,-606838,4162
1688993773986,-606838,4162
1688993773989,-606838,4162
1688993773992,-606838,4162
1688993773996,-606838,4162
1688993773999,-606838,4162
1688993774002,-606838,4162
1688993774006,-606838,4162
1688993774009,-606838,4162
1688993774012,-606838,4162
1688993774016,-606838,4162
1688993774020,-606838,4162
1688993774023,-606838,4162
1688993774027,-606838,4162
1688993774030,-606838,4162
1688993774033,-606838,4162
1688993774037,-606838,4162
1688993774040,-606838,4162
1688993774042,-606838,4162
1688993774046,-606838,4162
1688993774049,-606838,4162
1688993774052,-606838,4162
1688993774055,-606838,4162
1688993774059,-606838,4162
1688993774062,-606838,4162
1688993774066,-606838,4162
1688993774069,-606838,4162
1688993774072,-606838,4162
1688993774076,-606838,4162
1688993774079,-606838,4162
1688993774083,-606838,4162
1688993774086,-606838,4162
1688993774089,-606838,4162
1688993774092,-606838,4162
1688993774095,-606838,4162
1688993774099,-606838,4162
1688993774102,-606838,4162
1688993774106,-606838,4162
1688993774109,-606838,4162
1688993774113,-606838,4162
1688993774116,-606838,4162
1688993774119,-606838,4162
1688993774122,-606838,4162
1688993774126,-606838,4162
1688993774129,-606838,4162
1688993774133,-606838,4162
1688993774136,-606838,4162
1688993774140,-606838,4162
1688993774143,-606838,4162
1688993774147,-606838,4162
1688993774150,-606838,4162
1688993774153,-606838,4162
1688993774156,-606838,4162
1688993774159,-606838,4162
1688993774163,-606838,4162
1688993774166,-606838,4162
1688993774169,-606838,4162
1688993774173,-606838,4162
1688993774177,-606838,4162
1688993774180,-606838,4162
1688993774183,-606838,4162
1688993774186,-606838,4162
1688993774190,-606838,4162
1688993774193,-606838,4162
1688993774196,-606838,4162
1688993774199,-606838,4162
1688993774202,-606838,4162
1688993774205,-606838,4162
1688993774208,-606838,4162
1688993774212,-606838,4162
1688993774215,-606838,4162
1688993774218,-606838,4162
1688993774221,-606838,4162
1688993774224,-606838,4162
1688993774226,-606838,4162
1688993774229,-606838,4162
1688993774232,-606838,4162
1688993774235,-606838,4162
1688993774238,-606838,4162
1688993774241,-606838,4162
1688993774244,-606838,4162
1688993774247,-606838,4162
1688993774250,-606838,4162
1688993774252,-606838,4162
1688993774255,-606838,4162
1688993774257,-606838,4162
1688993774260,-606838,4162
1688993774262,-606838,4162
1688993774265,-606838,4162
1688993774268,-606838,4162
1688993774271,-606838,4162
1688993774274,-606838,4162
1688993774277,-606838,4162
1688993774280,-606838,4162
1688993774282,-606838,4162
1688993774285,-606838,4162
1688993774288,-606838,4162
1688993774291,-606838,4162
1688993774293,-606838,4162
1688993774295,-606838,4162
1688993774298,-606838,4162
1688993774302,-606838,4162
1688993774305,-606838,4162
1688993774308,-606838,4162
1688993774310,-606838,4162
1688993774313,-606838,4162
1688993774315,-606838,4162
1688993774318,-606838,4162
1688993774321,-606838,4162
1688993774324,-606838,4162
1688993774327,-606838,4162
1688993774329,-606838,4162
1688993774332,-606838,4162
1688993774335,-606838,4162
1688993774338,-606838,4162
1688993774341,-606838,4162
1688993774344,-606838,4162
1688993774348,-606838,4162
1688993774350,-606838,4162
1688993774353,-606838,4162
1688993774355,-606838,4162
1688993774358,-606838,4162
1688993774361,-606838,4162
1688993774364,-606838,4162
1688993774366,-606838,4162
1688993774368,-606838,4162
1688993774371,-606838,4162
1688993774374,-606838,4162
1688993774377,-606838,4162
1688993774379,-606838,4162
1688993774382,-606838,4162
1688993774385,-606838,4162
1688993774388,-606838,4162
1688993774392,-606838,4162
1688993774399,-606838,4162
1688993774402,-606838,4162
1688993774405,-606838,4162
1688993774408,-606838,4162
1688993774412,-606838,4162
1688993774415,-606838,4162
1688993774418,-606838,4162
1688993774422,-606838,4162
1688993774427,-606838,4162
1688993774430,-606838,4162
1688993774433,-606838,4162
1688993774436,-606838,4162
1688993774440,-606838,4162
1688993774442,-606838,4162
1688993774446,-606838,4162
1688993774449,-606838,4162
1688993774452,-606838,4162
1688993774456,-606838,4162
1688993774459,-606838,4162
1688993774462,-606838,4162
1688993774465,-606838,4162
1688993774468,-606838,4162
1688993774472,-606838,4162
1688993774475,-606838,4162
1688993774478,-606838,4162
1688993774481,-606838,4162
1688993774484,-606838,4162
1688993774488,-606838,4162
1688993774491,-606838,4162
1688993774495,-606838,4162
1688993774499,-606838,4162
1688993774502,-606838,4162
1688993774506,-606838,4162
1688993774509,-606838,4162
1688993774512,-606838,4162
1688993774514,-606838,4162
1688993774518,-606838,4162
1688993774521,-606838,4162
1688993774524,-606838,4162
1688993774528,-606838,4162
1688993774532,-606838,4162
1688993774536,-606838,4162
1688993774539,-606838,4162
1688993774542,-606838,4162
1688993774544,-606838,4162
1688993774547,-606838,4162
1688993774550,-606838,4162
1688993774552,-606838,4162
1688993774555,-606838,4162
1688993774558,-606838,4162
1688993774560,-606838,4162
1688993774563,-606838,4162
1688993774565,-606838,4162
1688993774568,-606838,4162
1688993774570,-606838,4162
1688993774573,-606838,4162
1688993774575,-606838,4162
1688993774578,-606838,4162
1688993774581,-606838,4162
1688993774583,-606838,4162
1688993774586,-606838,4162
1688993774591,-606838,4162
1688993774593,-606838,4162
1688993774596,-606838,4162
1688993774599,-606838,4162
1688993774601,-606838,4162
1688993774604,-606838,4162
1688993774607,-606838,4162
1688993774610,-606838,4162
1688993774612,-606838,4162
1688993774615,-606838,4162
1688993774618,-606838,4162
1688993774621,-606838,4162
1688993774624,-606838,4162
1688993774627,-606838,4162
1688993774631,-606838,4162
1688993774635,-606838,4162
1688993774639,-606838,4162
1688993774643,-606838,4162
1688993774646,-606838,4162
1688993774656,-606838,4162
1688993774660,-606838,4162
1688993774665,-606838,4162
1688993774668,-606838,4162
1688993774673,-606838,4162
1688993774676,-606838,4162
1688993774679,-606838,4162
1688993774683,-606838,4162
1688993774686,-606838,4162
1688993774690,-606838,4162
1688993774692,-606838,4162
1688993774695,-606838,4162
1688993774697,-606838,4162
1688993774700,-606838,4162
1688993774702,-606838,4162
1688993774705,-606838,4162
1688993774709,-606838,4162
1688993774711,-606838,4162
1688993774713,-606838,4162
1688993774715,-606838,4162
1688993774717,-606838,4162
1688993774719,-606838,4162
1688993774720,-606838,4162
1688993774722,-606838,4162
1688993774723,-606838,4162
1688993774724,-606838,4162
1688993774726,-606838,4162
1688993774727,-606838,4162
1688993774729,-606838,4162
1688993774731,-606838,4162
1688993774732,-606838,4162
1688993774734,-606838,4162
1688993774735,-606838,4162
1688993774737,-606838,4162
1688993774738,-606838,4162
1688993774740,-606838,4162
1688993774741,-606838,4162
1688993774743,-606838,4162
1688993774744,-606838,4162
1688993774746,-606838,4162
1688993774748,-606838,4162
1688993774750,-606838,4162
1688993774751,-606838,4162
1688993774752,-606838,4162
1688993774755,-606838,4162
1688993774760,-606838,4162
1688993774762,-606838,4162
1688993774766,-606838,4162
1688993774769,-606838,4162
1688993774771,-606838,4162
1688993774774,-606838,4162
1688993774776,-606838,4162
1688993774778,-606838,4162
1688993774782,-606838,4162
1688993774784,-606838,4162
1688993774786,-606838,4162
1688993774788,-606838,4162
1688993774790,-606838,4162
1688993774792,-606838,4162
1688993774794,-606838,4162
1688993774796,-606838,4162
1688993774799,-606838,4162
1688993774801,-606838,4162
1688993774804,-606838,4162
1688993774806,-606838,4162
1688993774808,-606838,4162
1688993774809,-606838,4162
1688993774811,-606838,4162
1688993774813,-606838,4162
1688993774814,-606838,4162
1688993774816,-606838,4162
1688993774818,-606838,4162
1688993774819,-606838,4162
1688993774821,-606838,4162
1688993774823,-606838,4162
1688993774824,-606838,4162
1688993774826,-606838,4162
1688993774827,-606838,4162
1688993774829,-606838,4162
1688993774831,-606838,4162
1688993774832,-606838,4162
1688993774834,-606838,4162
1688993774836,-606838,4162
1688993774837,-606838,4162
1688993774839,-606838,4162
1688993774841,-606838,4162
1688993774842,-606838,4162
1688993774844,-606838,4162
1688993774846,-606838,4162
1688993774848,-606838,4162
1688993774851,-606838,4162
1688993774853,-606838,4162
1688993774855,-606838,4162
1688993774858,-606838,4162
1688993774860,-606838,4162
1688993774862,-606838,4162
1688993774864,-606838,4162
1688993774866,-606838,4162
1688993774868,-606838,4162
1688993774871,-606838,4162
1688993774872,-606838,4162
1688993774875,-606838,4162
1688993774877,-606838,4162
1688993774879,-606838,4162
1688993774882,-606838,4162
1688993774884,-606838,4162
1688993774886,-606838,4162
1688993774888,-606838,4162
1688993774889,-606838,4162
1688993774891,-606838,4162
1688993774892,-606838,4162
1688993774894,-606838,4162
1688993774895,-606838,4162
1688993774897,-606838,4162
1688993774898,-606838,4162
1688993774900,-606838,4162
1688993774901,-606838,4162
1688993774903,-606838,4162
1688993774905,-606838,4162
